-1	-2	-3	-3	-2	-1	-2	-3	-2	1	2	-2	6	0	-3	-2	-1	-2	-1	1	0	0	0	0	0	0	0	0	0	0	0	0	88	0	0	0	0	0	0	12	0.49	0.05
0	-1	0	0	-3	1	3	4	-1	-4	-3	0	-2	-3	-2	0	-1	-3	-3	-3	0	0	0	0	0	9	35	56	0	0	0	0	0	0	0	0	0	0	0	0	0.60	0.03
-2	-2	1	6	-3	-1	1	-2	-2	-2	-3	-1	-3	-3	-2	-1	-1	-4	-3	-1	0	0	0	91	0	0	0	0	0	0	0	0	0	0	0	0	0	0	0	9	0.87	0.04
-1	-1	0	4	-3	1	4	-2	-1	-3	-3	0	-2	-3	-1	1	-1	-3	-2	-3	0	0	0	27	0	0	64	0	0	0	0	0	0	0	0	9	0	0	0	0	0.65	0.03
-1	1	0	0	-3	6	2	-2	0	-3	-3	1	-1	-4	-2	0	-1	-2	-2	-3	0	0	0	0	0	93	7	0	0	0	0	0	0	0	0	0	0	0	0	0	0.83	0.07
1	-1	-1	1	-3	1	5	-2	-1	-3	-3	0	-2	-3	-1	0	-1	-3	-2	-2	14	0	0	0	0	0	86	0	0	0	0	0	0	0	0	0	0	0	0	0	0.69	0.05
-2	-2	2	6	-4	0	2	-2	-1	-4	-4	-1	-3	-4	-2	0	-1	-4	-3	-3	0	0	7	83	0	0	10	0	0	0	0	0	0	0	0	0	0	0	0	0	0.92	0.05
1	-2	0	3	-2	-1	0	4	-2	-3	-3	-1	-3	-3	-2	1	-1	-3	-3	-2	17	0	0	30	0	0	0	46	0	0	0	0	0	0	0	7	0	0	0	0	0.52	0.03
-2	-3	-3	-3	-2	-3	-3	0	-2	1	1	-3	0	5	-3	-2	-2	0	3	0	0	0	0	0	0	0	0	10	0	12	7	0	0	58	0	0	0	0	7	6	0.42	0.03
1	-2	-2	-2	-2	-1	-2	-2	-2	-2	-1	-1	0	-3	7	-1	-1	-3	-3	-2	14	0	0	0	0	0	0	0	0	0	8	0	7	0	71	0	0	0	0	0	1.30	0.05
-1	4	1	-1	-3	0	1	3	-1	-3	-3	1	-2	-3	-2	-1	-1	-3	-2	-3	0	44	6	0	0	0	15	30	0	0	1	0	0	0	0	0	0	0	0	0	0.41	0.03
-1	4	0	-1	-3	4	1	-2	3	-3	-1	1	-1	-3	-2	-1	-1	-3	-1	-2	0	43	0	0	0	37	0	0	15	0	5	0	0	0	0	0	0	0	0	0	0.50	0.04
-2	-2	-4	-4	-2	-2	-3	-4	-3	1	4	-3	2	1	-3	-3	-2	-2	-1	1	0	0	0	0	0	0	0	0	0	0	94	0	0	6	0	0	0	0	0	0	0.53	0.04
1	0	0	1	-2	0	0	2	-1	-3	-3	0	-2	-3	-1	3	1	-3	-2	-2	0	6	0	7	0	0	0	17	0	0	0	0	0	0	0	64	6	0	0	0	0.37	0.03
-1	0	0	2	-4	2	5	-2	0	-4	-3	0	-2	-4	-1	0	-1	-3	-2	-3	0	0	0	6	0	0	94	0	0	0	0	0	0	0	0	0	0	0	0	0	0.84	0.06
1	-1	0	-1	-1	0	0	-1	-1	-3	-3	-1	-2	-3	-1	5	1	-3	-2	-2	0	0	0	0	0	0	0	0	0	0	0	0	0	0	0	100	0	0	0	0	0.59	0.06
2	-1	-1	-1	-1	-1	0	-1	-2	-1	0	-1	0	-2	-1	2	3	-3	-2	0	31	0	0	0	0	0	6	0	0	0	6	0	4	0	0	12	39	0	0	0	0.25	0.03
-1	0	-1	1	-4	2	6	-2	0	-4	-3	1	-2	-4	-1	0	-1	-3	-2	-3	0	0	0	0	0	0	100	0	0	0	0	0	0	0	0	0	0	0	0	0	0.89	0.06
-2	-2	1	6	-4	-1	1	-2	-1	-4	-4	-1	-3	-4	-2	-1	-1	-5	-3	-4	0	0	0	100	0	0	0	0	0	0	0	0	0	0	0	0	0	0	0	0	1.11	0.06
-2	-2	-4	-4	-2	-2	-3	-4	-3	1	4	-3	2	2	-3	-3	-2	-2	-1	1	0	0	0	0	0	0	0	0	0	0	92	0	0	8	0	0	0	0	0	0	0.52	0.04
1	-1	1	0	-1	0	0	-1	-1	-3	-3	0	-2	-3	-1	5	1	-3	-2	-2	0	0	6	0	0	0	0	0	0	0	0	0	0	0	0	94	0	0	0	0	0.56	0.06
-2	-2	-4	-4	-2	-2	-3	-4	-3	1	4	-3	2	0	-3	-3	-1	-2	-1	1	0	0	0	0	0	0	0	0	0	0	100	0	0	0	0	0	0	0	0	0	0.57	0.05
-2	-2	1	6	-4	-1	1	-2	-1	-4	-4	-1	-3	-4	-2	-1	-1	-5	-3	-4	0	0	0	100	0	0	0	0	0	0	0	0	0	0	0	0	0	0	0	0	1.11	0.06
-2	-2	-4	-4	-2	-2	-3	-4	-3	1	4	-3	3	0	-3	-3	-1	5	-1	0	0	0	0	0	0	0	0	0	0	0	75	0	15	0	0	0	0	10	0	0	0.50	0.04
0	-2	-1	-1	-3	-1	1	5	-2	-4	-4	-1	-3	-3	-2	0	-2	-3	-3	-3	0	0	0	0	0	0	20	80	0	0	0	0	0	0	0	0	0	0	0	0	0.85	0.04
5	-2	-2	-2	-1	-1	-1	0	-2	-2	-2	-1	-1	-3	-1	1	0	-3	-2	0	100	0	0	0	0	0	0	0	0	0	0	0	0	0	0	0	0	0	0	0	0.54	0.05
-2	-2	-4	-4	-2	-2	-3	-4	-3	1	4	-3	2	0	-3	-3	-1	-2	-1	1	0	0	0	0	0	0	0	0	0	0	100	0	0	0	0	0	0	0	0	0	0.57	0.05
-1	1	0	0	-3	6	2	-2	0	-3	-3	1	-1	-4	-2	0	-1	-2	-2	-3	0	0	0	0	0	93	7	0	0	0	0	0	0	0	0	0	0	0	0	0	0.82	0.07
0	-3	-1	-2	-3	-2	-2	6	-2	-4	-4	-2	-3	-4	-2	-1	-2	-3	-3	-4	0	0	0	0	0	0	0	100	0	0	0	0	0	0	0	0	0	0	0	0	1.18	0.05
1	-1	0	-1	-1	0	0	-1	-1	-3	-3	-1	-2	-3	-1	5	1	-3	-2	-2	0	0	0	0	0	0	0	0	0	0	0	0	0	0	0	100	0	0	0	0	0.59	0.06
-1	-1	-1	1	-4	2	5	-3	-1	-3	-3	0	-2	-3	-2	-1	-1	-3	-2	-1	0	0	0	0	0	0	94	0	0	0	0	0	0	0	0	0	0	0	0	6	0.77	0.06
-2	-2	-3	-4	-3	-2	-2	-4	1	-2	-1	-2	-1	3	-3	-2	-2	2	8	-2	0	0	0	0	0	0	0	0	0	0	0	0	0	0	0	0	0	0	100	0	1.15	0.08
-2	-2	-4	-4	-2	-2	-3	-4	-3	1	4	-3	2	0	-3	-3	-1	-2	-1	1	0	0	0	0	0	0	0	0	0	0	100	0	0	0	0	0	0	0	0	0	0.57	0.05
-1	2	0	-1	-3	6	1	-2	0	-3	-3	2	-1	-4	-2	0	-1	-2	-2	-3	0	15	0	0	0	79	0	0	0	0	0	7	0	0	0	0	0	0	0	0	0.70	0.06
-2	-2	1	6	-4	-1	1	-2	-1	-4	-4	-1	-3	-4	-2	-1	-1	-5	-3	-4	0	0	0	100	0	0	0	0	0	0	0	0	0	0	0	0	0	0	0	0	1.11	0.06
-2	-3	-4	-4	-2	-3	-3	-4	-3	1	5	-3	2	0	-3	-3	-2	-2	-1	0	0	0	0	0	0	0	0	0	0	0	100	0	0	0	0	0	0	0	0	0	0.64	0.08
0	-3	-1	-2	-3	-2	-3	6	-3	-4	-4	-2	-3	-4	-3	-1	-2	-3	-4	-4	0	0	0	0	0	0	0	100	0	0	0	0	0	0	0	0	0	0	0	0	1.26	0.09
-2	-3	-3	-3	-2	-2	-3	-4	-3	1	4	-2	1	1	3	-2	-1	-2	-1	0	0	0	0	0	0	0	0	0	0	4	71	0	0	5	20	0	0	0	0	0	0.48	0.05
0	-1	-1	0	-3	2	2	4	-1	-4	-3	0	-2	-3	-2	0	-1	-3	-3	-3	6	0	0	0	0	20	23	52	0	0	0	0	0	0	0	0	0	0	0	0	0.56	0.05
4	-2	2	-1	-1	-1	-1	1	-1	-2	-2	-1	-1	-3	-1	1	0	-3	-2	0	70	0	20	0	0	0	0	6	0	0	0	0	0	0	0	0	0	0	0	4	0.37	0.06
-1	-2	-2	-2	-3	-2	-1	-2	-2	-2	-1	-1	-2	-1	7	1	-1	-3	-2	-2	0	0	0	0	0	0	0	0	0	0	10	0	0	5	66	20	0	0	0	0	1.20	0.07
1	0	0	-1	-2	0	0	-1	-1	-3	-3	2	-2	-3	1	4	1	-3	-2	-2	13	0	0	0	0	0	0	0	0	0	0	20	0	0	6	62	0	0	0	0	0.40	0.06
-2	-1	0	1	-4	0	0	-2	8	-4	-3	-1	-2	-2	2	-1	-2	-3	1	-4	0	0	0	11	0	0	0	0	77	0	0	0	0	0	12	0	0	0	0	0	0.99	0.10
0	1	0	-1	-2	0	-1	1	3	-3	-3	0	-2	-3	-1	3	2	-3	-1	-2	0	8	0	0	0	0	0	11	12	0	0	0	0	0	0	50	20	0	0	0	0.33	0.05
-1	0	-1	-1	-3	5	1	-3	-1	-1	1	0	0	-2	2	-1	-1	-2	-2	-2	0	0	0	0	0	58	5	0	0	0	25	0	0	0	12	0	0	0	0	0	0.44	0.07
0	-2	-2	-2	-2	-1	-1	-2	-2	-3	-2	-1	-2	-3	7	2	-1	-4	-3	-2	6	0	0	0	0	0	0	0	0	0	5	0	0	0	66	22	0	0	0	0	1.26	0.08
0	0	-1	0	-3	0	2	4	-1	-3	-3	-1	-2	-3	-2	0	1	-3	-3	-2	0	5	0	0	0	0	28	47	0	0	0	0	0	0	0	0	20	0	0	0	0.47	0.05
0	-1	-1	0	-3	1	4	2	-1	-2	-2	0	-2	-3	-2	0	-1	-3	-2	0	8	0	0	0	0	0	54	26	0	0	0	0	0	0	0	0	0	0	0	12	0.40	0.05
3	-2	-1	-2	-1	-1	-1	-1	-2	0	-2	-1	-1	-2	2	1	2	-3	-2	0	50	0	0	0	0	0	0	0	0	6	0	0	0	0	11	5	28	0	0	0	0.34	0.05
0	2	-1	-1	-2	1	0	-2	-1	-2	-2	1	0	-3	3	2	0	-3	-2	-1	0	23	0	0	0	5	0	0	0	0	0	5	6	0	19	37	0	0	0	6	0.35	0.04
-1	-2	1	4	-3	-1	1	2	-1	-3	-4	-1	-3	-4	3	0	-1	-4	-3	-3	0	0	4	45	0	0	8	16	0	0	0	0	0	0	20	6	0	0	0	0	0.61	0.05
0	0	2	-1	-2	-1	-1	-1	-1	-3	-3	-1	-2	-3	4	4	0	-4	-2	-2	0	4	9	0	0	0	0	0	0	0	0	0	0	0	22	64	0	0	0	0	0.59	0.08
0	3	0	1	-2	0	1	1	1	-1	-2	0	-1	-3	-2	1	0	-3	-2	0	5	25	0	7	0	0	10	12	4	0	0	0	0	0	0	19	0	0	0	17	0.15	0.03
0	-2	-2	-2	-2	-1	-2	-2	-1	-2	-1	-1	-1	-1	5	0	2	-1	3	-1	10	0	0	0	0	0	0	0	0	0	8	0	0	0	40	5	20	0	17	0	0.64	0.06
-1	-2	-2	-2	-3	1	-1	-3	1	-3	-2	-1	-2	-3	7	-1	0	-4	-3	-2	0	0	0	0	0	12	0	0	5	0	5	0	0	0	71	0	7	0	0	0	1.37	0.10
0	1	-1	0	-2	-1	-1	0	-2	-1	0	1	-1	-2	-2	2	0	-3	-2	0	0	10	0	4	0	0	0	7	0	0	17	10	0	0	0	39	0	0	0	12	0.12	0.04
0	1	0	2	-3	1	4	-2	-1	-3	-3	1	-2	-3	-1	1	0	-3	-2	-2	5	5	0	12	0	5	41	0	0	0	0	10	0	0	0	17	5	0	0	0	0.41	0.05
0	-1	-1	1	-3	1	5	-1	3	-3	-3	0	-2	-3	-2	0	-1	-3	-2	-3	8	0	0	0	0	0	72	4	12	0	0	0	0	0	0	0	0	0	0	0	0.62	0.08
2	-2	-2	-2	-1	-1	-1	-1	-2	-1	-1	-1	-1	-2	5	0	0	-2	-2	0	36	1	1	1	0	1	1	1	0	1	6	1	0	1	37	1	5	0	1	6	0.56	0.05
-1	1	2	0	-3	0	2	3	-1	-3	-1	0	-2	-3	-2	-1	-1	-3	-2	-2	0	13	16	0	0	0	26	34	0	0	11	0	0	0	0	0	0	0	0	0	0.33	0.05
0	3	-1	1	-2	0	-1	2	-1	-1	-2	1	-1	-3	-2	0	-1	-3	-2	0	11	34	0	10	0	0	0	19	0	0	0	4	0	0	0	7	0	0	0	16	0.21	0.05
-1	-1	0	4	-4	2	3	0	-1	-3	-1	0	-2	-3	-2	-1	-1	-3	-3	-3	0	0	0	41	0	11	32	7	0	0	10	0	0	0	0	0	0	0	0	0	0.50	0.07
0	-2	0	1	-2	-1	-1	2	-2	-2	-1	-1	-1	-2	-2	3	1	-3	-2	-2	0	0	0	10	0	0	0	16	0	0	11	0	0	0	0	56	8	0	0	0	0.31	0.07
-1	-2	-1	-2	-2	-1	-2	-2	-2	-1	1	-1	1	1	4	1	2	-2	-1	0	0	0	0	0	0	0	0	0	0	0	16	0	9	9	26	19	18	0	0	3	0.36	0.06
1	-3	-3	-3	3	-3	-3	-2	1	-1	0	-3	-1	5	-3	-1	-2	-1	1	-1	24	0	0	0	11	0	0	0	4	0	6	0	0	55	0	0	0	0	0	0	0.46	0.09
0	-1	0	-1	-2	-1	-1	-1	5	-3	-3	-1	-2	-3	2	4	1	-3	-1	-2	0	0	0	0	0	0	0	0	24	0	0	0	0	0	8	60	8	0	0	0	0.51	0.10
1	-1	1	-1	1	-1	-1	-1	-1	-1	-2	-1	-1	-3	-1	3	3	-3	-2	0	9	0	9	0	4	0	0	0	0	0	0	0	0	0	0	46	23	0	0	9	0.32	0.07
0	-2	-1	0	1	-1	1	-2	-2	0	2	-1	2	-1	2	1	0	-3	-2	-1	3	0	0	4	4	0	15	0	0	0	32	0	9	0	10	23	0	0	0	0	0.16	0.05
4	1	-2	-2	-1	-1	0	-1	-2	-1	-2	-1	-1	-3	-2	0	-1	-3	-2	1	75	9	0	0	0	0	4	0	0	0	0	0	0	0	0	0	0	0	0	12	0.39	0.10
-1	1	-1	1	-3	2	1	4	-1	-3	-3	0	-2	-3	-2	-1	-2	-3	-3	-2	0	11	0	9	0	18	7	50	0	0	0	0	0	0	0	0	0	0	0	4	0.49	0.07
2	-1	0	-1	-2	2	1	-1	-1	-3	-2	0	-2	-2	2	2	0	-2	1	-2	20	0	4	0	0	15	9	0	0	0	0	0	0	0	10	33	0	0	9	0	0.29	0.06
-1	0	-1	-1	-3	5	1	-2	-1	-2	-1	1	1	-3	1	1	-1	-3	-2	-2	0	0	0	0	0	52	0	0	0	0	4	9	8	0	8	19	0	0	0	0	0.44	0.10
1	-2	0	2	-2	1	0	2	-1	-1	-2	-1	-1	2	-2	1	0	-2	-1	-1	17	0	0	18	0	9	0	17	0	4	0	0	0	15	0	12	8	0	0	0	0.16	0.04
-1	1	-2	-3	-2	0	-2	-3	-2	0	3	-1	3	-1	0	0	0	-2	-2	0	0	9	0	0	0	4	0	0	0	0	52	0	15	0	3	9	8	0	0	0	0.23	0.06
1	-2	1	-1	-2	-1	-1	0	-2	-1	-1	-1	-1	-3	4	2	0	-3	-2	0	7	0	9	0	0	0	0	4	0	0	4	0	0	0	25	38	0	0	0	13	0.40	0.07
-2	5	-1	-2	3	2	0	-3	-1	-3	-3	1	-2	-3	3	-1	-1	-3	-2	-3	0	61	0	0	9	12	0	0	0	0	0	4	0	0	15	0	0	0	0	0	0.67	0.10
-1	5	-1	-2	-3	1	-1	-2	-1	-2	-1	1	-1	-3	-2	1	0	-3	-2	-2	0	69	0	0	0	3	0	0	0	0	9	0	0	0	0	15	4	0	0	0	0.59	0.10
-1	5	-1	-2	2	0	-1	-2	2	-2	-1	1	-1	-3	-2	1	-1	-3	-2	-2	0	62	0	0	6	0	0	0	8	0	9	0	0	0	0	15	0	0	0	0	0.49	0.10
0	-1	0	-1	-2	-1	-1	-1	-1	-3	-3	1	-2	1	-2	5	1	-3	-1	-2	0	0	0	0	0	0	0	0	0	0	0	9	0	9	0	82	0	0	0	0	0.51	0.12
-3	-4	-4	-5	6	-3	-4	-3	-3	-3	-2	-4	-2	0	-4	-3	-3	11	1	-3	0	0	0	0	24	0	0	0	0	0	0	0	0	0	0	0	0	76	0	0	2.35	0.20
2	-1	-1	2	-3	1	5	-2	-1	-3	-3	0	-2	-3	-2	0	-1	-3	-3	-2	30	0	0	9	0	0	61	0	0	0	0	0	0	0	0	0	0	0	0	0	0.57	0.10
-1	5	0	-2	-3	0	-1	0	2	-3	-3	1	-2	-3	-2	2	-1	-3	-2	-3	0	59	0	0	0	0	0	9	9	0	0	0	0	0	0	23	0	0	0	0	0.54	0.10
1	-1	2	-1	-2	-1	-1	-1	-1	-3	-3	-1	-2	-3	2	4	0	-3	-2	-2	13	0	15	0	0	0	0	0	0	0	0	0	0	0	13	60	0	0	0	0	0.49	0.09
-2	5	-1	1	-3	0	-1	-3	-1	-1	1	1	-1	-2	-2	-1	-1	-3	-2	-2	1	59	0	9	0	0	1	1	0	0	24	1	0	0	0	1	1	0	0	1	0.42	0.08
0	-1	2	1	-2	-1	0	-1	-1	-3	-3	-1	-2	-3	-2	4	2	-3	-2	-2	0	0	15	9	0	0	0	0	0	0	0	0	0	0	0	67	9	0	0	0	0.50	0.10
-1	-3	-3	-3	8	-3	-3	-3	-3	-1	1	-3	-1	-2	1	0	-1	-3	-3	-1	0	0	0	0	59	0	0	0	0	0	24	0	0	0	8	9	0	0	0	0	0.87	0.12
0	-2	0	-1	-2	-1	-1	1	-2	-2	-3	-1	-2	-3	0	4	1	-3	-2	0	0	0	0	0	0	0	0	9	0	0	0	0	0	0	4	79	0	0	0	8	0.49	0.11
-1	-1	0	3	-3	1	4	-1	-1	-3	-3	1	-2	2	-2	0	-1	-2	-1	-3	0	0	0	18	0	0	45	4	0	0	0	9	0	15	0	9	0	0	0	0	0.39	0.07
0	-1	1	0	3	1	-1	2	-1	-3	-3	-1	-2	-3	-2	3	0	-3	-2	-2	0	0	7	4	8	9	0	19	0	0	0	0	0	0	0	52	0	0	0	0	0.38	0.08
0	-1	-3	-3	3	-2	-2	-2	-2	-3	-2	0	-2	0	-3	-2	-2	10	1	-2	10	3	0	0	9	0	1	1	0	0	1	9	0	0	0	1	1	62	0	1	1.49	0.14
-1	4	0	-1	-3	4	1	-2	4	-3	-2	1	-1	-3	-2	0	-1	-2	-1	-3	1	41	0	0	0	29	4	1	15	0	1	1	0	0	0	4	1	0	0	1	0.51	0.08
-1	5	-1	-2	-3	0	-1	1	-1	-4	-3	2	-2	-3	-2	0	-1	-3	-2	-3	0	67	0	0	0	0	0	15	0	0	0	9	0	0	0	9	0	0	0	0	0.65	0.10
-2	-3	-4	-4	-2	-3	-3	-4	-3	1	4	-3	1	4	-4	-3	-2	-1	1	0	0	0	0	0	0	0	0	0	0	0	63	0	0	37	0	0	0	0	0	0	0.58	0.10
0	-1	0	0	-2	0	3	-1	-1	-3	-3	0	-2	-3	-1	4	1	-3	-2	-2	0	0	0	0	0	0	24	0	0	0	0	0	0	0	0	76	0	0	0	0	0.58	0.12
-1	-1	-2	-3	1	-1	-2	-3	-2	1	3	1	1	2	-2	-2	-1	-1	0	0	4	0	0	0	4	0	1	1	0	3	55	15	0	12	0	1	1	0	0	1	0.20	0.05
-1	-1	0	5	-3	0	3	-2	-1	-3	-3	-1	-3	-3	-1	0	-1	-3	-3	-3	5	0	0	62	0	0	22	1	0	0	1	1	0	0	0	4	1	0	0	1	0.71	0.08
3	-1	-1	-1	-1	2	0	-1	-1	-2	-1	-1	-1	-2	1	1	0	-2	-2	-1	55	0	0	0	0	15	1	1	0	0	5	1	0	0	5	10	4	0	0	1	0.29	0.06
0	-1	0	-1	-2	-1	-1	1	-2	-3	-2	-1	-2	-3	0	5	1	-3	-2	-2	0	0	0	0	0	0	0	8	0	0	4	0	0	0	4	83	0	0	0	0	0.54	0.12
3	-1	-1	-1	-2	-1	1	-1	3	-2	-2	-1	-2	-3	3	1	1	-3	-1	-1	42	0	0	0	0	0	9	0	15	0	0	0	0	0	18	8	8	0	0	0	0.38	0.07
-1	-2	-2	0	-2	-2	-2	-3	-3	1	1	-2	4	-1	2	-2	-1	-3	-2	3	0	0	0	8	0	0	0	0	0	0	15	0	25	0	13	0	0	0	0	39	0.29	0.07
1	-1	2	4	-3	0	1	-1	2	-3	-3	1	-2	-3	-2	1	-1	-4	-2	-2	17	0	10	38	0	0	4	0	9	0	0	15	0	0	0	6	0	0	0	0	0.39	0.06
-1	0	-1	1	-4	1	4	1	-1	-4	-3	2	-2	-4	-2	-1	-1	-3	-3	-3	0	0	0	4	0	0	60	13	0	0	0	23	0	0	0	0	0	0	0	0	0.59	0.09
1	2	-1	-1	-3	2	0	4	-1	-3	-3	0	-2	-3	-2	0	-1	-3	-3	-3	9	15	0	0	0	17	5	49	0	0	0	0	0	0	0	4	0	0	0	0	0.50	0.07
0	-2	-1	-1	-3	-1	2	-2	-2	-3	-3	-1	-3	-4	6	1	-1	-4	-3	-2	8	0	0	0	0	0	17	0	0	0	0	0	0	0	56	19	0	0	0	0	1.07	0.10
-1	-2	1	1	7	-1	0	-1	-2	-2	-2	-2	-2	-1	-2	1	-1	-3	-2	-2	0	0	9	8	48	0	9	4	0	0	0	0	0	3	0	19	0	0	0	0	0.60	0.10
-1	-2	-2	-3	-1	-2	-2	0	-2	1	4	-2	1	0	-2	-2	-1	-2	-1	1	1	1	1	1	0	1	1	10	0	1	69	1	0	1	1	1	1	0	0	9	0.29	0.06
-1	-2	-2	-1	-3	-1	2	-2	-2	-3	-3	-1	-2	-3	7	0	-1	-3	-2	-2	1	1	1	1	0	1	18	1	0	1	1	1	0	1	64	5	1	0	0	1	1.23	0.09
-1	5	-1	-1	-3	2	0	-2	-1	-3	-2	2	-1	-3	-2	-1	-1	-2	-2	-2	1	68	1	1	0	10	1	1	0	1	1	9	0	1	1	1	1	0	0	1	0.65	0.08
1	-2	0	-1	-1	-1	-1	2	-2	-2	-2	-1	-2	-3	-2	2	4	-3	-2	-1	10	0	0	0	0	0	0	18	0	0	0	0	0	0	0	24	49	0	0	0	0.42	0.08
-1	-2	-3	-3	-2	-2	-3	-3	-3	1	4	-2	1	0	-3	0	0	-2	-2	0	0	0	0	0	0	0	0	0	0	0	82	0	0	0	0	8	9	0	0	0	0.46	0.09
3	1	-1	2	-2	0	1	-1	-2	-2	-2	0	-2	-3	2	0	1	-3	-2	-1	50	8	0	15	0	0	9	0	0	0	0	0	0	0	9	0	9	0	0	0	0.30	0.06
2	-2	0	-1	3	-1	-1	1	-2	-2	-3	-1	-2	-3	-1	4	1	-3	-2	-2	15	0	0	0	9	0	0	9	0	0	0	0	0	0	0	61	6	0	0	0	0.42	0.09
-1	-2	-3	-4	-2	-2	-3	-4	-3	1	4	-3	1	1	-3	-1	-1	-2	-1	1	0	0	0	0	0	0	0	0	0	0	79	0	0	4	0	9	0	0	0	8	0.45	0.09
4	-2	-1	2	-1	-1	-1	-1	-2	-2	-2	-1	-2	-2	-1	1	1	4	-2	-1	60	0	0	15	0	0	0	0	0	0	0	0	0	0	0	8	7	9	0	0	0.39	0.08
1	-3	-4	-4	-2	-2	-3	-3	-3	1	4	-3	1	0	-3	-2	-1	-2	-2	0	15	0	0	0	0	0	0	0	0	0	85	0	0	0	0	0	0	0	0	0	0.50	0.10
-2	1	5	3	-3	1	1	-1	0	-4	-4	0	-2	-4	-2	0	-1	-4	-3	-3	0	9	59	15	0	8	9	0	0	0	0	0	0	0	0	0	0	0	0	0	0.64	0.10
-1	-2	-2	-3	-2	0	-2	-3	-3	1	4	-2	1	0	-3	0	-1	-2	-2	1	0	0	0	0	0	7	0	0	0	0	69	0	0	0	0	15	0	0	0	9	0.32	0.08
-1	-2	-2	-1	-3	-1	1	-2	-2	-3	-3	-1	-3	-4	7	1	-1	-4	-3	-3	0	0	0	0	0	0	15	0	0	0	0	0	0	0	65	21	0	0	0	0	1.30	0.12
1	0	-1	-2	-3	-2	-2	5	-2	-4	-4	-1	-3	-3	-3	-1	-2	4	-2	-3	9	8	0	0	0	0	0	73	0	0	0	0	0	0	0	0	0	9	0	0	0.87	0.10
1	-1	0	0	-3	1	4	2	-1	-3	-3	0	-2	-3	-2	0	-1	-3	-3	-2	18	0	4	0	0	0	60	18	0	0	0	0	0	0	0	0	0	0	0	0	0.51	0.09
0	-2	-1	0	-3	-1	1	5	-2	-4	-4	-1	-3	-4	-2	0	-2	-3	-3	-3	0	0	0	3	0	0	17	73	0	0	0	0	0	0	0	6	0	0	0	0	0.83	0.10
-1	-2	-2	-3	-2	0	-2	-3	3	1	3	-2	1	-1	-3	-2	0	-2	-1	1	0	0	0	0	0	8	0	0	15	0	59	0	0	0	0	0	9	0	0	9	0.28	0.07
-1	1	0	0	-3	3	2	1	-1	-3	-3	3	-2	-3	-2	1	-1	-3	-2	-3	0	0	0	0	0	29	17	9	0	0	0	30	0	0	0	15	0	0	0	0	0.42	0.07
3	-1	-1	-1	-1	1	1	-1	-1	-1	-2	-1	-1	-3	-1	1	2	-3	-2	-1	47	0	0	0	0	9	15	0	0	4	0	0	0	0	0	4	21	0	0	0	0.28	0.07
-3	-3	1	-3	-3	-2	-3	-3	-3	-4	-3	-3	-2	0	3	-3	-3	11	1	-4	0	0	9	0	0	0	0	0	0	0	0	0	0	0	15	0	0	76	0	0	2.15	0.19
0	-1	0	-1	-1	-1	-1	-2	-2	-1	-1	-1	-1	-2	-1	2	4	-3	-2	0	1	0	0	0	0	0	1	1	0	0	1	1	0	0	0	24	59	0	0	10	0.41	0.08
-1	0	0	-1	-3	4	1	1	4	-3	-3	2	-1	-3	-1	0	-1	-2	-1	-2	1	0	0	0	0	40	1	10	15	0	1	19	0	0	0	9	1	0	0	1	0.38	0.07
0	-1	-1	-1	-2	0	2	4	-1	1	-1	-1	-1	-2	-2	-1	-1	-2	-2	0	1	1	1	1	0	1	23	43	0	16	2	1	0	1	1	1	1	0	1	5	0.29	0.05
0	-2	-1	-1	8	-2	-2	1	-2	-2	-2	-2	-2	-2	-2	1	-1	-2	-2	-1	1	1	1	4	57	1	1	10	0	1	2	1	0	1	1	15	1	0	1	1	0.74	0.09
-1	-2	-2	-2	-2	-1	0	-3	-1	0	3	-2	1	0	0	-2	-1	-1	2	0	1	1	1	1	0	1	10	1	0	1	56	1	0	1	5	1	1	0	15	1	0.21	0.05
0	1	0	-1	-2	-1	-1	-1	-1	-2	-2	0	-2	-3	4	3	2	-3	-2	-2	1	10	0	0	0	0	1	1	0	0	1	1	0	0	23	45	15	0	0	1	0.47	0.07
0	-1	-1	0	-3	-2	-2	5	-2	-3	-4	-2	-3	-4	3	-1	-2	-3	-3	-2	0	3	0	4	0	0	0	73	0	0	0	0	0	0	15	0	0	0	0	4	0.86	0.10
0	-2	0	2	-3	-1	0	5	-2	-4	-4	-1	-3	-4	-2	0	-1	-3	-3	-3	3	0	0	12	0	0	9	67	0	0	0	0	0	0	0	8	0	0	0	0	0.73	0.08
0	3	0	0	-2	0	0	3	-1	-3	-3	0	-2	-3	-2	2	0	-3	-3	-3	0	27	0	4	0	0	4	33	0	0	0	0	0	0	0	32	0	0	0	0	0.42	0.07
-1	-1	-1	-2	-2	2	-1	0	-2	0	-1	-1	1	-2	-2	1	4	-3	-2	-1	0	0	0	0	0	15	0	9	0	8	0	0	8	0	0	8	52	0	0	0	0.30	0.08
0	-2	-1	-2	-2	-1	-1	-2	-2	-2	-2	-1	0	-3	6	2	0	-4	-3	0	4	0	0	0	0	0	0	0	0	0	0	0	4	0	50	33	0	0	0	8	0.90	0.10
3	-2	-1	-1	-1	-1	0	-1	-2	0	-2	-1	-1	-2	-1	3	0	-3	-2	-1	55	0	0	0	0	0	4	0	0	8	0	0	0	0	0	33	0	0	0	0	0.36	0.08
-1	0	0	2	-3	1	4	-2	-1	-1	-2	2	-2	-3	0	1	-1	-3	-2	-2	0	0	0	13	0	0	44	0	0	9	0	15	0	0	4	15	0	0	0	0	0.38	0.07
-1	2	0	-1	3	1	0	-2	6	-3	-2	0	-2	-2	0	0	-1	-2	0	-2	1	15	1	1	9	7	1	1	48	1	1	1	0	1	5	6	1	0	0	1	0.49	0.08
-1	-2	-1	-1	-2	-1	1	-2	-2	-2	-2	-1	-2	-3	6	1	1	-3	-2	-1	1	0	0	0	0	0	10	1	0	0	1	1	0	0	48	16	15	0	0	5	0.81	0.07
0	-1	-1	1	4	-2	-2	4	-2	-3	-3	-1	-3	-3	-2	1	-1	-3	-3	-3	0	4	0	9	13	0	0	54	0	0	0	0	0	0	0	20	0	0	0	0	0.58	0.08
-1	1	-1	-1	-3	0	0	-2	-2	0	-2	4	-1	-3	2	0	1	-3	-2	-1	0	0	0	0	0	0	0	0	0	15	0	59	0	0	9	8	9	0	0	0	0.35	0.08
-1	-1	0	2	-3	1	4	-1	-1	-3	-3	0	-2	-3	3	1	-1	-3	-2	-3	1	0	0	9	0	0	55	4	0	0	1	1	0	0	15	10	1	0	0	1	0.55	0.07
0	0	-1	-2	6	-1	-2	1	-1	-2	-2	-1	-2	-1	-2	2	-1	-2	1	-2	1	9	0	0	36	0	1	15	0	0	1	1	0	0	0	25	1	0	9	1	0.41	0.07
0	-2	0	4	-2	-1	1	3	-1	-3	-3	-1	-2	-3	-2	1	-1	-3	-3	-3	5	0	0	35	0	0	4	31	0	0	1	1	0	0	0	18	1	0	0	1	0.44	0.06
0	-1	0	2	-2	-1	0	1	-1	-3	-3	-1	-2	-3	2	3	0	-3	-2	-2	1	0	0	15	0	0	1	11	0	0	1	1	0	0	10	58	1	0	0	1	0.40	0.07
-1	-2	1	1	3	-1	1	-2	-1	-2	0	-1	-1	-2	5	0	0	-3	-2	-2	1	0	9	9	9	0	15	1	0	0	12	1	0	0	32	4	4	0	0	1	0.46	0.05
-1	-1	-1	0	-3	0	3	2	-1	-2	0	0	-1	-2	-2	0	-1	-3	-2	-2	1	0	0	0	0	0	45	18	0	0	16	6	0	0	0	10	1	0	0	1	0.27	0.06
-1	1	0	2	-3	1	1	-2	-1	-3	-3	4	-2	-3	2	-1	-1	-3	-2	-3	1	0	0	15	0	0	7	1	0	0	1	61	0	0	10	1	1	0	0	1	0.48	0.08
-1	5	-1	-2	-3	0	0	-2	-1	-3	-2	2	-2	-3	-2	1	0	-3	-2	-2	1	70	0	0	0	0	1	1	0	0	1	4	0	0	0	15	4	0	0	1	0.63	0.09
1	-1	-2	-3	-1	-2	-2	0	-2	1	2	-2	1	2	-2	-1	-1	-1	0	1	14	4	0	0	0	0	1	11	0	0	27	1	3	15	0	1	1	0	0	20	0.10	0.03
-1	5	1	-1	-3	1	2	-2	-1	-3	-2	2	-2	-3	-2	-1	-1	-3	-2	-3	1	59	10	0	0	0	15	1	0	0	1	10	0	0	0	1	1	0	0	1	0.56	0.08
0	-1	0	-1	-1	-1	-1	-1	-1	-2	-2	-1	-2	-3	-1	4	2	-3	-2	-2	1	0	0	0	0	0	1	1	0	0	1	1	0	0	0	77	15	0	0	1	0.53	0.10
-1	4	2	-1	-3	2	0	-2	-1	-2	-1	3	-1	-2	-2	-1	-1	-3	-2	-2	1	32	15	0	0	10	1	1	0	0	10	26	0	0	0	1	1	0	0	1	0.34	0.05
0	-1	0	-1	-1	-1	-1	-1	-1	-2	-2	-1	-2	-1	-1	4	2	-2	1	-2	1	0	0	0	0	0	1	1	0	0	1	1	0	0	0	68	15	0	9	1	0.42	0.09
0	-2	-2	-2	-1	-1	1	-2	-2	2	0	-1	0	-1	-2	0	0	-3	-2	4	5	0	0	0	0	0	15	1	0	4	1	1	0	0	0	10	1	0	0	61	0.22	0.07
-1	-2	-2	-2	-3	-2	-2	-2	-2	-2	-1	-2	-2	-3	7	-1	-1	-3	-3	-2	1	0	0	0	0	0	1	1	0	0	10	1	0	0	82	1	1	0	0	1	1.68	0.13
0	-2	-1	-2	-1	-1	-2	-1	-2	1	1	-2	0	2	-2	2	0	-2	0	2	1	0	0	0	0	0	1	4	0	0	13	1	0	15	0	27	4	0	0	32	0.12	0.05
2	-1	2	-1	-1	-1	-1	1	-1	-2	-2	-1	-2	-2	-1	3	1	-3	-2	-1	27	0	15	0	0	0	1	10	0	0	1	1	0	0	0	35	7	0	0	1	0.29	0.05
-1	-3	-2	-3	6	-2	-3	-3	-2	1	0	-2	0	3	-3	-1	0	-1	0	0	1	0	0	0	34	0	1	1	0	15	7	1	0	24	0	4	10	0	0	1	0.40	0.07
-1	-1	2	3	0	0	2	-1	1	-2	-2	0	-2	-1	-1	1	0	-1	2	-2	2	1	10	25	3	1	14	2	4	1	2	1	0	1	1	16	1	0	12	1	0.22	0.03
-1	2	0	0	-3	1	4	-2	-1	-3	-3	2	-2	-3	-1	1	-1	-3	-2	-2	1	15	0	0	0	0	59	1	0	0	1	10	0	0	0	10	1	0	0	1	0.52	0.08
1	-2	-2	-3	3	-2	-2	-2	-3	3	0	-2	0	-1	-2	-1	0	-3	-2	2	15	0	0	0	9	0	1	1	0	44	1	1	0	0	0	1	5	0	0	20	0.24	0.05
1	0	0	-1	3	0	1	0	-1	-2	-2	0	-2	-3	-1	3	0	-3	-2	-2	14	6	0	0	9	0	15	5	0	0	1	1	0	0	0	45	1	0	0	1	0.28	0.06
1	-1	0	-1	3	-1	-1	-1	-1	-2	-2	-1	-2	-1	-1	4	1	-3	-2	-2	7	0	0	0	9	0	1	1	0	0	1	1	0	4	0	73	1	0	0	1	0.44	0.09
-1	-2	-3	-3	-2	-2	-2	-3	-3	0	3	-2	2	-1	4	-2	-1	-2	-2	0	1	0	0	0	0	0	1	1	0	0	59	1	4	0	29	1	1	0	0	1	0.55	0.07
-1	-1	0	2	-3	0	3	-1	-1	-2	-1	0	-2	-3	4	-1	-1	-3	-2	-2	1	0	4	9	0	0	40	4	0	0	10	4	0	0	24	1	1	0	0	1	0.46	0.06
0	-2	-2	-3	-1	-2	-2	-3	-2	3	3	-2	1	1	-2	-1	-1	-2	-1	1	10	0	0	0	0	0	1	1	0	34	39	1	0	4	0	7	1	0	0	1	0.22	0.05
1	1	0	-1	-2	-1	-1	-1	-1	-2	-2	0	-2	-1	2	3	1	-3	-2	-2	12	9	0	0	0	0	0	0	0	0	0	0	0	3	12	55	9	0	0	0	0.39	0.08
0	1	-1	-1	3	0	-1	1	2	-3	-3	0	-2	-3	4	2	0	-3	-2	-2	1	10	0	0	9	4	1	10	9	0	1	0	0	0	28	24	1	0	0	1	0.44	0.05
1	-2	2	0	-2	-1	-1	3	-1	-1	0	-1	-1	1	-2	1	-1	-2	-1	-1	17	0	15	5	0	0	1	26	0	0	10	0	0	10	0	10	1	0	0	4	0.16	0.03
-1	-2	-3	-3	-2	-2	-3	-3	-3	1	4	-2	2	2	-3	0	0	-2	-1	0	0	0	0	0	0	0	0	0	0	0	65	0	9	8	0	8	9	0	0	0	0.35	0.07
0	-1	1	1	-3	2	3	1	-1	-3	-3	0	-2	-3	2	1	-1	-3	-2	-2	9	0	8	8	0	15	29	13	0	0	0	0	0	0	9	9	0	0	0	0	0.35	0.05
0	-1	-1	-2	-1	-1	-1	-2	-2	1	-1	-1	0	-2	-2	1	2	-3	-2	3	0	4	0	0	0	0	4	0	0	0	0	0	0	0	0	18	23	0	0	51	0.24	0.08
1	-1	-1	0	1	0	1	-2	-2	-2	-3	1	-2	-3	5	1	-1	-3	-3	-1	18	0	0	4	4	0	9	0	0	0	0	15	0	0	35	13	0	0	0	3	0.56	0.06
1	-2	-1	-1	-2	-1	1	-2	-2	0	1	-1	0	-2	1	1	2	-3	-2	0	12	0	0	0	0	0	15	0	0	3	26	0	0	0	7	13	23	0	0	0	0.16	0.04
1	-2	-1	-1	-2	-1	-1	1	1	-3	-3	-1	-2	-3	6	2	0	-4	-2	-2	13	0	0	0	0	0	0	9	6	0	0	0	0	0	44	27	0	0	0	0	0.81	0.09
2	-2	-2	-2	-2	-2	-2	-2	-2	0	1	-2	1	-2	4	0	-1	-3	-2	0	38	0	0	0	0	0	0	0	0	0	15	0	9	0	30	0	0	0	0	8	0.47	0.07
2	-2	-3	-3	-1	-2	-2	-2	-3	1	2	-2	2	-1	0	-1	-1	-3	-2	3	24	0	0	0	0	0	0	0	0	0	24	0	8	0	3	0	0	0	0	41	0.24	0.06
-1	1	0	-1	-3	5	2	-2	0	-3	-3	2	-1	-4	2	1	-1	-3	-2	-3	0	4	0	0	0	51	12	0	0	0	0	9	0	0	9	15	0	0	0	0	0.54	0.09
0	-3	-1	-2	-3	-2	-3	6	-3	-4	-4	-2	-3	-4	-3	-1	-2	-3	-4	-4	0	0	0	0	0	0	0	100	0	0	0	0	0	0	0	0	0	0	0	0	1.35	0.14
-1	-2	-3	-3	-1	-2	-3	-3	-3	2	4	-3	1	0	-3	-2	-1	-2	-1	2	1	0	0	0	0	0	0	0	0	9	62	0	0	0	0	0	0	0	0	24	0.40	0.06
-1	2	-1	2	-3	1	5	-2	-1	-3	-3	1	-2	-3	-2	-1	-1	-3	-2	-3	4	15	0	7	0	0	65	0	0	0	1	5	0	0	0	0	0	0	0	0	0.60	0.09
-1	-2	-2	-2	-3	-2	-1	-2	-2	-3	-3	-1	-3	-4	7	2	-1	-4	-3	-3	0	0	0	0	0	0	0	0	0	0	0	0	0	0	75	25	0	0	0	0	1.59	0.14
-2	2	-2	-2	-4	0	-1	-3	-2	-3	-3	-1	-3	-4	7	-1	-2	-4	-3	-3	0	15	0	0	0	4	0	0	0	0	0	0	0	0	81	0	0	0	0	0	1.73	0.14
2	-2	-2	-1	-1	-1	1	-2	-2	1	-1	-1	-1	-2	-2	1	0	-3	-2	3	24	0	0	0	0	0	17	0	0	0	0	0	0	0	0	15	0	0	0	44	0.20	0.07
-2	-3	-4	-4	-2	-3	-3	-4	-2	1	4	-3	1	1	-3	-3	-2	4	3	0	0	0	0	0	0	0	0	0	0	0	79	0	0	0	0	0	0	6	15	0	0.56	0.10
-1	-1	-1	1	-3	1	5	-2	-1	-3	-3	0	-2	-3	-1	1	-1	-3	-2	-3	1	0	0	0	0	0	79	0	0	0	1	0	0	0	0	15	0	0	0	0	0.73	0.11
-1	-3	-3	-4	9	-3	-3	-3	0	-1	-1	-3	3	-2	-3	0	-1	-3	-2	-1	0	0	0	0	70	0	0	0	3	0	0	0	17	0	0	9	0	0	0	0	1.15	0.15
-1	-2	-2	-3	-1	-1	-2	-3	-2	2	2	-2	5	1	-2	-2	-1	-1	-1	1	1	1	1	1	0	1	1	1	0	10	27	1	37	7	1	1	1	0	0	8	0.28	0.06
-1	-1	-1	1	-3	1	5	-2	-1	-3	-3	0	-2	-3	1	-1	-1	-3	-2	-2	1	1	1	1	0	1	80	1	0	1	1	1	0	1	7	1	1	0	0	1	0.71	0.10
-1	1	0	-1	-3	1	0	-1	-1	-2	-2	5	-1	-3	-1	0	-1	-2	-2	-2	2	1	1	1	0	4	1	2	0	1	2	77	0	1	1	2	1	0	1	1	0.50	0.08
-2	-2	1	6	-3	-1	1	-1	-1	-3	-3	-1	-2	-3	-1	-1	-1	-3	-2	-3	2	1	1	80	0	1	1	2	0	1	2	1	0	1	1	2	1	0	1	1	0.83	0.09
-2	-1	0	-1	-3	0	-1	-2	8	-3	-2	-1	-2	-1	-2	-1	-2	-2	1	-3	2	1	1	1	0	1	1	2	79	1	2	1	0	1	1	2	1	0	1	1	0.99	0.12
0	-3	-3	-3	-1	-2	-3	-3	-3	2	1	-2	0	-1	-3	1	0	-3	-2	4	0	0	0	0	0	0	0	0	0	0	6	0	0	0	0	15	0	0	0	79	0.41	0.10
1	-1	-1	0	-3	1	4	0	-1	-3	-3	0	-2	-3	-2	2	-1	-3	-2	-2	9	0	0	0	0	0	61	6	0	0	0	0	0	0	0	23	0	0	0	0	0.54	0.10
-2	-3	-3	-2	-4	-2	-2	-3	-3	-4	-4	-2	-3	-4	8	-2	-2	-5	-4	-3	0	0	0	0	0	0	0	0	0	0	0	0	0	0	100	0	0	0	0	0	2.35	0.18
-2	-1	1	5	-4	0	2	-2	-1	-4	-4	1	-3	-4	-2	0	-1	-4	-3	-3	0	0	3	64	0	0	12	0	0	0	0	15	0	0	0	6	0	0	0	0	0.74	0.10
-2	2	0	-2	-3	0	-1	-3	8	1	-2	-1	-2	-2	-3	-2	-2	-3	1	-2	0	14	0	0	0	0	0	0	71	15	0	0	0	0	0	0	0	0	0	0	0.89	0.14
0	-3	-2	-3	-1	-2	-2	-3	0	2	0	-2	0	-2	-2	1	0	-3	-2	4	6	0	0	0	0	0	0	0	3	0	0	0	0	0	0	15	0	0	0	76	0.36	0.10
0	-2	-3	-4	-2	-2	-3	-3	-3	1	4	-3	1	0	-3	-2	-1	-2	-1	0	11	0	0	0	0	0	0	0	0	0	86	0	0	0	0	0	0	0	0	0	0.49	0.09
-1	-3	-2	-3	-2	-3	-3	2	-3	4	0	-3	1	-1	-3	-2	-1	-3	-2	1	0	0	0	0	0	0	0	26	0	66	0	0	4	0	0	0	0	0	0	0	0.36	0.09
-1	-1	-2	-3	-1	-1	-2	-3	-3	2	1	1	0	-1	-2	-2	-1	-3	-2	4	1	0	0	0	0	0	0	0	0	0	10	18	0	0	0	0	0	0	0	67	0.25	0.06
-1	0	-1	-1	-2	5	1	-2	0	-2	-2	0	-1	-3	-2	0	2	-2	-2	0	1	0	0	0	0	67	0	0	0	0	1	0	0	0	0	0	18	0	0	9	0.50	0.09
-1	3	0	-1	-3	5	2	-2	0	-3	-2	1	-1	-3	-2	-1	-1	-2	-2	-3	1	18	0	0	0	67	9	0	0	0	1	0	0	0	0	0	0	0	0	0	0.66	0.09
-1	-3	-3	-3	-1	-2	-3	-3	-3	2	2	-2	1	-1	-2	-2	-1	-3	-1	4	1	0	0	0	0	0	0	0	0	0	18	0	0	0	0	0	0	0	0	76	0.40	0.07
-1	-2	-3	-3	-1	-2	-3	-3	-3	1	4	-2	1	0	-3	-2	-1	-2	-1	2	1	0	0	0	0	0	0	0	0	0	76	0	0	0	0	0	0	0	0	18	0.43	0.06
-1	3	0	-1	-3	5	2	0	1	-3	-2	1	-1	-3	-2	-1	-1	-2	-2	-3	1	18	0	0	0	56	8	9	4	0	1	0	0	0	0	0	0	0	0	0	0.50	0.07
-1	-1	-1	1	-4	1	6	-2	-1	-3	-3	0	-2	-3	-1	-1	-1	-3	-2	-3	1	0	0	0	0	0	94	0	0	0	1	0	0	0	0	0	0	0	0	0	0.88	0.10
-1	-2	-3	-3	-1	-2	-2	-3	-2	1	4	-2	2	0	-2	-2	-1	-2	-1	0	1	1	1	1	0	1	1	1	0	1	86	1	0	1	1	1	1	0	0	1	0.43	0.06
-1	4	0	-1	-2	1	0	-1	0	-2	-2	2	-1	-2	-1	0	-1	-2	-1	-2	3	51	1	2	1	1	2	2	1	2	3	19	1	1	2	2	2	0	1	2	0.38	0.03
-1	0	0	-1	-2	5	1	1	1	-2	-2	1	-1	-2	-1	0	-1	-2	-1	-2	2	1	1	1	0	64	2	11	4	1	2	1	1	1	1	2	1	0	1	2	0.45	0.06
-2	-2	-2	-2	-2	-1	-2	-2	1	-1	-1	-2	-1	3	-2	-1	-1	1	7	-1	2	1	1	1	0	1	2	2	1	1	2	1	1	10	1	2	1	0	68	2	0.67	0.07
-1	0	0	-1	-2	2	0	-2	7	-2	-2	-1	-1	-1	-2	-1	-1	-2	1	-2	2	1	1	1	0	10	2	2	67	1	2	1	1	1	1	2	1	0	1	2	0.70	0.07
0	1	0	-1	-2	-1	-1	5	-1	-3	-2	-1	-2	-2	-1	0	-1	-2	-2	-2	2	10	1	1	0	1	2	69	1	1	2	1	1	1	1	2	1	0	1	2	0.61	0.05
4	-1	-1	-2	-1	-1	-1	0	-2	-1	-1	-1	-1	-2	1	1	0	-2	-2	1	66	1	1	1	0	1	1	1	0	1	2	1	0	1	6	1	5	0	1	10	0.29	0.05
-1	5	-1	-1	-3	1	1	-2	-1	-3	-2	2	-1	-2	1	-1	-1	-2	-2	-2	1	61	1	1	0	1	9	1	0	1	2	10	0	1	6	1	1	0	1	1	0.51	0.05
-1	0	0	0	-3	5	2	0	0	-3	-2	1	-1	-3	-1	0	-1	-2	-2	-2	1	1	1	1	0	69	10	6	0	1	2	1	0	1	1	1	1	0	1	1	0.56	0.07
-1	5	-1	-1	-3	0	0	-2	-1	-2	-2	1	-1	-2	-2	0	-1	4	-1	-2	1	66	1	1	0	1	1	1	0	1	2	1	0	1	1	10	1	9	1	1	0.54	0.06
4	-1	-2	-2	-1	-1	-1	0	-2	-1	-1	-1	-1	-2	-1	1	0	-2	-2	1	75	1	1	1	0	1	1	1	0	1	2	1	0	1	1	1	1	0	1	10	0.34	0.06
-1	3	-1	-2	6	-1	-1	-2	3	-1	0	0	-1	-2	-2	-1	-1	-2	-1	-1	1	28	1	1	31	1	1	1	16	1	11	1	0	1	1	1	1	0	1	1	0.36	0.05
-1	-1	-2	-2	-1	-1	-1	-2	-2	1	2	-1	3	0	-2	-1	0	-1	-1	1	2	1	1	1	0	1	1	2	0	1	40	5	21	1	1	2	8	0	1	11	0.15	0.02
2	-1	0	-1	-1	1	0	-1	-1	-2	-2	0	-1	-1	-1	3	2	-2	1	-1	18	0	0	0	0	9	0	0	0	0	0	0	0	0	0	40	23	0	11	0	0.27	0.03
1	-2	-2	-1	-1	-1	1	-2	-2	1	-1	-1	0	-2	3	0	1	-3	-2	2	16	0	0	0	0	0	16	0	0	4	0	0	0	0	14	0	12	0	0	38	0.21	0.02
0	-2	0	-1	5	-1	-2	2	-2	-2	-1	-1	-1	-2	-2	2	0	-3	-2	-1	0	0	4	0	27	0	0	16	0	0	11	0	0	0	0	43	0	0	0	0	0.34	0.04
0	-2	-1	-1	-2	-1	-1	-2	-2	-3	-3	-1	-2	-3	6	3	0	-4	-3	-2	0	0	0	0	0	0	0	0	0	0	0	0	0	0	58	42	0	0	0	0	1.13	0.05
0	0	0	1	-2	1	0	4	-1	-3	-3	-1	-2	-3	-2	2	0	-3	-2	-2	4	4	0	9	0	11	0	39	0	0	0	0	0	0	0	29	0	0	0	4	0.37	0.03
1	-2	0	-1	-2	-1	0	4	-2	-2	-3	-1	-2	-3	-2	2	0	-3	-2	-1	5	0	0	0	0	0	10	46	0	0	0	0	0	0	0	32	0	0	0	6	0.43	0.03
2	-1	-1	0	-1	0	2	0	-1	-2	-2	0	-2	-3	2	2	0	-3	-2	-1	37	0	0	0	0	0	23	4	0	0	0	0	0	0	10	27	0	0	0	0	0.33	0.03
-1	-1	-1	-2	-3	2	-1	0	5	1	-1	-1	-1	-2	1	-1	-1	-3	0	-1	4	0	0	0	0	16	0	11	38	23	0	0	0	0	8	0	0	0	0	0	0.27	0.04
2	0	0	-1	-2	4	1	-1	-1	-3	-2	0	-1	-3	-1	3	0	-3	-2	-2	22	0	0	0	0	39	0	0	0	0	0	0	0	0	0	40	0	0	0	0	0.38	0.04
-1	-1	4	1	-3	0	2	-1	0	-3	-3	0	-2	-3	2	1	0	-4	-2	-3	0	0	49	0	0	0	23	0	0	0	0	0	0	0	11	18	0	0	0	0	0.50	0.04
-2	-2	-3	-2	-2	-1	2	-4	-2	1	4	-2	1	0	-3	-2	-1	-2	-1	0	0	0	0	0	0	0	23	0	0	0	77	0	0	0	0	0	0	0	0	0	0.34	0.04
-1	-1	0	-1	-2	0	2	-2	-2	-2	-2	-1	-1	-3	2	1	4	-3	-2	-1	0	0	0	0	0	0	23	0	0	0	0	0	0	0	11	0	67	0	0	0	0.45	0.05
-3	-3	-4	-5	-3	-3	-3	-3	-3	-3	-2	-4	-2	0	-4	-3	-3	11	2	-3	0	0	0	0	0	0	0	0	0	0	0	0	0	0	0	0	0	100	0	0	2.76	0.11
-2	-3	-2	2	-3	-2	-1	-3	-2	-1	-1	-2	-1	6	2	-2	-2	0	2	-2	0	0	0	23	0	0	0	0	0	0	0	0	0	67	11	0	0	0	0	0	0.53	0.05
-1	0	0	1	-3	1	5	-2	-1	-3	-3	2	-2	-3	-1	1	-1	-3	-2	-3	0	0	0	0	0	0	67	0	0	0	0	23	0	0	0	11	0	0	0	0	0.59	0.05
0	-3	-3	-4	-2	-3	-3	-3	-1	-1	0	-3	-1	6	-3	-2	-2	1	4	-1	11	0	0	0	0	0	0	0	0	0	0	0	0	67	0	0	0	0	23	0	0.68	0.05
-2	-3	-4	-4	-2	-3	-3	-4	-3	2	4	-3	2	2	-3	-3	-1	-2	0	1	0	0	0	0	0	0	0	0	0	23	67	0	0	11	0	0	0	0	0	0	0.42	0.03
1	-1	0	-1	-1	-1	-1	-1	-2	1	-1	-1	-1	-2	-1	4	1	-3	-2	0	0	0	0	0	0	0	0	0	0	23	0	0	0	0	0	77	0	0	0	0	0.33	0.05
-1	-1	1	1	-3	1	4	-2	-1	-3	-3	0	-2	-3	4	1	-1	-3	-2	-3	0	0	9	0	0	0	57	0	0	0	0	0	0	0	23	11	0	0	0	0	0.64	0.04
2	-1	0	-1	-1	0	1	-1	-1	-2	-2	0	-2	-3	-1	3	1	-3	-2	-1	29	0	0	0	0	0	9	0	0	0	0	0	0	0	0	56	5	0	0	0	0.37	0.04
-1	0	2	1	-4	1	4	-2	0	-3	-3	2	-2	-3	-1	0	-1	-3	-2	-3	0	0	13	0	0	0	64	0	0	0	0	23	0	0	0	0	0	0	0	0	0.56	0.03
-1	-1	1	5	-3	0	2	-1	-1	-3	-3	-1	-3	-3	-1	2	0	-4	-3	-3	0	0	0	64	0	0	13	0	0	0	0	0	0	0	0	23	0	0	0	0	0.66	0.03
0	-1	1	2	-3	0	2	4	-1	-3	-3	-1	-3	-3	-2	1	-1	-3	-3	-3	0	0	6	13	0	0	23	44	0	0	0	0	0	0	0	14	0	0	0	0	0.47	0.02
3	-1	-1	-1	-1	-1	-1	0	-1	-1	-1	-1	0	-2	-1	3	1	-3	-2	0	48	0	0	0	0	0	0	0	0	0	1	0	4	0	0	39	0	0	0	4	0.28	0.02
0	-1	0	0	3	0	2	3	-1	-3	-3	-1	-2	-3	0	1	-1	-3	-2	-2	1	0	0	0	11	0	23	37	0	0	1	0	0	0	5	19	0	0	0	0	0.34	0.02
-1	2	0	-1	-3	1	1	-2	-1	-3	-2	5	-1	-3	-1	0	-1	-3	-2	-2	1	0	0	0	0	0	0	1	0	0	1	93	0	0	0	1	0	0	0	0	0.55	0.04
-1	-1	3	-1	-2	-1	-1	-1	0	0	-1	-1	0	0	-2	1	1	-1	3	-1	1	0	31	0	0	0	0	1	0	12	1	0	7	0	0	13	9	0	23	0	0.17	0.02
-1	0	0	2	-2	1	4	-2	0	-2	-2	0	-1	-2	-1	0	-1	-2	-2	-1	2	1	1	14	0	1	59	2	0	1	2	1	1	1	1	2	1	0	1	9	0.38	0.02
-1	3	0	-1	-2	1	0	-1	-1	-2	-2	3	-1	-2	-1	0	-1	-2	-1	-2	2	24	1	1	0	1	1	2	0	1	2	49	1	1	1	2	1	0	1	1	0.28	0.02
1	-1	0	-1	-1	0	0	-1	-1	-1	-1	0	-1	-2	1	2	2	-2	-1	-1	15	1	1	1	0	1	1	2	0	5	2	1	1	1	5	37	14	0	1	1	0.15	0.01
-1	-1	0	4	-2	0	2	0	-1	-1	-2	0	-2	-2	-1	0	-1	-2	-2	-2	2	1	1	41	0	1	24	6	0	5	2	1	1	1	1	2	1	0	1	1	0.30	0.01
-1	4	0	-1	-2	1	0	-1	-1	-2	-2	4	-1	-2	-1	0	-1	-2	-1	-2	2	33	1	1	0	1	1	2	0	1	2	47	1	1	1	2	1	0	1	1	0.38	0.02
1	-1	0	-1	-1	-1	-1	3	-1	-2	-2	-1	-2	-2	-1	3	0	-2	-2	-2	2	1	1	1	0	1	1	35	0	1	2	1	1	1	1	45	1	0	1	1	0.34	0.02
0	-1	0	-1	-1	-1	-1	-1	-1	-1	-1	-1	-1	-2	-1	1	4	-2	-1	0	2	1	1	1	0	1	1	2	0	1	2	1	1	1	1	2	79	0	1	1	0.37	0.03
-1	4	0	-1	-3	1	0	-1	-1	-3	-3	4	-2	-3	-2	0	-1	-3	-2	-3	0	40	0	0	0	0	0	4	0	0	0	49	0	0	0	7	0	0	0	0	0.50	0.03
0	-3	-3	-3	-1	-2	-3	-3	-3	2	1	-2	0	-1	-2	-2	0	-3	-1	4	7	0	0	0	0	0	0	0	0	0	0	0	0	0	0	0	0	0	0	93	0.39	0.04
0	1	0	-1	-2	1	0	-2	-1	-2	-2	4	1	-3	-1	1	0	-3	-2	-2	0	0	0	0	0	0	0	0	0	0	0	64	13	0	0	23	0	0	0	0	0.33	0.03
-2	6	-1	-2	2	1	0	-3	2	-3	-2	2	-2	-3	-2	-1	-1	-3	-2	-3	0	87	0	0	7	0	0	0	6	0	0	0	0	0	0	0	0	0	0	0	0.71	0.04
-1	4	0	-1	-2	0	0	-2	-1	-2	-2	1	-1	-3	-2	1	2	-3	-2	-2	0	58	0	0	0	0	0	0	0	0	0	0	0	0	0	20	23	0	0	0	0.45	0.03
-2	-3	-4	-4	-2	-3	-3	-4	-3	1	4	-3	2	3	-3	-3	-2	-1	0	0	0	0	0	0	0	0	0	0	0	0	77	0	0	23	0	0	0	0	0	0	0.45	0.03
1	-1	0	0	-1	0	0	-1	-1	-3	-3	0	-2	-3	-1	5	1	-3	-2	-2	0	0	0	0	0	0	0	0	0	0	0	0	0	0	0	100	0	0	0	0	0.55	0.05
0	-2	0	-1	4	-1	-1	-1	-1	-2	-2	-1	-1	3	-2	3	0	-2	0	-1	0	0	0	0	16	0	0	0	0	0	0	0	0	23	0	61	0	0	0	0	0.31	0.03
-2	-2	-4	-4	-1	-2	-3	-4	-3	1	4	-3	2	0	-3	-3	-1	-2	-1	1	0	0	0	0	0	0	0	0	0	0	100	0	0	0	0	0	0	0	0	0	0.54	0.04
-2	5	-1	-2	-3	1	-1	-3	-1	-2	-1	1	3	-2	-2	-1	-1	-3	-2	-2	0	77	0	0	0	0	0	0	0	0	0	0	23	0	0	0	0	0	0	0	0.58	0.04
0	-1	4	0	1	0	0	-1	-1	-3	-3	0	-2	-3	-1	3	1	-3	-2	-2	0	0	33	0	4	0	0	0	0	0	0	0	0	0	0	63	0	0	0	0	0.44	0.04
-2	6	-1	-2	-4	1	0	-3	0	-3	-2	2	-2	-3	-2	-1	-1	-3	-2	-3	0	100	0	0	0	0	0	0	0	0	0	0	0	0	0	0	0	0	0	0	0.89	0.05
-1	-2	-3	-3	-1	-2	-3	-3	-3	2	1	-2	3	-1	-3	-2	0	-3	-1	4	0	0	0	0	0	0	0	0	0	0	0	0	23	0	0	0	0	0	0	77	0.36	0.04
0	-1	0	-1	-1	-1	-1	-2	-2	-1	-1	-1	-1	-2	-1	1	5	-3	-2	0	0	0	0	0	0	0	0	0	0	0	0	0	0	0	0	0	100	0	0	0	0.60	0.05
0	5	0	-1	-3	0	0	0	-1	-3	-3	1	-2	-3	-2	2	0	-3	-2	-2	0	64	0	0	0	0	0	6	0	0	0	0	0	0	0	29	0	0	0	0	0.49	0.03
-1	0	-1	-1	-3	5	1	-2	2	-3	-3	0	-1	-3	4	-1	-1	3	-1	-3	0	0	0	0	0	64	0	0	7	0	0	0	0	0	23	0	0	7	0	0	0.66	0.04
-1	3	0	-1	-3	1	0	-2	-1	-3	-3	5	-2	-3	-1	-1	-1	-3	-2	-3	0	23	0	0	0	0	0	0	0	0	0	77	0	0	0	0	0	0	0	0	0.59	0.04
-1	-1	3	4	-4	1	4	-2	0	-3	-3	0	-2	-3	-2	0	-1	-4	-2	-3	0	0	23	26	0	0	51	0	0	0	0	0	0	0	0	0	0	0	0	0	0.61	0.03
-1	2	0	-1	-3	1	1	-2	-1	-3	-3	5	-2	-3	-1	0	-1	-3	-2	-3	0	0	0	0	0	0	0	0	0	0	0	100	0	0	0	0	0	0	0	0	0.63	0.05
0	-2	-1	-2	-2	-2	-2	5	-2	-1	-2	-2	-2	-3	-2	1	-1	-3	-3	0	0	0	0	0	0	0	0	65	0	0	0	0	0	0	0	18	0	0	0	17	0.57	0.04
-1	3	0	-1	-3	1	0	-2	-1	-3	-3	5	-2	-3	-1	-1	-1	-3	-2	-3	0	13	0	0	0	0	0	0	0	0	0	87	0	0	0	0	0	0	0	0	0.63	0.06
0	-1	2	0	1	0	1	-1	-1	-2	-2	0	-2	-3	-1	3	2	-3	-2	-2	0	0	17	0	4	0	13	0	0	0	0	0	0	0	0	44	22	0	0	0	0.34	0.03
0	-1	-1	-1	-2	-1	-1	-2	-2	-1	-1	0	1	-2	6	-1	-1	-2	-2	-1	8	1	1	1	0	1	1	1	0	1	2	10	14	1	54	1	1	0	1	1	0.84	0.03
2	-1	-1	-1	-1	-1	0	-1	-2	0	0	-1	0	-1	-1	0	0	-2	-1	1	41	1	1	1	0	1	10	1	0	1	6	1	4	1	1	1	5	0	1	22	0.12	0.02
-1	0	2	0	-2	3	0	-1	5	-2	-2	0	-1	-2	2	0	-1	-2	0	-2	1	1	14	1	0	27	1	1	34	1	2	1	0	1	10	1	1	0	1	1	0.39	0.03
0	-1	-2	-2	-1	0	-1	-2	-2	1	3	-1	1	0	-2	0	-1	-2	-1	0	6	1	1	1	0	5	1	1	0	1	66	1	0	1	1	10	1	0	1	1	0.19	0.02
-1	1	-1	-1	-2	1	0	-1	-1	-2	-2	4	-1	-2	-1	0	-1	5	-1	-2	2	1	1	1	0	1	2	2	1	1	2	63	1	1	1	2	1	14	1	2	0.39	0.03
-1	-1	1	4	-2	0	2	-1	-1	-2	-2	0	-2	-2	-1	1	0	-2	-2	-2	2	1	1	50	0	1	14	2	1	1	2	1	1	1	1	15	1	0	1	2	0.42	0.02
-1	3	0	-1	-3	1	0	-2	-1	-3	-3	5	-2	-3	-1	-1	-1	-3	-2	-3	0	13	0	0	0	0	0	0	0	0	0	87	0	0	0	0	0	0	0	0	0.63	0.06
1	-2	-1	0	-2	-1	0	2	-1	-1	-1	-1	-1	1	-2	1	0	-2	-1	-1	15	0	0	6	0	0	9	23	0	4	3	0	0	13	0	22	4	0	0	0	0.16	0.01
-1	2	-1	-1	-3	4	1	-2	0	-2	0	3	0	-3	0	-1	-1	-3	-2	-2	0	7	0	0	0	49	0	0	0	0	13	27	0	0	4	0	0	0	0	0	0.39	0.04
-2	-1	3	6	-4	0	2	-1	-1	-3	-4	-1	-3	-4	-2	0	-1	-4	-3	-3	0	0	17	74	0	0	9	0	0	0	0	0	0	0	0	0	0	0	0	0	0.84	0.05
3	-2	-1	-1	-1	-1	-1	1	-2	-1	-1	-1	-1	-2	-1	2	1	-3	-2	0	47	0	0	0	0	0	0	8	0	0	4	0	0	0	0	24	13	0	0	4	0.27	0.03
-1	4	0	-1	-3	2	0	-2	-1	-3	-3	3	-2	-3	2	1	-1	-3	-2	-3	0	40	0	0	0	8	0	0	0	0	0	27	0	0	12	13	0	0	0	0	0.47	0.03
-1	-1	0	3	-3	1	4	1	-1	-3	-3	0	-2	-3	-1	1	-1	-3	-3	-3	0	0	0	23	0	0	53	12	0	0	0	0	0	0	0	13	0	0	0	0	0.51	0.04
-1	5	-1	-1	-3	1	0	-2	-1	-2	-2	2	-1	-2	2	-1	-1	-2	-2	-2	1	62	1	1	0	1	1	1	0	1	2	13	0	1	10	1	1	0	1	1	0.50	0.03
-1	4	-1	-2	1	1	0	-2	-1	-3	-2	3	-2	-2	-2	-1	-1	6	-1	-3	0	39	0	0	5	0	0	0	0	0	0	41	0	0	0	0	0	16	0	0	0.57	0.04
-1	0	0	1	-3	2	5	-2	0	-3	-3	1	-2	-3	-1	0	-1	-3	-2	-2	1	1	1	1	0	1	79	1	0	1	1	9	0	1	1	1	1	0	0	1	0.61	0.04
-1	-1	-2	-2	8	-1	0	-2	-2	-2	-2	1	-1	-2	-2	-1	-1	-2	-2	-1	1	1	1	1	60	1	10	1	0	1	1	19	0	1	1	1	1	0	0	1	0.67	0.05
-1	-2	-3	-3	-1	-2	-2	-3	-3	2	2	-2	1	-1	-2	-2	0	-2	-1	3	1	1	1	1	0	1	1	1	0	13	19	1	0	1	1	1	1	0	0	57	0.26	0.02
-1	-1	5	1	-2	0	0	-1	2	-3	-3	0	-2	-3	-2	1	0	-3	-2	-2	1	1	72	1	0	1	1	1	5	1	1	1	0	1	1	12	1	0	0	1	0.56	0.04
0	3	-1	-1	-2	-1	-1	5	-1	-3	-3	0	-2	-3	-2	0	-1	-2	-2	-3	1	27	1	1	0	1	1	61	0	1	1	1	0	1	1	1	1	0	0	1	0.57	0.03
-2	-1	0	-2	-3	0	-1	1	8	-4	-3	-1	-2	-2	-3	-1	-2	-3	1	-4	0	0	0	0	0	0	0	13	87	0	0	0	0	0	0	0	0	0	0	0	0.97	0.08
-1	1	0	2	-3	6	2	-2	0	-3	-3	1	-1	-4	-2	0	-1	-3	-2	-3	0	7	0	13	0	80	0	0	0	0	0	0	0	0	0	0	0	0	0	0	0.68	0.06
-2	-3	-4	-4	-2	-3	-3	-4	-3	1	4	-3	2	3	-3	-3	-2	-1	0	0	0	0	0	0	0	0	0	0	0	0	82	0	0	18	0	0	0	0	0	0	0.48	0.04
2	-2	-2	-3	-1	-2	-2	-1	-2	1	0	-2	1	-1	-2	0	0	-3	-2	3	39	0	0	0	0	0	0	0	0	0	3	0	4	0	0	6	0	0	0	47	0.22	0.03
-1	3	-1	-1	-3	3	0	-2	1	-3	-3	1	-2	-3	5	-1	-1	-3	-2	-3	0	34	0	0	0	22	0	0	4	0	0	0	0	0	40	0	0	0	0	0	0.80	0.04
0	-3	-1	-2	-3	-2	-2	6	-2	-4	-4	-2	-3	-3	-2	-1	-2	-3	-3	-4	0	0	0	0	0	0	0	100	0	0	0	0	0	0	0	0	0	0	0	0	1.18	0.06
0	-1	0	-1	-1	-1	-1	-2	-2	-1	-1	-1	-1	-2	-1	1	5	-3	-2	1	6	0	4	0	0	0	0	0	0	0	0	0	0	0	0	0	81	0	0	9	0.45	0.05
-2	-3	-3	-3	-2	-3	-3	-3	-2	0	1	-3	0	6	-3	-1	-2	0	2	0	0	0	0	0	0	0	0	0	0	0	6	0	0	79	0	8	0	0	0	8	0.62	0.05
1	-1	0	-1	-1	-1	-1	-1	-1	-1	0	-1	-1	0	-1	3	1	-2	-1	0	6	0	0	0	0	0	0	0	0	0	13	0	0	5	0	64	8	0	0	4	0.25	0.03
0	-2	0	-1	-2	-2	-2	5	-2	-4	-4	-1	-3	-3	-2	2	-1	-3	-3	-3	0	0	0	0	0	0	0	76	0	0	0	0	0	0	0	24	0	0	0	0	0.82	0.04
-1	-1	0	-2	-3	-1	-1	1	7	-1	-2	-1	-1	-1	1	-1	-1	-2	1	0	0	0	0	0	0	0	0	11	58	0	0	0	0	0	7	0	0	0	4	19	0.47	0.04
1	-1	0	-1	-1	-1	-1	-1	-2	-1	0	-1	0	-2	1	3	2	-3	-2	-1	8	0	0	0	0	0	0	0	0	0	19	0	0	0	5	52	16	0	0	0	0.25	0.03
0	-1	1	0	-2	2	0	-1	-1	-3	-3	0	-2	-3	1	4	1	-3	-2	-2	0	0	9	0	0	19	0	0	0	0	0	0	0	0	8	65	0	0	0	0	0.41	0.04
-1	-4	-3	-4	9	-3	-4	-3	-3	-2	-2	-4	-2	-3	-3	-1	-1	-3	-3	-1	0	0	0	0	100	0	0	0	0	0	0	0	0	0	0	0	0	0	0	0	1.59	0.08
-1	-2	-2	-2	-2	-2	-2	-2	-2	-2	0	-1	-1	-2	7	0	-1	-3	-3	-2	0	0	0	0	0	0	0	0	0	0	19	0	0	0	70	11	0	0	0	0	1.25	0.05
-1	-2	-3	-4	-1	-2	-3	-4	-3	2	4	-3	2	0	-3	-2	-1	-2	-1	2	0	0	0	0	0	0	0	0	0	0	76	0	5	0	0	0	0	0	0	19	0.43	0.03
-1	-4	-3	-4	9	-3	-4	-3	-3	-2	-2	-4	-2	-3	-3	-1	-1	-3	-3	-1	0	0	0	0	100	0	0	0	0	0	0	0	0	0	0	0	0	0	0	0	1.59	0.08
1	0	0	2	-2	-1	-1	4	-2	-3	-3	-1	-2	-3	-2	1	-1	-3	-3	-2	11	6	0	19	0	0	0	44	0	0	0	0	0	0	0	20	0	0	0	0	0.44	0.02
-1	2	0	-1	-3	2	1	-2	-1	-3	-3	5	-2	-3	-1	0	-1	-3	-2	-3	0	8	0	0	0	5	5	0	0	0	0	75	0	0	0	8	0	0	0	0	0.51	0.04
-1	-2	-2	-2	-3	-1	-1	0	-2	-3	-3	-1	-2	-4	7	0	1	-4	-3	-2	0	0	0	0	0	0	0	8	0	0	0	0	0	0	73	0	19	0	0	0	1.41	0.05
-2	-3	-4	-4	-2	-3	-3	-4	-2	1	3	-3	1	4	-3	-3	-2	-1	1	0	0	0	0	0	0	0	0	0	0	0	66	0	0	34	0	0	0	0	0	0	0.46	0.03
-2	-2	-4	-4	-1	-2	-3	-4	-3	1	4	-3	2	0	-3	-3	-1	-2	-1	1	0	0	0	0	0	0	0	0	0	0	100	0	0	0	0	0	0	0	0	0	0.54	0.04
1	-1	1	-1	-1	0	-1	-1	-1	-2	0	-1	-1	-2	-1	4	1	-3	-2	-1	0	0	7	0	0	0	0	0	0	0	14	0	0	0	0	79	0	0	0	0	0.32	0.02
1	1	0	-1	-1	0	0	-1	-1	-3	-3	0	-2	-3	2	3	1	-3	-2	-2	7	14	0	0	0	0	0	0	0	0	0	0	0	0	12	67	0	0	0	0	0.39	0.02
3	-2	-1	1	-1	-1	-1	3	-2	-2	-2	-1	-2	-3	-1	1	-1	-3	-2	-1	61	0	0	10	0	0	0	29	0	0	0	0	0	0	0	0	0	0	0	0	0.38	0.01
-1	0	-1	0	-3	1	2	-2	-1	-1	1	2	0	-1	-2	-1	-1	5	-1	-1	0	0	0	0	0	0	31	0	0	0	24	30	0	0	0	0	0	15	0	0	0.30	0.00
1	-1	0	0	-2	0	1	2	-1	-3	-3	0	-2	-3	-1	3	1	-3	-2	-2	0	0	0	0	0	0	15	24	0	0	0	0	0	0	0	61	0	0	0	0	0.38	0.01
1	-2	0	-1	-1	-1	-1	3	-2	-2	-2	-1	-1	-3	-1	1	3	-3	-2	-1	18	0	0	0	0	0	0	38	0	0	0	0	0	0	0	0	44	0	0	0	0.38	0.01
0	-2	0	-1	-3	-1	1	5	-2	-4	-4	-1	-3	-3	-2	0	-2	-3	-3	-3	0	0	0	0	0	0	19	81	0	0	0	0	0	0	0	0	0	0	0	0	0.79	0.01
-1	-2	-2	-2	-3	-1	-1	-2	-2	-3	-3	-1	-3	-4	8	-1	-1	-4	-3	-2	0	0	0	0	0	0	0	0	0	0	0	0	0	0	100	0	0	0	0	0	2.05	0.01
-1	-3	-3	-3	-1	-3	-3	-4	-3	4	1	-3	1	0	-3	-2	-1	-2	-1	2	0	0	0	0	0	0	0	0	0	0	0	0	0	0	0	0	0	0	0	0	0.00	0.00
-2	0	1	-1	-3	0	0	-2	7	-3	-3	-1	-1	-1	-2	-1	-2	-2	2	-3	0	0	0	0	0	0	0	0	0	0	0	0	0	0	0	0	0	0	0	0	0.00	0.00
-1	-2	-2	-1	-3	-1	-1	-2	-2	-3	-3	-1	-2	-3	7	-1	-1	-3	-3	-2	0	0	0	0	0	0	0	0	0	0	0	0	0	0	0	0	0	0	0	0	0.00	0.00
-1	-2	-2	-1	-3	-1	-1	-2	-2	-3	-3	-1	-2	-3	7	-1	-1	-3	-3	-2	0	0	0	0	0	0	0	0	0	0	0	0	0	0	0	0	0	0	0	0	0.00	0.00
0	-2	0	-1	-2	-2	-2	5	-2	-4	-3	-1	-3	-3	-2	0	-2	-2	-3	-3	0	0	0	0	0	0	0	0	0	0	0	0	0	0	0	0	0	0	0	0	0.00	0.00
0	-2	0	-1	-2	-2	-2	5	-2	-4	-3	-1	-3	-3	-2	0	-2	-2	-3	-3	0	0	0	0	0	0	0	0	0	0	0	0	0	0	0	0	0	0	0	0	0.00	0.00
-1	1	0	0	-3	5	2	-2	0	-3	-2	1	0	-3	-1	0	-1	-2	-1	-2	0	0	0	0	0	0	0	0	0	0	0	0	0	0	0	0	0	0	0	0	0.00	0.00
-1	-2	-2	-1	-3	-1	-1	-2	-2	-3	-3	-1	-2	-3	7	-1	-1	-3	-3	-2	0	0	0	0	0	0	0	0	0	0	0	0	0	0	0	0	0	0	0	0	0.00	0.00
-1	-2	-3	-3	-1	-2	-3	-3	-3	1	4	-2	2	0	-3	-2	-1	-2	-1	1	0	0	0	0	0	0	0	0	0	0	0	0	0	0	0	0	0	0	0	0	0.00	0.00
1	-1	1	0	-1	0	0	0	-1	-2	-2	0	-1	-2	-1	4	1	-3	-2	-2	0	0	0	0	0	0	0	0	0	0	0	0	0	0	0	0	0	0	0	0	0.00	0.00
-1	-2	-3	-3	-1	-2	-3	-3	-3	1	4	-2	2	0	-3	-2	-1	-2	-1	1	0	0	0	0	0	0	0	0	0	0	0	0	0	0	0	0	0	0	0	0	0.00	0.00
-1	-2	-3	-3	-1	-2	-3	-3	-3	1	4	-2	2	0	-3	-2	-1	-2	-1	1	0	0	0	0	0	0	0	0	0	0	0	0	0	0	0	0	0	0	0	0	0.00	0.00
-2	0	1	-1	-3	0	0	-2	7	-3	-3	-1	-1	-1	-2	-1	-2	-2	2	-3	0	0	0	0	0	0	0	0	0	0	0	0	0	0	0	0	0	0	0	0	0.00	0.00
0	-2	-3	-3	-1	-2	-2	-3	-3	2	1	-2	1	-1	-2	-2	0	-3	-1	4	0	0	0	0	0	0	0	0	0	0	0	0	0	0	0	0	0	0	0	0	0.00	0.00
-1	-2	-3	-3	-1	-2	-3	-3	-3	1	4	-2	2	0	-3	-2	-1	-2	-1	1	0	0	0	0	0	0	0	0	0	0	0	0	0	0	0	0	0	0	0	0	0.00	0.00
1	-1	1	0	-1	0	0	0	-1	-2	-2	0	-1	-2	-1	4	1	-3	-2	-2	0	0	0	0	0	0	0	0	0	0	0	0	0	0	0	0	0	0	0	0	0.00	0.00
-1	-3	-3	-3	-1	-3	-3	-4	-3	4	1	-3	1	0	-3	-2	-1	-2	-1	2	0	0	0	0	0	0	0	0	0	0	0	0	0	0	0	0	0	0	0	0	0.00	0.00
-1	-3	-3	-3	-1	-3	-3	-4	-3	4	1	-3	1	0	-3	-2	-1	-2	-1	2	0	0	0	0	0	0	0	0	0	0	0	0	0	0	0	0	0	0	0	0	0.00	0.00
-1	-2	-3	-3	-1	-2	-3	-3	-3	1	4	-2	2	0	-3	-2	-1	-2	-1	1	0	0	0	0	0	0	0	0	0	0	0	0	0	0	0	0	0	0	0	0	0.00	0.00
-1	-2	-3	-3	-1	-2	-3	-3	-3	1	4	-2	2	0	-3	-2	-1	-2	-1	1	0	0	0	0	0	0	0	0	0	0	0	0	0	0	0	0	0	0	0	0	0.00	0.00
0	-2	0	-1	-2	-2	-2	5	-2	-4	-3	-1	-3	-3	-2	0	-2	-2	-3	-3	0	0	0	0	0	0	0	0	0	0	0	0	0	0	0	0	0	0	0	0	0.00	0.00
1	-1	1	0	-1	0	0	0	-1	-2	-2	0	-1	-2	-1	4	1	-3	-2	-2	0	0	0	0	0	0	0	0	0	0	0	0	0	0	0	0	0	0	0	0	0.00	0.00
-1	-2	-3	-3	-1	-2	-3	-3	-3	1	4	-2	2	0	-3	-2	-1	-2	-1	1	0	0	0	0	0	0	0	0	0	0	0	0	0	0	0	0	0	0	0	0	0.00	0.00
-1	-2	-3	-3	-1	-2	-3	-3	-3	1	4	-2	2	0	-3	-2	-1	-2	-1	1	0	0	0	0	0	0	0	0	0	0	0	0	0	0	0	0	0	0	0	0	0.00	0.00
-1	-1	-2	-3	-1	0	-2	-3	-1	1	2	-1	5	0	-2	-1	-1	-1	-1	1	0	0	0	0	0	0	0	0	0	0	0	0	0	0	0	0	0	0	0	0	0.00	0.00
0	-3	-3	-3	8	-3	-3	-2	-3	-1	-1	-3	-1	-2	-3	-1	-1	-2	-2	-1	0	0	0	0	0	0	0	0	0	0	0	0	0	0	0	0	0	0	0	0	0.00	0.00
4	-1	-1	-2	0	-1	-1	0	-2	-1	-1	-1	-1	-2	-1	1	0	-2	-2	0	0	0	0	0	0	0	0	0	0	0	0	0	0	0	0	0	0	0	0	0	0.00	0.00
1	-1	1	0	-1	0	0	0	-1	-2	-2	0	-1	-2	-1	4	1	-3	-2	-2	0	0	0	0	0	0	0	0	0	0	0	0	0	0	0	0	0	0	0	0	0.00	0.00
1	-1	1	0	-1	0	0	0	-1	-2	-2	0	-1	-2	-1	4	1	-3	-2	-2	0	0	0	0	0	0	0	0	0	0	0	0	0	0	0	0	0	0	0	0	0.00	0.00
-2	-3	-3	-3	-2	-3	-3	-3	-1	0	0	-3	0	6	-3	-2	-2	1	3	-1	0	0	0	0	0	0	0	0	0	0	0	0	0	0	0	0	0	0	0	0	0.00	0.00
0	-3	-3	-3	8	-3	-3	-2	-3	-1	-1	-3	-1	-2	-3	-1	-1	-2	-2	-1	0	0	0	0	0	0	0	0	0	0	0	0	0	0	0	0	0	0	0	0	0.00	0.00
-2	-3	-3	-3	-2	-3	-3	-3	-1	0	0	-3	0	6	-3	-2	-2	1	3	-1	0	0	0	0	0	0	0	0	0	0	0	0	0	0	0	0	0	0	0	0	0.00	0.00
4	-1	-1	-2	0	-1	-1	0	-2	-1	-1	-1	-1	-2	-1	1	0	-2	-2	0	0	0	0	0	0	0	0	0	0	0	0	0	0	0	0	0	0	0	0	0	0.00	0.00
-1	-2	-3	-3	-1	-2	-3	-3	-3	1	4	-2	2	0	-3	-2	-1	-2	-1	1	0	0	0	0	0	0	0	0	0	0	0	0	0	0	0	0	0	0	0	0	0.00	0.00
1	-1	1	0	-1	0	0	0	-1	-2	-2	0	-1	-2	-1	4	1	-3	-2	-2	0	0	0	0	0	0	0	0	0	0	0	0	0	0	0	0	0	0	0	0	0.00	0.00
1	-1	1	0	-1	0	0	0	-1	-2	-2	0	-1	-2	-1	4	1	-3	-2	-2	0	0	0	0	0	0	0	0	0	0	0	0	0	0	0	0	0	0	0	0	0.00	0.00
4	-1	-1	-2	0	-1	-1	0	-2	-1	-1	-1	-1	-2	-1	1	0	-2	-2	0	0	0	0	0	0	0	0	0	0	0	0	0	0	0	0	0	0	0	0	0	0.00	0.00
4	-1	-1	-2	0	-1	-1	0	-2	-1	-1	-1	-1	-2	-1	1	0	-2	-2	0	0	0	0	0	0	0	0	0	0	0	0	0	0	0	0	0	0	0	0	0	0.00	0.00
-1	-2	-2	-1	-3	-1	-1	-2	-2	-3	-3	-1	-2	-3	7	-1	-1	-3	-3	-2	0	0	0	0	0	0	0	0	0	0	0	0	0	0	0	0	0	0	0	0	0.00	0.00
-2	-3	-4	-4	-2	-2	-3	-2	-2	-2	-2	-3	-1	1	-3	-3	-2	10	2	-3	0	0	0	0	0	0	0	0	0	0	0	0	0	0	0	0	0	0	0	0	0.00	0.00
-1	5	0	-2	-3	1	0	-2	0	-3	-2	2	-1	-3	-2	-1	-1	-3	-2	-2	0	0	0	0	0	0	0	0	0	0	0	0	0	0	0	0	0	0	0	0	0.00	0.00
-1	0	0	1	-3	2	5	-2	0	-3	-3	1	-2	-3	-1	0	-1	-3	-2	-2	0	0	0	0	0	0	0	0	0	0	0	0	0	0	0	0	0	0	0	0	0.00	0.00
-1	-2	-2	-1	-3	-1	-1	-2	-2	-3	-3	-1	-2	-3	7	-1	-1	-3	-3	-2	0	0	0	0	0	0	0	0	0	0	0	0	0	0	0	0	0	0	0	0	0.00	0.00
0	-2	0	-1	-2	-2	-2	5	-2	-4	-3	-1	-3	-3	-2	0	-2	-2	-3	-3	0	0	0	0	0	0	0	0	0	0	0	0	0	0	0	0	0	0	0	0	0.00	0.00
-1	-3	-3	-3	-1	-3	-3	-4	-3	4	1	-3	1	0	-3	-2	-1	-2	-1	2	0	0	0	0	0	0	0	0	0	0	0	0	0	0	0	0	0	0	0	0	0.00	0.00
1	-1	1	0	-1	0	0	0	-1	-2	-2	0	-1	-2	-1	4	1	-3	-2	-2	0	0	0	0	0	0	0	0	0	0	0	0	0	0	0	0	0	0	0	0	0.00	0.00
-1	-2	-2	-1	-3	-1	-1	-2	-2	-3	-3	-1	-2	-3	7	-1	-1	-3	-3	-2	0	0	0	0	0	0	0	0	0	0	0	0	0	0	0	0	0	0	0	0	0.00	0.00
-2	-3	-4	-4	-2	-2	-3	-2	-2	-2	-2	-3	-1	1	-3	-3	-2	10	2	-3	0	0	0	0	0	0	0	0	0	0	0	0	0	0	0	0	0	0	0	0	0.00	0.00
4	-1	-1	-2	0	-1	-1	0	-2	-1	-1	-1	-1	-2	-1	1	0	-2	-2	0	0	0	0	0	0	0	0	0	0	0	0	0	0	0	0	0	0	0	0	0	0.00	0.00
-1	1	0	0	-3	5	2	-2	0	-3	-2	1	0	-3	-1	0	-1	-2	-1	-2	0	0	0	0	0	0	0	0	0	0	0	0	0	0	0	0	0	0	0	0	0.00	0.00
0	-2	0	-1	-2	-2	-2	5	-2	-4	-3	-1	-3	-3	-2	0	-2	-2	-3	-3	0	0	0	0	0	0	0	0	0	0	0	0	0	0	0	0	0	0	0	0	0.00	0.00
-1	-2	-2	-1	-3	-1	-1	-2	-2	-3	-3	-1	-2	-3	7	-1	-1	-3	-3	-2	0	0	0	0	0	0	0	0	0	0	0	0	0	0	0	0	0	0	0	0	0.00	0.00
-1	-2	-3	-3	-1	-2	-3	-3	-3	1	4	-2	2	0	-3	-2	-1	-2	-1	1	0	0	0	0	0	0	0	0	0	0	0	0	0	0	0	0	0	0	0	0	0.00	0.00
0	-2	0	-1	-2	-2	-2	5	-2	-4	-3	-1	-3	-3	-2	0	-2	-2	-3	-3	0	0	0	0	0	0	0	0	0	0	0	0	0	0	0	0	0	0	0	0	0.00	0.00
