-1	-1	-2	-3	-2	0	-2	-3	-2	1	2	-1	6	0	-3	-2	-1	-2	-1	1	0	0	0	0	0	0	0	0	0	0	0	0	100	0	0	0	0	0	0	0	0.33	inf
1	-1	1	0	-1	0	0	0	-1	-2	-3	0	-2	-3	-1	4	1	-3	-2	-2	0	0	0	0	0	0	0	0	0	0	0	0	0	0	0	100	0	0	0	0	0.45	inf
-2	-2	-4	-4	-1	-2	-3	-4	-3	2	4	-3	2	0	-3	-3	-1	-2	-1	1	0	0	0	0	0	0	0	0	0	0	100	0	0	0	0	0	0	0	0	0	0.45	inf
1	-1	1	0	-1	0	0	0	-1	-2	-3	0	-2	-3	-1	4	1	-3	-2	-2	0	0	0	0	0	0	0	0	0	0	0	0	0	0	0	100	0	0	0	0	0.45	inf
-2	-3	-3	-4	-2	-3	-3	-4	-2	1	3	-3	1	5	-3	-3	-2	0	2	0	0	0	0	0	0	0	0	0	0	0	50	0	0	50	0	0	0	0	0	0	0.43	inf
-2	-2	-4	-4	-1	-2	-3	-4	-3	2	4	-3	2	0	-3	-3	-1	-2	-1	1	0	0	0	0	0	0	0	0	0	0	100	0	0	0	0	0	0	0	0	0	0.45	inf
-2	-3	-3	-4	-2	-3	-3	-4	-2	1	3	-3	1	5	-3	-3	-2	0	2	0	0	0	0	0	0	0	0	0	0	0	50	0	0	50	0	0	0	0	0	0	0.43	inf
-2	-2	-4	-4	-1	-2	-3	-4	-3	2	4	-3	2	0	-3	-3	-1	-2	-1	1	0	0	0	0	0	0	0	0	0	0	100	0	0	0	0	0	0	0	0	0	0.45	inf
-1	-3	-4	-4	-1	-3	-3	-4	-3	3	3	-3	2	0	-3	-3	-1	-2	-1	2	0	0	0	0	0	0	0	0	0	50	50	0	0	0	0	0	0	0	0	0	0.36	inf
-2	-3	-3	-4	-3	-3	-3	-3	-1	0	0	-3	0	6	-4	-3	-2	1	3	-1	0	0	0	0	0	0	0	0	0	0	0	0	0	100	0	0	0	0	0	0	0.73	inf
-1	-3	-3	-4	7	-3	-4	-3	-2	-1	0	-3	-1	4	-3	-2	-2	0	1	-1	0	0	0	0	50	0	0	0	0	0	0	0	0	50	0	0	0	0	0	0	0.64	inf
1	-1	1	0	-1	0	0	0	-1	-2	-3	0	-2	-3	-1	4	1	-3	-2	-2	0	0	0	0	0	0	0	0	0	0	0	0	0	0	0	100	0	0	0	0	0.45	inf
-2	0	1	-1	-3	0	0	-2	8	-3	-3	-1	-2	-1	-2	-1	-2	-2	2	-3	0	0	0	0	0	0	0	0	100	0	0	0	0	0	0	0	0	0	0	0	0.84	inf
-2	-2	-4	-4	-1	-2	-3	-4	-3	2	4	-3	2	0	-3	-3	-1	-2	-1	1	0	0	0	0	0	0	0	0	0	0	100	0	0	0	0	0	0	0	0	0	0.45	inf
-1	-3	-3	-3	-1	-3	-3	-4	-3	4	2	-3	1	0	-3	-2	-1	-3	-1	3	0	0	0	0	0	0	0	0	0	100	0	0	0	0	0	0	0	0	0	0	0.38	inf
-2	-1	-1	-2	-2	-1	-1	-3	6	0	2	-2	1	0	-3	-2	-2	-2	1	-1	0	0	0	0	0	0	0	0	50	0	50	0	0	0	0	0	0	0	0	0	0.34	inf
1	-1	1	0	-1	0	0	0	-1	-2	-3	0	-2	-3	-1	4	1	-3	-2	-2	0	0	0	0	0	0	0	0	0	0	0	0	0	0	0	100	0	0	0	0	0.45	inf
4	-2	-2	-2	0	-1	-1	0	-2	-1	-2	-1	-1	-2	-1	1	0	-3	-2	0	100	0	0	0	0	0	0	0	0	0	0	0	0	0	0	0	0	0	0	0	0.40	inf
-3	-3	-4	-4	-2	-2	-3	-3	-3	-3	-2	-3	-2	1	-4	-3	-3	11	2	-3	0	0	0	0	0	0	0	0	0	0	0	0	0	0	0	0	0	100	0	0	2.30	inf
4	-2	-2	-2	0	-1	-1	0	-2	-1	-2	-1	-1	-2	-1	1	0	-3	-2	0	100	0	0	0	0	0	0	0	0	0	0	0	0	0	0	0	0	0	0	0	0.40	inf
-1	0	0	-1	-3	3	1	-2	7	-3	-3	0	-1	-2	-2	-1	-1	-2	1	-3	0	0	0	0	0	24	0	0	76	0	0	0	0	0	0	0	0	0	0	0	0.67	inf
2	-2	-1	-2	-2	-1	-2	5	-2	-3	-3	-1	-2	-3	-2	0	-1	-3	-3	-2	38	0	0	0	0	0	0	62	0	0	0	0	0	0	0	0	0	0	0	0	0.62	inf
-1	0	0	1	-4	4	4	-2	0	-3	-3	1	-1	-3	-1	0	-1	-3	-2	-3	0	0	0	0	0	38	62	0	0	0	0	0	0	0	0	0	0	0	0	0	0.63	inf
-1	2	0	-1	-3	1	1	-2	-1	-3	-3	5	-1	-3	-1	0	-1	-3	-2	-2	0	0	0	0	0	0	0	0	0	0	0	100	0	0	0	0	0	0	0	0	0.54	inf
-2	5	0	-2	-4	1	0	-2	3	-3	-2	2	-2	-3	-2	-1	-1	-3	-1	-3	0	84	0	0	0	0	0	0	16	0	0	0	0	0	0	0	0	0	0	0	0.65	inf
-1	-2	-2	-3	-2	-2	-3	3	-3	0	3	-2	1	-1	-3	-2	-1	-2	-2	0	0	0	0	0	0	0	0	38	0	0	62	0	0	0	0	0	0	0	0	0	0.31	inf
3	-2	-2	-2	-1	-1	-1	-1	-2	-2	-2	-1	-1	-3	5	1	1	-3	-2	-1	46	0	0	0	0	0	0	0	0	0	0	0	0	0	38	0	16	0	0	0	0.65	inf
0	-2	-1	-2	-3	-2	-2	3	-2	-3	-3	-1	-3	-4	6	-1	-1	-3	-3	-3	0	0	0	0	0	0	0	38	0	0	0	0	0	0	62	0	0	0	0	0	1.25	inf
2	1	-1	-1	-2	1	2	-1	-1	-2	-2	3	-1	-3	-1	0	0	-3	-2	-1	38	0	0	0	0	0	16	0	0	0	0	46	0	0	0	0	0	0	0	0	0.29	inf
0	-3	-1	-2	-3	-2	-2	6	-2	-4	-4	-2	-3	-3	-2	0	-2	-3	-3	-3	0	0	0	0	0	0	0	100	0	0	0	0	0	0	0	0	0	0	0	0	1.10	inf
-1	3	3	0	-3	4	1	-2	0	-3	-3	1	-1	-3	-2	0	-1	-3	-2	-3	0	24	29	0	0	47	0	0	0	0	0	0	0	0	0	0	0	0	0	0	0.48	inf
-1	-2	-2	-2	-3	-2	-2	2	-2	-3	-3	-1	-3	-4	7	-1	-1	-4	-3	-3	0	0	0	0	0	0	0	18	0	0	0	0	0	0	82	0	0	0	0	0	1.64	inf
2	-2	-1	-1	-2	-1	-1	4	-2	-3	-3	-1	-2	-3	-2	1	-1	-3	-3	-2	32	0	0	0	0	0	0	53	0	0	0	0	0	0	0	15	0	0	0	0	0.55	inf
0	-2	-1	3	-3	-1	0	1	-2	-3	-3	-1	-3	-4	6	0	-1	-4	-3	-2	13	0	0	23	0	0	0	13	0	0	0	0	0	0	51	0	0	0	0	0	0.93	inf
4	-2	-1	-2	-1	-1	-1	0	-2	-1	-2	-1	-1	-3	2	1	2	-3	-2	0	68	0	0	0	0	0	0	0	0	0	0	0	0	0	9	0	23	0	0	0	0.37	inf
2	-2	-2	-2	-1	-1	-1	2	-2	-1	1	-1	0	-1	2	0	-1	-2	-2	0	41	0	0	0	0	0	1	16	0	0	24	1	0	0	13	1	1	0	0	1	0.21	inf
2	-1	-1	-1	-1	-1	-1	2	-2	-1	-2	-1	-1	-2	-1	1	3	-2	-2	-1	28	0	0	0	0	0	1	24	0	0	1	1	0	0	0	1	40	0	0	1	0.29	inf
0	2	0	1	-2	3	1	1	-1	-3	-2	0	-1	-3	2	0	-1	-2	-2	-2	13	15	0	9	0	24	10	10	0	0	1	1	0	0	13	1	1	0	0	1	0.29	inf
1	3	-1	-2	-2	0	-1	2	-1	-3	-2	0	-2	-3	2	0	1	-3	-2	-2	15	37	0	0	0	0	0	23	0	0	0	0	0	0	13	0	13	0	0	0	0.34	inf
0	-1	5	0	-3	0	0	-1	5	-3	-3	-1	-2	-3	-2	0	-1	-4	-1	-3	13	0	64	0	0	0	0	0	23	0	0	0	0	0	0	0	0	0	0	0	0.55	inf
-1	-1	-1	0	-3	0	2	1	-2	-3	-3	-1	-2	-3	6	-1	-1	-3	-3	-2	1	1	0	1	0	0	23	12	0	1	1	1	0	0	56	1	1	0	0	1	0.99	inf
0	0	2	3	-3	-1	0	3	-1	-3	-3	-1	-2	-3	-2	1	1	-3	-3	-3	0	8	11	22	0	0	0	36	0	0	0	0	0	0	0	11	11	0	0	0	0.38	inf
-1	2	0	1	-3	0	1	3	-1	-3	-3	0	-2	-3	2	0	0	-3	-3	-3	0	22	0	8	0	0	11	36	0	0	0	0	0	0	11	0	11	0	0	0	0.37	inf
2	-2	-1	-2	-1	-1	-1	-1	-2	-1	0	-1	-1	-2	4	1	1	-3	-2	-1	39	0	0	0	0	0	0	0	0	0	11	0	0	0	22	17	11	0	0	0	0.37	inf
1	-2	-1	-1	-2	-1	0	3	-2	-2	-1	-1	-1	2	-2	1	-1	-2	0	-2	9	0	0	0	0	0	9	33	0	0	9	0	0	19	0	21	0	0	0	0	0.21	inf
1	-2	0	1	-2	-1	0	3	-2	-2	-1	-1	-1	-3	-2	2	1	-3	-2	-2	15	0	0	8	0	0	8	28	0	0	8	0	0	0	0	25	8	0	0	0	0.26	inf
-1	4	0	-1	-3	2	1	-2	-1	-2	-1	1	-1	-3	-2	1	-1	-3	-2	-2	0	48	0	0	0	16	8	0	0	0	8	0	0	0	0	20	0	0	0	0	0.40	inf
0	4	-1	-1	-3	1	2	-2	-1	-3	-3	1	-2	-3	3	0	-1	-3	-2	-2	8	44	0	0	0	6	23	0	0	0	0	0	0	0	13	6	0	0	0	0	0.47	inf
0	2	1	-1	-2	0	-1	3	-1	-3	-3	0	-2	-3	-2	3	1	-3	-2	-2	0	15	8	0	0	0	0	27	0	0	0	0	0	0	0	43	6	0	0	0	0.37	inf
-1	3	3	-1	-3	0	-1	-2	-1	-3	-3	0	-2	-2	2	1	-1	6	-1	-3	0	30	23	0	0	0	0	0	0	0	0	0	0	0	13	18	0	16	0	0	0.48	inf
2	-2	-1	-1	-1	-1	0	2	-2	-2	-3	-1	-2	-2	-1	2	1	4	-2	-2	25	0	0	0	0	0	7	23	0	0	0	0	0	0	0	31	8	7	0	0	0.33	inf
1	-2	0	2	-2	-1	0	3	-2	-2	-2	-1	-2	-3	-2	2	0	-3	-3	-2	13	0	0	13	0	0	6	34	0	0	6	0	0	0	0	21	7	0	0	0	0.31	inf
2	1	-1	-2	-1	0	-1	-1	-2	-1	0	1	0	-2	-2	1	1	-3	-2	-1	37	12	0	0	0	0	0	0	0	0	17	13	0	0	0	5	15	0	0	0	0.16	inf
0	-2	1	0	-2	-1	-2	-1	-2	0	1	-2	3	-1	1	-1	0	-3	-2	1	4	0	12	5	0	0	0	4	0	0	19	0	24	0	9	0	8	0	0	15	0.13	inf
2	-2	-1	-2	3	-1	-2	-1	-2	-1	-1	-1	-1	3	-2	2	0	-2	0	0	28	0	0	0	9	0	0	0	0	0	0	0	0	21	0	30	4	0	0	9	0.21	inf
3	2	-1	-2	-1	-1	-1	-1	-2	-2	-2	0	-1	-3	-1	2	1	-3	-2	-1	57	15	0	0	0	0	0	0	0	0	0	0	0	0	0	16	12	0	0	0	0.35	inf
0	2	2	-1	-2	-1	-1	3	-1	-3	-2	0	-2	-3	-2	2	0	-3	-2	-3	0	18	12	0	0	0	0	28	0	0	4	0	0	0	0	37	0	0	0	0	0.35	inf
1	0	0	1	-2	-1	0	0	-2	-3	-2	1	-2	-3	2	3	0	2	-2	-2	9	5	0	9	0	0	0	5	0	0	4	10	0	0	11	45	0	4	0	0	0.29	inf
2	1	-2	-2	-1	0	-1	0	-2	1	0	-1	0	-2	-2	1	0	-3	-2	1	36	10	0	0	0	5	0	4	0	20	11	0	0	0	0	10	0	0	0	4	0.12	inf
3	1	-1	-2	-1	-1	-1	0	-2	-2	-2	-1	-1	-3	2	1	2	-3	-2	-1	37	10	0	0	0	0	0	5	0	0	0	0	0	0	10	7	28	0	0	0	0.29	inf
0	1	1	-1	1	-1	-1	2	-2	-2	-2	-1	-1	-3	0	2	2	-3	-2	-1	7	10	6	0	4	0	0	22	0	0	4	0	0	0	4	20	18	0	0	3	0.20	inf
-1	-2	-1	-1	3	-2	-2	-1	-2	0	2	-2	0	-1	-2	1	1	-2	1	-1	0	0	0	5	11	0	0	5	0	0	40	0	0	0	0	23	8	0	6	0	0.15	inf
-1	-3	-2	-2	-3	-2	-2	-2	-3	-3	-3	-2	-3	0	7	0	-1	-4	-2	-3	4	0	0	0	0	0	0	0	0	0	0	0	0	6	78	9	0	0	0	0	1.61	inf
2	2	-1	-2	-1	-1	-1	-1	-2	0	0	0	-1	-2	-2	1	0	-3	-2	1	27	22	0	0	0	0	0	0	0	0	11	0	0	0	0	17	4	0	0	17	0.16	inf
2	-1	-1	-2	-2	0	0	1	-2	-1	1	0	0	-2	0	1	-1	-3	-2	-1	31	0	0	0	0	5	6	11	0	0	27	7	0	0	3	9	0	0	0	0	0.13	inf
1	2	-1	1	-3	0	2	1	-1	-3	-3	0	-2	-3	4	1	-1	-3	-3	-2	13	16	0	6	0	0	18	12	0	0	0	0	0	0	21	12	0	0	0	0	0.39	inf
0	3	-1	0	-3	1	1	1	-1	-3	-2	1	-2	-3	-2	0	1	-3	-2	-2	11	33	0	2	0	8	11	12	0	0	3	5	0	0	0	2	10	0	0	0	0.28	inf
1	0	0	3	-2	-1	0	3	1	-2	-3	-1	-2	-3	0	0	-1	-3	-2	-1	15	7	0	27	0	0	5	28	5	0	1	0	0	0	3	1	0	0	0	6	0.29	inf
1	-2	-1	-2	-2	-1	-2	2	-2	-1	-2	-1	-2	-3	5	1	0	-3	-3	-1	17	0	0	0	0	0	0	20	0	2	3	0	0	0	29	17	5	0	0	5	0.50	inf
0	2	1	1	-3	2	0	2	-1	-3	-1	1	-1	-3	-1	-1	-1	-3	-2	-2	5	18	9	10	0	16	0	25	0	0	9	5	0	0	2	0	0	0	0	0	0.25	inf
2	0	0	-2	2	-1	-1	4	-2	-3	-3	-1	-2	-3	0	1	-1	-3	-3	-2	19	7	3	0	5	0	5	45	0	0	0	0	0	0	3	13	0	0	0	0	0.46	inf
0	1	-1	-1	-2	-1	0	2	1	-2	-2	0	-2	-1	-2	2	0	-2	2	-1	5	13	0	3	0	0	6	21	5	0	3	0	0	0	0	22	3	0	12	5	0.17	inf
2	0	0	-2	-2	-1	-2	2	-2	-2	-2	-1	-2	-3	5	0	-1	-3	-3	-1	21	6	4	0	0	0	0	22	0	0	3	0	0	0	32	7	0	0	0	5	0.54	inf
-1	0	-1	-2	-2	0	-1	1	5	-1	0	-1	-1	2	-2	0	0	-2	0	0	0	4	0	0	0	4	0	16	25	0	13	0	0	14	0	10	5	0	0	7	0.17	inf
0	-1	-2	0	-2	1	2	-3	-2	0	0	-1	-1	-2	1	0	-1	-3	-2	2	5	2	0	5	0	4	27	0	0	0	12	0	0	0	8	5	0	0	0	30	0.18	inf
-1	-1	-1	-1	-2	3	1	0	0	-1	-1	-1	-1	0	2	0	-1	-1	2	-1	1	0	0	0	0	25	8	9	2	5	6	1	0	5	13	7	1	0	10	6	0.18	inf
0	-2	-1	-1	-2	-1	1	4	-2	-3	-3	-1	-2	-3	-2	2	0	-3	-3	-3	5	0	0	0	0	0	16	43	0	0	1	1	0	0	0	27	3	0	0	1	0.48	inf
0	1	0	2	-2	0	0	0	5	-2	-1	0	-1	-2	-2	1	-1	-3	-1	-1	7	7	1	13	0	1	1	5	30	1	6	3	0	0	1	17	1	0	0	5	0.25	inf
-1	-3	-3	-3	-2	-2	-3	-1	-2	1	2	-3	0	4	-3	-2	-1	-1	3	2	1	0	0	1	0	0	1	6	0	0	25	1	0	26	1	1	1	0	10	26	0.29	inf
-1	2	2	2	-3	2	0	1	-1	-3	-3	2	-2	-4	-2	0	0	-3	-3	-3	2	14	15	12	0	14	2	15	0	0	0	19	0	0	0	2	6	0	0	0	0.33	inf
-2	-2	-2	2	-3	-2	-2	1	1	-3	0	-1	-2	0	-3	-1	-2	8	3	-3	0	0	0	17	0	0	0	13	4	0	11	4	0	0	0	4	0	34	12	0	0.77	inf
1	1	-1	0	-2	0	0	1	-1	-1	0	0	0	-2	0	1	0	-2	-2	-1	10	9	1	3	0	4	5	15	0	5	14	1	4	1	4	21	1	0	1	1	0.08	inf
-1	1	1	-1	-2	-1	0	-2	0	-1	1	0	0	-2	4	0	-1	-2	-2	-1	2	11	9	1	0	1	5	2	3	1	18	3	3	1	29	6	1	0	1	3	0.33	inf
0	1	1	1	-2	-1	-1	3	-1	-2	-2	0	-2	-2	1	1	-1	-2	-2	-1	2	10	8	10	1	1	2	27	1	1	2	4	1	1	8	13	2	0	1	5	0.22	inf
-1	2	0	1	-2	2	0	1	-1	0	-1	0	-1	-1	1	-1	-1	-1	2	-1	2	18	3	8	1	15	2	12	1	9	5	2	1	1	6	2	2	0	11	2	0.11	inf
-1	3	-1	0	-2	1	0	-2	-1	0	0	2	-1	-2	-1	-1	-1	-2	-1	1	2	26	1	4	1	4	2	2	1	8	8	22	1	1	1	2	2	0	1	12	0.17	inf
-2	6	-1	-2	-3	0	-1	-2	-1	-3	-2	2	-2	-2	-2	-1	-2	-2	1	-3	1	66	1	1	0	1	1	1	0	1	2	13	0	1	1	1	1	0	7	1	0.79	inf
-1	2	-1	-2	-2	2	-1	-3	-2	-1	1	-1	-1	-2	4	-1	1	-3	-2	1	1	15	2	1	0	12	3	1	0	0	16	1	0	0	21	1	13	0	0	14	0.29	inf
-2	5	-1	-2	-4	0	-1	1	2	-3	-3	2	-2	-2	-3	-1	0	-2	3	-3	0	44	0	0	0	0	0	13	6	0	0	16	0	0	0	0	6	0	14	0	0.54	inf
-1	4	-1	-2	-3	3	0	-3	1	-2	0	2	-1	-2	-3	0	-2	-2	1	-2	3	28	0	0	0	23	0	0	4	0	15	14	0	0	0	5	0	0	7	0	0.37	inf
-3	-3	-4	-5	-3	0	-4	-5	-4	0	5	-3	1	-1	-4	-4	-2	-3	-2	-1	0	0	0	0	0	5	0	0	0	0	94	0	0	0	0	0	0	0	0	0	1.01	inf
-3	-3	-4	-5	-4	-3	-4	-5	0	-3	-2	-4	-2	5	-4	-3	-1	0	8	-3	0	0	0	0	0	0	0	0	0	0	0	0	0	21	0	0	5	0	73	0	1.58	inf
-1	-3	-2	-3	9	-3	-3	-3	-4	-1	-3	-3	-3	-4	-3	3	2	-4	-3	-2	0	0	0	0	52	0	0	0	0	4	0	0	0	0	0	27	16	0	0	0	1.22	inf
0	4	2	1	-3	0	-1	-2	-1	-3	-2	1	0	-1	-2	1	0	-3	-2	-2	7	36	15	7	0	2	1	1	0	1	1	6	3	3	1	12	5	0	0	1	0.34	inf
-1	0	3	0	-2	2	-1	-1	-1	-1	-2	-1	-1	-3	-2	0	3	-3	-2	1	1	5	18	5	0	15	1	5	0	1	1	1	0	0	1	4	30	0	0	14	0.26	inf
1	-2	-1	-1	-3	1	-2	5	-2	-3	-3	-2	0	-3	0	2	-1	-3	-3	-3	12	0	0	3	0	9	0	48	0	0	0	0	4	0	4	18	0	0	0	0	0.56	inf
0	-1	0	-1	-1	0	0	-1	1	1	0	-1	0	-1	0	1	2	-1	-1	0	4	3	5	3	1	2	3	4	5	16	5	3	1	2	3	8	25	1	2	3	0.07	inf
-1	-1	0	-1	-2	-1	0	5	1	-3	-3	1	-2	-3	-2	0	-1	2	-2	-3	2	1	5	1	0	1	7	50	5	1	2	9	0	1	1	7	1	3	1	1	0.48	inf
-1	-2	-3	-3	-3	-2	-2	-3	2	-2	-1	1	-1	5	-3	-2	-2	2	5	-2	6	0	0	0	0	0	0	1	5	0	5	13	0	40	0	0	0	2	24	0	0.64	inf
-3	-3	-2	-3	-4	-1	-3	-4	8	-3	-3	-3	-2	5	-4	-3	-3	-1	4	-3	0	0	0	0	0	2	0	0	49	0	0	0	0	33	0	0	0	0	14	0	1.34	inf
-3	-4	-5	-5	-3	-4	-4	-5	-4	1	5	-4	1	-1	-4	-4	-2	-3	-2	1	0	0	0	0	0	0	0	0	0	5	85	0	0	0	0	0	0	0	0	11	0.98	inf
0	4	-2	-2	-4	6	2	-3	-1	-4	-4	1	-2	-5	-3	-2	-2	-4	-3	-4	7	28	0	0	0	48	15	0	0	0	0	2	0	0	0	0	0	0	0	0	0.91	inf
-1	-4	-4	-4	-2	-4	-4	-5	-4	5	1	-4	2	-2	-4	-3	-2	-4	-3	4	4	0	0	0	0	0	0	0	0	58	4	0	6	0	0	0	0	0	0	28	0.80	inf
-2	3	1	0	-3	0	-1	-3	4	-1	2	-1	-1	1	-2	-2	-1	-3	1	-2	0	21	9	6	0	2	2	0	18	0	30	0	0	5	1	0	2	0	4	0	0.29	inf
1	-1	-2	-2	-3	-2	0	0	-3	-3	-1	0	-3	-4	6	0	-2	-4	-4	-3	11	3	0	1	0	0	5	8	0	0	6	7	0	0	51	9	0	0	0	0	0.95	inf
-3	0	3	6	-5	-1	0	0	0	-5	-5	-2	-4	-5	-3	-1	-2	-5	-4	-5	0	6	18	65	0	0	2	5	2	0	0	0	0	0	0	2	0	0	0	0	1.11	inf
-1	0	-2	-3	-4	-3	-3	6	-3	-5	-5	0	-4	-5	-4	-2	-3	-4	-5	-5	0	6	0	0	0	0	0	86	0	0	0	8	0	0	0	0	0	0	0	0	1.46	inf
0	4	-1	-2	-3	-1	-1	-3	2	-1	-2	2	-2	-3	-2	0	3	-4	-2	0	5	27	0	0	0	0	0	0	5	4	0	19	0	0	0	7	26	0	0	7	0.38	inf
-2	-4	-4	-4	-2	-4	-4	-4	-4	4	0	-4	-1	-2	-4	-1	-1	-4	-3	5	0	0	0	0	0	0	0	0	0	26	2	0	0	0	0	6	0	0	0	66	0.85	inf
0	0	3	4	-3	1	0	1	2	-3	-4	-1	-3	-3	-3	0	-1	-4	0	-2	9	3	17	35	0	10	0	10	5	0	0	2	0	0	0	4	0	0	3	2	0.44	inf
0	-2	-2	-3	2	-3	-3	6	-3	-5	-5	-1	-4	-4	-3	-1	-1	-4	-4	-4	8	2	0	0	6	0	0	77	0	0	0	3	0	0	0	0	4	0	0	0	1.18	inf
2	-2	-2	-2	-2	-2	-1	-1	-3	-1	-2	-2	-1	-3	-2	2	5	-4	-3	0	25	0	0	0	0	0	3	2	0	2	0	0	1	0	0	13	47	0	0	7	0.52	inf
0	3	-1	-1	-3	0	2	-3	4	-2	-2	2	-2	-3	2	-1	0	-4	-2	-2	7	23	0	2	0	2	16	0	14	3	4	12	0	0	9	0	8	0	0	0	0.34	inf
0	0	-1	5	-4	-1	3	-1	3	-4	-4	-1	-3	-3	-3	-1	-2	-4	0	-4	7	4	0	43	0	0	28	3	8	0	0	2	0	0	0	2	0	0	4	0	0.69	inf
0	2	0	2	-4	2	2	1	3	-4	-3	1	-2	-4	-2	-1	-2	-4	-2	-3	8	15	3	12	0	13	15	14	9	0	0	10	0	0	0	0	0	0	0	0	0.36	inf
-1	-2	5	2	-3	-1	-1	0	-2	-4	-4	-2	-3	-4	-3	4	2	-4	-3	-3	0	0	32	10	0	0	0	4	0	0	0	0	0	0	0	41	13	0	0	0	0.69	inf
0	1	-1	2	-3	0	0	-2	-2	0	-2	0	0	-3	3	2	0	-4	-3	0	5	9	0	15	0	4	3	0	0	7	1	4	3	0	16	20	6	0	0	7	0.25	inf
-3	-1	-1	2	-4	0	0	-3	2	-2	0	-2	-2	4	0	-2	-2	-1	5	-2	0	3	2	15	0	6	4	0	7	0	7	0	0	19	5	1	0	0	31	0	0.48	inf
1	-2	1	-2	-2	-1	-2	0	3	-2	-3	-2	-2	-3	-2	4	2	-4	-1	-2	14	0	6	0	0	0	0	5	11	2	0	0	0	0	0	46	14	0	2	0	0.48	inf
-1	-1	-3	-4	-2	0	-3	-4	0	4	2	0	0	-1	-3	-2	-2	-3	-2	2	5	2	0	0	0	5	0	0	3	43	24	9	0	0	0	0	0	0	0	9	0.37	inf
-3	-4	-5	-5	-3	-4	-4	-5	-4	1	5	-4	1	3	-4	-4	-3	-3	-1	0	0	0	0	0	0	0	0	0	0	3	79	0	2	11	0	0	0	0	0	4	0.90	inf
-2	0	1	-1	-4	3	4	-3	-1	0	-1	1	1	-3	-3	-1	-2	-3	-1	-2	0	3	8	0	0	20	41	0	0	8	6	5	5	0	0	0	0	0	2	1	0.47	inf
-2	0	-4	-4	-2	-3	-4	-4	-3	4	3	-3	0	3	-4	-3	-2	-3	-1	2	0	7	0	0	0	0	0	0	0	31	35	0	0	13	0	0	0	0	0	14	0.50	inf
-1	2	-1	-1	-1	1	1	-3	-2	1	-1	1	-1	0	-2	1	1	-3	0	0	0	12	0	0	1	6	14	0	0	18	0	13	0	4	0	14	10	0	3	5	0.15	inf
4	-3	-2	-2	-2	-2	-2	-2	-3	-3	-3	-2	-2	-4	3	2	2	-4	-3	-2	49	0	0	0	0	0	0	0	0	0	0	0	0	0	14	19	18	0	0	0	0.64	inf
-2	-3	-2	2	-3	-2	2	-4	-3	1	0	-2	-1	-2	-3	-2	-1	-4	-3	4	0	0	0	17	0	0	18	0	0	5	9	0	0	0	0	0	3	0	0	48	0.42	inf
2	-1	-1	2	-2	0	2	1	0	-3	-3	0	-2	-3	-2	2	2	-4	-3	-2	19	2	0	14	0	1	17	8	2	0	0	4	0	0	0	15	17	0	0	0	0.30	inf
0	2	-2	-3	-3	0	-2	-3	1	1	1	-1	0	2	1	-2	-2	-2	-1	2	7	20	0	0	0	6	0	0	4	5	14	0	2	14	7	0	0	0	0	21	0.18	inf
-1	1	0	-2	-4	-2	-1	6	-3	-5	-5	-1	-4	-5	-3	-1	-3	-4	-4	-4	0	11	3	0	0	0	3	77	0	0	0	3	0	0	0	2	0	0	0	0	1.18	inf
-1	3	-2	-3	-2	-1	0	-4	-3	1	0	-1	-1	-1	-3	-1	1	-3	-2	3	0	22	0	0	0	0	10	0	0	9	8	0	0	3	0	5	8	0	0	36	0.27	inf
-2	-4	-5	-5	-2	-4	-4	-5	-5	4	0	-4	-1	-2	-4	-3	-2	-4	-3	6	0	0	0	0	0	0	0	0	0	20	0	0	0	0	0	0	0	0	0	80	1.10	inf
2	2	-1	-2	-2	0	-1	0	0	-1	-1	-1	-1	-2	-2	2	0	-3	1	1	23	14	0	0	0	4	0	4	2	0	4	0	0	0	0	22	3	0	8	15	0.18	inf
-3	-5	-5	-5	-3	-4	-5	-5	-5	7	1	-4	0	-2	-4	-4	-2	-4	-3	2	0	0	0	0	0	0	0	0	0	86	8	0	0	0	0	0	0	0	0	6	1.23	inf
-2	3	-2	-2	-4	2	0	-3	-2	-3	-1	4	-2	1	-3	-1	0	-3	-1	-3	0	22	0	0	0	11	3	0	0	0	8	42	0	7	0	0	5	0	1	0	0.52	inf
0	-3	1	-1	-4	-3	-3	6	-3	-5	-5	-3	-4	-4	-3	1	-1	-4	-4	-4	6	0	7	3	0	0	0	72	0	0	0	0	0	0	0	10	2	0	0	0	1.10	inf
2	-3	-3	-4	-2	-3	-3	-3	-4	1	0	-2	-1	-2	-3	-1	1	-4	-2	4	25	0	0	0	0	0	0	0	0	3	8	2	0	0	0	3	7	0	0	52	0.45	inf
0	0	-1	1	1	0	3	-2	0	-1	-2	2	1	1	-2	0	-1	-3	0	-1	6	2	2	5	4	1	26	0	3	3	0	19	5	10	0	6	1	0	2	4	0.18	inf
1	-2	-1	-2	-2	-2	-2	-2	-3	-3	-2	-2	-2	-4	-2	4	4	-4	-3	-2	12	0	0	0	0	0	0	0	0	0	3	0	0	0	0	50	35	0	0	0	0.72	inf
-1	1	2	-1	3	-1	0	4	-2	-3	-4	0	-3	-4	-3	0	-2	-4	-3	-1	3	9	16	0	7	0	6	44	0	0	0	4	0	0	0	6	0	0	0	6	0.50	inf
-2	4	-1	-3	-1	1	-2	-3	1	-1	1	1	1	2	-3	-2	-2	-2	1	-1	0	33	2	0	2	8	0	0	3	0	20	6	5	12	0	0	0	0	5	3	0.31	inf
-4	-4	-4	-5	-4	-4	-4	-5	-1	-3	-2	-4	-3	5	-5	-4	-4	0	8	-3	0	0	0	0	0	0	0	0	0	0	0	0	0	26	0	0	0	0	74	0	1.87	inf
-2	-4	-5	-5	-2	-3	-4	-5	-4	3	4	-4	2	-1	-4	-3	-2	-3	-2	2	0	0	0	0	0	0	0	0	0	15	65	0	3	0	0	0	0	0	0	16	0.76	inf
4	-4	-3	-4	8	-3	-3	0	-4	-3	-3	-3	-3	-4	-3	0	-2	-4	-4	-2	50	0	0	0	42	0	0	5	0	0	0	0	0	0	0	3	0	0	0	0	1.21	inf
-3	-3	-4	-5	-4	0	-4	-5	-4	-1	1	-3	10	-2	-5	-4	-3	-4	-3	-1	0	0	0	0	0	4	0	0	0	0	4	0	92	0	0	0	0	0	0	0	1.98	inf
-2	-1	6	4	-4	0	-1	-1	-1	-4	-5	0	-4	-4	-3	1	-1	-5	-4	-4	0	2	48	28	0	2	0	3	0	0	0	6	0	0	0	11	0	0	0	0	0.86	inf
1	2	-1	-1	-3	0	2	-1	-2	-3	-1	2	-2	-1	1	1	0	-3	-2	-2	11	16	0	1	0	1	14	3	0	0	6	19	0	3	7	13	6	0	0	0	0.23	inf
-2	3	0	3	2	0	2	-3	2	-4	-4	3	-3	-4	-2	0	-2	-4	-3	-3	0	19	2	22	7	0	14	0	5	0	0	26	0	0	0	4	0	0	0	0	0.51	inf
-2	-4	-2	-3	-4	-4	-4	7	-4	-6	-6	-3	-5	-5	-4	-2	-3	-4	-5	-5	0	0	0	0	0	0	0	100	0	0	0	0	0	0	0	0	0	0	0	0	1.91	inf
0	3	0	-2	-3	1	1	-3	-1	-3	-1	4	-2	-3	-2	0	-2	-3	0	-3	8	21	5	0	0	6	5	0	0	0	9	37	0	0	0	3	0	0	5	0	0.39	inf
-3	-4	-5	-5	-3	-3	-4	-5	-4	2	5	-4	3	-1	-1	-4	-2	-3	-2	0	0	0	0	0	0	0	0	0	0	9	81	0	7	0	3	0	0	0	0	0	0.92	inf
-3	-3	-4	-4	-4	-1	-3	-5	2	1	-1	-3	-2	3	-4	-3	-2	0	7	0	0	0	0	0	0	3	0	0	4	9	5	0	0	10	0	0	1	0	63	4	1.15	inf
3	-3	-2	-3	-3	-2	-3	5	-3	-4	-4	-2	-3	-4	-1	1	-1	-4	-4	-3	32	0	0	0	0	0	0	53	0	0	0	0	0	0	2	10	3	0	0	0	0.84	inf
-1	-1	-1	-2	-3	-1	-2	-2	-2	-3	0	2	-2	-3	-2	5	1	-4	-3	-2	0	1	0	0	0	0	0	0	0	0	9	14	0	0	0	70	4	0	0	1	0.69	inf
0	1	-1	-1	-3	1	1	-2	0	-1	-1	2	-2	-3	4	1	-1	-4	-2	-2	8	8	0	2	0	8	11	0	3	3	9	16	0	0	21	10	1	0	0	0	0.33	inf
-1	0	2	-1	2	0	0	-2	4	-2	-1	1	-1	0	-2	0	1	-2	1	-1	4	3	11	2	6	3	4	0	15	0	8	11	0	4	0	7	14	0	5	4	0.14	inf
-2	-3	-3	-4	2	-3	-4	1	-2	-1	1	-3	-1	5	1	-3	-2	-1	4	0	1	0	0	0	5	0	0	14	0	1	13	0	0	33	10	0	0	0	16	8	0.46	inf
-1	1	3	1	-3	-1	-1	-1	-1	-3	-3	0	-2	-4	-2	3	4	-4	-3	-2	0	7	16	7	0	1	0	2	1	0	0	5	0	0	0	26	35	0	0	0	0.47	inf
0	0	0	3	-3	0	3	-2	-2	-3	-3	2	-3	-4	3	0	0	-4	-3	-2	7	5	2	21	0	1	22	0	0	0	0	15	0	0	16	5	3	0	0	4	0.43	inf
-3	-2	-1	5	-5	0	6	-3	-2	-5	-5	-1	-4	-5	-3	-2	-3	-5	-4	-4	0	0	0	37	0	0	63	0	0	0	0	0	0	0	0	0	0	0	0	0	1.30	inf
-3	-6	-5	-6	11	-5	-6	-5	-5	-4	-4	-5	-4	-5	-5	-2	-3	-5	-5	-3	0	0	0	0	97	0	0	0	0	0	0	0	0	0	0	3	0	0	0	0	3.01	inf
-1	1	-1	-2	-2	-1	0	-3	-2	1	1	2	0	1	-2	-1	0	-2	0	1	3	11	2	0	0	0	5	0	0	10	13	20	0	10	0	4	4	0	3	15	0.11	inf
-4	-5	-5	-5	-4	-5	-5	-5	-3	-2	0	-5	1	8	-6	-4	-4	-1	1	-2	0	0	0	0	0	0	0	0	0	0	6	0	3	91	0	0	0	0	0	0	1.83	inf
-2	4	1	-2	-3	0	0	-3	-2	-1	1	2	-1	0	-3	-1	1	-3	-2	-1	0	31	8	0	0	3	3	0	0	2	16	16	0	6	0	0	11	0	0	4	0.28	inf
-3	-2	-2	0	-6	1	7	-4	2	-5	-5	-1	-4	-5	-3	-2	-3	-5	-3	-4	0	0	0	0	0	3	91	0	6	0	0	0	0	0	0	0	0	0	0	0	1.53	inf
-2	3	-2	-2	1	1	1	-3	-2	1	0	1	-1	-1	-3	0	0	1	-2	0	0	29	0	0	3	8	8	0	0	16	6	5	0	3	0	8	6	3	0	4	0.21	inf
-2	-3	-4	-4	-2	-3	-3	-4	-3	3	3	-3	3	2	-4	-3	0	-3	-1	2	0	0	0	0	0	0	1	0	0	16	35	0	12	9	0	0	5	0	0	21	0.45	inf
-2	-1	-2	0	-3	1	3	-4	2	-1	3	-2	1	1	-3	-2	-2	-3	-1	-2	0	3	0	3	0	4	33	0	5	0	41	0	2	8	0	0	0	0	0	0	0.39	inf
-2	-2	-2	0	1	0	6	-4	-2	-5	-4	0	-4	-5	2	0	-2	-5	-4	-4	1	0	0	0	3	0	76	0	0	0	0	3	0	0	11	5	0	0	0	0	1.11	inf
-3	-2	7	1	-4	-2	-2	-2	-1	-4	-1	-2	-3	-4	-4	-1	-2	-5	-4	-4	0	0	84	7	0	0	0	0	0	0	9	0	0	0	0	0	0	0	0	0	1.45	inf
-2	-2	5	-1	-4	-2	-2	3	4	-4	-4	-2	-3	-2	-3	0	-2	3	2	-4	0	0	40	0	0	0	0	27	13	0	0	0	0	0	0	4	0	5	11	0	0.77	inf
-4	-1	-4	-5	-5	-3	-4	-5	1	-4	-3	-4	-3	1	-5	-4	-4	0	9	-3	0	3	0	0	0	0	0	0	2	0	0	0	0	0	0	0	0	0	94	0	2.20	inf
-3	-2	7	2	-4	-2	-2	-2	-1	-3	-4	-2	-3	-4	-3	-1	2	-5	-4	0	0	0	65	13	0	0	0	0	0	0	0	0	0	0	0	0	14	0	0	8	1.03	inf
2	-3	-2	-3	-2	-1	-2	-3	-3	0	0	-2	-1	-3	-3	0	4	-4	-3	2	22	0	0	0	0	3	0	0	0	3	6	0	0	0	0	0	46	0	0	20	0.48	inf
-4	-4	-4	-5	-4	-3	-4	-5	0	-3	1	-4	1	2	-5	-4	-3	0	9	-3	0	0	0	0	0	0	0	0	0	0	12	0	4	2	0	0	0	0	82	0	1.75	inf
2	2	-1	-2	-2	2	1	-2	1	-1	-1	0	0	0	-2	1	-1	-2	1	-2	25	12	0	0	0	16	10	0	3	3	3	4	2	4	0	8	2	0	7	0	0.20	inf
-1	-2	2	-2	-1	-2	-2	-2	-2	-4	-4	1	-3	-4	-3	6	0	-5	-3	-3	0	0	11	0	1	0	0	0	0	0	0	7	0	0	0	80	0	0	0	0	1.00	inf
2	2	0	0	0	1	1	-2	-1	-1	-1	1	1	-2	-2	0	0	-3	-1	0	22	16	3	4	2	6	7	0	0	4	1	10	7	0	0	4	4	0	3	5	0.13	inf
0	2	-2	-2	-2	0	-1	-2	-1	1	1	4	0	-2	-2	-1	-1	-2	0	-1	9	9	1	1	0	1	1	1	2	10	17	40	1	0	1	1	1	0	4	2	0.24	inf
-3	-2	-2	-1	-3	-1	-2	-3	7	-3	-3	-2	-2	1	-3	-2	-1	0	7	-3	1	1	0	4	0	3	1	1	31	1	1	1	0	4	1	1	4	0	48	1	1.09	inf
-1	4	0	-1	-2	0	1	1	1	-2	-2	1	-1	-2	1	0	-1	-2	-1	-2	4	30	3	2	1	3	12	10	4	2	3	9	1	1	7	5	2	0	1	2	0.25	inf
-1	-1	-1	-1	-2	1	0	2	1	-1	0	-1	-1	-1	-1	0	0	4	-1	-1	3	3	2	2	1	11	3	25	6	2	14	2	1	1	2	4	8	8	1	2	0.16	inf
0	1	0	0	-1	1	1	0	1	-1	-1	0	-1	-1	2	0	0	-1	-1	-1	8	10	2	3	1	9	8	9	4	3	5	4	1	2	11	5	7	1	2	5	0.10	inf
0	1	0	1	-1	0	0	-1	2	0	-1	0	-1	-1	1	0	0	-1	1	0	4	8	2	10	1	4	7	4	8	6	7	6	1	2	6	7	3	1	6	6	0.05	inf
1	1	1	0	-1	0	0	-1	-1	-1	-1	0	-1	-1	0	2	1	-1	-1	-1	14	11	8	2	1	2	3	3	1	6	4	3	1	2	2	22	10	1	1	3	0.10	inf
0	-1	0	1	-1	-1	0	4	-1	-1	-1	0	-1	0	-1	0	-1	-1	-1	-1	4	2	2	8	1	2	9	37	1	2	9	4	1	4	2	3	3	1	2	3	0.21	inf
-1	3	0	-1	-2	1	0	-1	-1	-2	-1	2	0	-2	-1	1	0	-2	-1	-1	3	29	4	2	1	4	5	5	1	2	4	16	3	2	2	11	3	1	1	3	0.22	inf
0	0	1	0	-2	1	1	-1	1	-1	-1	0	-1	-1	2	1	0	-2	-1	-1	9	4	11	5	1	6	8	4	3	2	9	6	1	1	12	10	2	0	2	2	0.12	inf
-3	-3	-3	-3	-3	-1	-3	-3	-2	-2	-2	-3	4	-1	-3	-2	0	10	3	-2	1	1	1	1	0	3	1	1	0	1	1	1	14	1	1	1	8	53	8	1	1.61	inf
-3	-3	-3	-4	-3	-3	-3	-4	0	-2	-1	-3	-2	5	-4	-3	-3	0	7	-2	1	1	0	1	0	0	1	1	0	1	4	1	0	31	1	1	1	0	57	1	1.29	inf
-2	-3	-4	-4	-2	-3	-3	-4	0	3	2	-3	3	-1	-3	-3	-1	-3	-2	4	0	0	0	0	0	0	0	0	3	17	14	0	11	0	0	0	0	0	0	51	0.57	inf
4	-2	-2	-2	-2	-2	-1	3	0	-2	-2	-2	-2	-1	-2	1	-1	-3	-2	-2	53	0	0	0	0	0	3	22	3	0	4	0	0	3	0	9	0	0	0	0	0.48	inf
-2	-3	-4	-4	-2	-3	-3	-4	-3	2	4	-2	1	3	-4	-3	-2	-2	-1	0	0	0	0	0	0	0	0	0	0	9	64	3	0	16	0	0	0	0	0	4	0.61	inf
-1	0	4	2	-3	0	0	-1	-1	-3	-3	2	-2	-3	0	1	1	-3	-2	-2	1	3	28	12	0	3	1	2	0	0	1	21	0	0	3	8	13	0	0	3	0.35	inf
-1	4	1	-2	-3	0	-1	1	-1	-3	-2	4	-2	-3	-2	0	-1	-3	-3	-3	1	25	7	0	0	2	1	11	0	0	4	40	0	0	0	5	1	0	0	1	0.49	inf
-1	1	3	1	-3	2	2	-2	-1	-3	-2	2	-2	-3	-2	0	1	-3	-1	-2	1	4	20	9	0	11	12	1	0	0	3	21	0	0	0	3	11	0	3	0	0.31	inf
0	-3	-2	-3	-4	-3	-3	6	-3	-4	-3	-1	-3	-4	-3	-2	-3	-4	-4	-4	4	0	0	0	0	0	0	86	0	0	4	3	0	0	0	0	0	0	0	0	1.38	inf
-1	4	0	-2	-3	2	0	-2	-1	-2	-3	2	-2	-3	-2	1	0	-3	0	-2	4	35	5	0	0	11	2	0	0	2	1	17	0	0	0	9	6	0	3	2	0.40	inf
1	-3	-2	-3	-1	-2	-2	-2	-3	-1	-3	-1	-1	-3	6	1	0	-3	1	0	11	0	0	0	2	0	0	2	0	3	0	3	2	0	46	10	7	0	6	8	0.80	inf
-2	5	0	-2	-4	1	-1	-2	0	-2	-3	4	2	-4	-3	-2	-2	-4	-3	-2	0	42	3	0	0	3	0	2	2	2	0	36	8	0	0	0	0	0	0	2	0.72	inf
-2	5	-1	-1	-4	2	1	-3	-2	-3	-1	4	-2	-4	0	-2	-2	-4	-3	-3	0	39	1	3	0	7	6	0	0	0	9	30	0	0	4	0	0	0	0	0	0.62	inf
0	-2	-2	0	-3	-3	-3	6	-3	-2	-2	-2	-3	-4	-3	-1	-2	-4	-4	0	8	3	0	5	0	0	0	68	0	3	3	0	0	0	0	0	0	0	0	7	0.86	inf
0	0	-1	-1	1	1	-1	-1	-1	-1	-1	-1	0	3	1	2	0	-1	0	-1	4	4	2	2	5	10	2	2	1	2	3	2	2	19	7	26	2	0	2	2	0.15	inf
0	0	0	-1	-1	1	0	0	-1	0	0	1	0	-1	1	0	0	-1	-1	0	6	3	2	3	1	6	3	6	1	6	14	17	1	2	5	9	3	1	2	7	0.04	inf
-1	-2	3	-1	-2	-1	-1	-1	-2	-2	-2	-1	-2	-3	5	0	2	-3	-2	-1	2	1	18	1	0	1	1	4	0	1	2	3	0	1	33	5	19	0	1	5	0.57	inf
-2	6	0	-2	-4	1	-1	0	0	-4	-3	3	-2	-4	-3	-2	-2	-3	-3	-3	1	60	3	0	0	3	1	10	2	0	1	16	0	0	0	1	0	0	0	1	0.84	inf
-1	-1	-1	0	-2	3	-1	-2	-2	-1	-1	-1	0	-3	-2	1	4	-3	-2	2	1	3	0	4	0	18	1	1	0	0	1	1	3	0	0	11	34	0	0	21	0.31	inf
-1	2	2	-1	-3	0	-1	0	4	-3	-2	3	-2	-3	-2	1	-1	-3	-1	-3	5	16	10	1	0	0	1	7	18	1	4	25	0	0	1	9	1	0	0	1	0.33	inf
-2	2	-2	-2	-3	2	0	-3	-1	-2	-2	2	-2	0	5	-1	0	-3	0	-1	1	13	0	0	0	14	3	0	0	3	1	18	0	5	28	0	4	0	5	4	0.50	inf
-1	1	1	0	-3	0	-1	2	2	-2	-2	-1	0	-2	2	0	2	-3	0	-2	0	10	8	4	0	4	2	18	8	3	1	0	5	0	10	4	19	0	3	0	0.20	inf
-2	0	0	-1	-4	5	1	-3	2	-3	-2	1	3	-3	1	-2	-2	3	-2	-3	0	3	2	2	0	45	7	0	7	0	0	9	13	0	6	0	0	4	0	0	0.61	inf
-1	1	0	-2	-3	0	-1	-1	-2	-1	-1	4	-1	-1	1	-1	1	-3	0	0	4	4	5	0	0	3	0	4	0	1	5	41	0	3	5	0	11	0	3	9	0.23	inf
2	-2	-1	-1	-2	-1	0	-1	-2	-1	-1	-1	-1	0	1	2	0	-3	-2	1	29	0	0	3	0	0	4	1	0	0	7	0	0	4	8	27	3	0	0	12	0.23	inf
2	-2	-1	-2	-1	-1	-2	-2	-2	2	-1	-1	-1	-1	-2	2	2	-2	0	1	19	1	1	1	0	1	1	1	0	18	1	1	0	1	1	18	21	0	5	9	0.19	inf
-3	0	0	-3	-4	1	-2	-4	8	-2	2	-2	-1	-1	-4	-2	-1	-4	0	-3	0	4	4	0	0	6	0	0	55	0	24	0	0	2	0	0	5	0	0	0	0.96	inf
-4	-5	-5	-6	-4	-5	-5	-5	-3	-2	-1	-5	-2	9	-6	-4	-4	-1	1	-3	0	0	0	0	0	0	0	0	0	0	0	0	0	100	0	0	0	0	0	0	2.12	inf
-3	-4	-5	-5	-3	-3	-4	-5	-4	2	5	-4	2	-1	-4	-4	-2	-3	-2	1	0	0	0	0	0	0	0	0	0	12	79	0	6	0	0	0	0	0	0	3	0.90	inf
-1	-3	-3	-3	-4	-2	-2	-4	-4	-4	-4	1	1	-5	8	-1	-2	-5	-4	-4	3	0	0	0	0	0	0	0	0	0	0	10	5	0	79	3	0	0	0	0	1.94	inf
-2	6	-2	-3	-4	0	-2	-4	-2	-2	-2	2	5	-3	-3	-2	-2	-4	-3	-1	0	62	0	0	0	0	0	0	0	0	0	12	22	0	0	0	0	0	0	4	0.91	inf
-1	-2	-2	-2	-2	-1	-2	-1	-2	1	1	-2	0	1	3	0	0	-2	0	1	1	0	0	0	0	3	0	5	0	12	21	0	0	10	18	9	5	0	3	11	0.20	inf
0	-1	-2	-2	-2	-1	-1	0	3	0	1	0	0	-1	3	-1	-1	-2	0	1	10	1	1	1	0	1	1	6	13	3	19	7	0	0	18	1	1	0	3	15	0.19	inf
-1	2	-1	1	-3	2	2	-2	2	-2	0	2	1	-2	-2	-1	-1	-3	-2	-2	2	15	0	10	0	11	13	2	7	0	12	20	7	0	0	0	0	0	0	0	0.23	inf
-1	-2	3	-1	-2	0	-1	1	1	-1	-1	-1	-1	-2	2	2	0	-3	-1	0	0	0	22	0	0	3	0	12	3	2	8	0	0	0	10	22	5	0	2	9	0.20	inf
0	1	-1	0	0	1	3	-2	2	-2	-2	1	-2	-3	0	0	1	-3	-2	-2	9	5	1	1	3	4	35	1	9	1	1	11	0	0	4	1	13	0	0	1	0.29	inf
-1	0	-1	1	-3	2	3	-2	0	0	0	0	2	-2	-2	-1	-1	-3	-2	0	1	3	0	11	0	15	27	1	2	5	6	5	12	0	0	1	0	0	0	11	0.21	inf
-2	-2	-2	-2	-3	0	-1	-3	3	-3	-3	-2	-3	-2	7	-2	-2	-2	3	-3	1	0	0	0	0	6	1	1	11	0	1	0	0	0	63	1	0	0	13	1	1.32	inf
-1	1	-1	0	-3	2	3	-2	1	-2	0	0	-1	-2	-2	1	-1	-3	-2	-2	1	7	0	3	0	10	37	1	4	0	17	4	0	0	0	14	0	0	0	1	0.27	inf
-1	0	-2	1	-2	0	2	-3	-2	1	2	-1	3	-1	-2	-1	-1	-2	-2	0	3	4	0	8	0	0	21	1	0	6	38	1	14	0	0	1	1	0	0	1	0.19	inf
-1	2	-1	-1	-2	2	0	-2	3	-1	-2	0	-1	-2	3	1	-1	-3	-1	0	1	19	0	1	0	15	1	1	15	0	1	1	0	0	15	16	1	0	0	14	0.28	inf
0	2	-2	-2	-2	-1	-1	-2	-1	-1	0	0	-1	4	-2	1	-1	-1	1	-1	9	15	0	1	0	0	1	1	0	0	8	7	0	37	0	15	1	0	0	4	0.21	inf
-1	-2	0	-2	-2	0	-2	1	2	-1	2	-1	0	0	-3	-1	1	-1	4	-1	0	0	6	0	0	3	0	14	7	0	28	4	0	0	0	0	12	0	26	0	0.19	inf
-1	-2	-1	-2	-2	-1	-1	-3	4	1	1	-2	0	1	-3	-1	2	-2	0	1	0	0	0	0	0	0	5	0	17	11	19	0	0	9	0	0	29	0	0	12	0.19	inf
-1	0	1	0	-2	1	0	-2	2	-1	-1	-1	-1	-2	1	2	2	-3	-2	0	0	4	7	4	0	7	4	0	8	0	9	0	0	0	6	18	26	0	0	6	0.18	inf
0	1	-2	-3	-2	-1	-1	-3	-3	2	0	-1	0	-2	1	0	-1	-3	-2	3	3	14	0	0	0	0	4	0	0	11	4	0	0	0	9	7	0	0	0	48	0.22	inf
-1	-1	-1	1	-3	-1	-1	0	-2	-3	-3	-1	-2	-4	6	1	1	-4	-3	-1	0	3	0	8	0	0	0	8	0	0	0	0	0	0	45	18	14	0	0	3	0.79	inf
-1	2	-1	0	-4	3	4	-3	-1	-3	-2	3	-2	-2	-2	-1	-1	-2	1	-3	0	12	0	0	0	18	37	0	0	0	3	23	0	0	0	0	0	0	7	0	0.48	inf
-1	4	-1	-2	3	0	-1	-3	-2	-3	-3	2	-2	-1	3	-1	0	-3	-2	-2	5	41	0	0	11	0	0	0	0	0	0	16	0	4	19	0	4	0	0	0	0.52	inf
1	2	1	-1	-2	1	1	0	1	-3	-3	2	-2	-3	-2	2	0	-3	-2	-2	11	19	8	0	0	4	7	5	4	0	0	12	0	0	0	31	0	0	0	0	0.29	inf
-1	2	0	3	-3	1	0	0	1	-3	-3	2	-2	-3	1	1	-1	-3	-2	-2	3	14	0	21	0	8	0	4	4	0	0	22	0	0	7	10	0	0	0	5	0.28	inf
-1	1	-2	-2	-3	-1	-2	-3	-2	-1	-2	-1	-2	-3	6	0	1	-4	-3	0	0	14	0	0	0	0	0	0	0	3	3	0	0	0	54	8	9	0	0	8	0.94	inf
-1	-2	1	-2	-2	-2	-2	1	-2	1	2	-2	0	-2	3	0	-1	-3	-2	0	0	0	11	0	0	0	0	15	0	10	28	0	0	0	20	8	0	0	0	8	0.25	inf
0	2	2	1	-3	0	0	-1	-1	-3	-3	2	-2	-3	0	2	0	-4	-2	-2	4	14	15	8	0	0	3	0	0	0	0	21	0	0	4	28	0	0	0	3	0.30	inf
-1	-2	-2	-2	-3	-2	-2	1	2	-1	-1	-1	2	-3	6	-1	-1	-4	-2	1	0	0	0	0	0	0	0	13	8	0	0	3	10	0	42	0	0	0	0	24	0.66	inf
0	0	-1	-2	-1	-1	-2	-2	-2	2	1	-1	0	-1	0	1	2	-3	-2	2	8	5	0	0	0	0	0	0	0	15	13	0	0	0	4	18	17	0	0	21	0.14	inf
-1	0	0	1	-3	2	1	-2	5	-3	-3	3	-2	-3	1	-1	-1	-3	-1	-3	5	0	0	9	0	8	10	0	29	0	0	31	0	0	7	0	0	0	0	0	0.46	inf
-1	1	-2	-2	-3	-2	-2	-3	-3	-3	-3	-1	-3	-4	7	-1	1	-4	-3	-1	0	12	0	0	0	0	0	0	0	0	0	0	0	0	74	0	10	0	0	4	1.53	inf
-1	5	-1	-2	-4	1	0	-2	-1	-3	-3	4	-2	-3	1	-1	-1	-3	-2	-3	0	49	0	0	0	0	0	0	0	0	0	46	0	0	6	0	0	0	0	0	0.65	inf
1	-2	-3	-3	-1	-2	-2	-2	-3	2	2	-2	1	-1	-2	-1	0	-2	-1	3	15	0	0	0	0	0	1	1	0	8	22	0	0	0	0	1	1	0	0	49	0.20	inf
1	-2	-2	-2	-2	-1	-1	-2	-2	-2	-2	-1	-2	-3	7	0	-1	-3	-3	-2	20	0	0	0	0	0	1	1	0	0	1	0	0	0	72	1	1	0	0	1	1.35	inf
1	-2	-3	-3	-1	-2	-3	-3	-3	2	3	-2	1	0	-3	-2	-1	-2	-1	2	14	0	0	0	0	0	0	0	0	0	53	0	0	0	0	0	0	0	0	33	0.28	inf
1	-1	0	-1	-1	-1	-1	3	-1	-3	-3	-1	-2	-3	-1	4	1	-3	-2	-2	0	0	0	0	0	0	0	26	0	0	0	0	0	0	0	74	0	0	0	0	0.46	inf
2	2	-1	-2	6	1	-1	-1	-1	-2	-2	0	-1	-3	-2	0	-1	-3	-2	-1	30	26	0	0	34	11	0	0	0	0	0	0	0	0	0	0	0	0	0	0	0.38	inf
2	-2	-1	-1	-2	-1	-1	-1	-2	-2	-3	-1	-2	-3	5	2	0	-3	-2	-2	26	0	0	0	0	0	0	0	0	0	0	0	0	0	41	34	0	0	0	0	0.73	inf
-1	5	0	0	-4	3	3	-2	0	-3	-3	2	-1	-3	-2	-1	-1	-3	-2	-3	0	57	0	0	0	17	26	0	0	0	0	0	0	0	0	0	0	0	0	0	0.57	inf
-1	3	0	1	-4	2	4	-2	0	-3	-3	2	-2	-3	-1	0	-1	-3	-2	-3	0	20	0	0	0	0	59	0	0	0	0	20	0	0	0	0	0	0	0	0	0.55	inf
0	-2	1	-1	-2	-1	-1	2	-2	-1	1	-1	0	-1	-2	2	0	-3	-2	-1	0	0	10	0	0	0	0	26	0	0	34	0	0	0	0	30	0	0	0	0	0.18	inf
0	-2	-1	-1	-2	-1	-1	-2	-2	-3	-3	-1	-2	-3	7	2	1	-4	-3	-2	0	0	0	0	0	0	0	0	0	0	0	0	0	0	64	26	10	0	0	0	1.19	inf
0	-1	4	3	-2	0	0	-1	-1	-3	-3	0	-2	-3	-1	3	0	-4	-2	-3	0	0	30	26	0	0	0	0	0	0	0	0	0	0	0	44	0	0	0	0	0.45	inf
2	-1	0	-1	-1	-1	-1	-1	-2	-2	-2	-1	-1	-3	2	3	2	-3	-2	-1	34	0	0	0	0	0	0	0	0	0	0	0	0	0	11	36	20	0	0	0	0.35	inf
0	-3	-3	-3	-1	-2	-3	-3	-3	3	1	-2	1	-1	-2	-2	0	-3	-1	4	0	0	0	0	0	0	0	0	0	0	0	0	0	0	0	0	0	0	0	100	0.34	inf
-1	2	0	-1	-3	1	1	-2	-1	-3	-3	5	-1	-3	-1	0	-1	-3	-2	-2	0	0	0	0	0	0	0	0	0	0	0	100	0	0	0	0	0	0	0	0	0.51	inf
-2	-2	-2	-3	-3	-2	-2	-3	2	-1	-1	-2	-1	3	-3	-2	-2	2	7	-1	0	0	0	0	0	0	0	0	0	0	0	0	0	0	0	0	0	0	100	0	0.85	inf
-2	6	0	-2	-4	1	0	-2	0	-3	-2	2	-1	-3	-2	-1	-1	-3	-2	-3	0	100	0	0	0	0	0	0	0	0	0	0	0	0	0	0	0	0	0	0	0.74	inf
-2	-2	-4	-4	-1	-2	-3	-4	-3	2	4	-3	2	0	-3	-3	-1	-2	-1	1	0	0	0	0	0	0	0	0	0	0	100	0	0	0	0	0	0	0	0	0	0.45	inf
-1	2	0	-1	-3	1	1	-2	-1	-3	-3	5	-1	-3	-1	0	-1	-3	-2	-2	0	0	0	0	0	0	0	0	0	0	0	100	0	0	0	0	0	0	0	0	0.51	inf
-2	-3	-3	-4	-3	-3	-3	-3	-1	0	0	-3	0	6	-4	-3	-2	1	3	-1	0	0	0	0	0	0	0	0	0	0	0	0	0	100	0	0	0	0	0	0	0.73	inf
-2	6	0	-2	-4	1	0	-2	0	-3	-2	2	-1	-3	-2	-1	-1	-3	-2	-3	0	100	0	0	0	0	0	0	0	0	0	0	0	0	0	0	0	0	0	0	0.74	inf
-2	-3	-3	-4	-3	-3	-3	-3	-1	0	0	-3	0	6	-4	-3	-2	1	3	-1	0	0	0	0	0	0	0	0	0	0	0	0	0	100	0	0	0	0	0	0	0.73	inf
0	-2	0	-1	-3	-2	-2	6	-2	-4	-4	-2	-3	-3	-2	0	-2	-3	-3	-3	0	0	0	0	0	0	0	100	0	0	0	0	0	0	0	0	0	0	0	0	1.04	inf
