-2	-2	-3	-4	-2	-2	-3	-4	-3	2	2	-2	7	-1	-3	-2	-1	-2	-2	2	0	0	0	0	0	0	0	0	0	7	10	0	70	0	0	0	0	0	0	13	0.68	inf
0	-2	-3	-1	-4	-1	3	-3	-3	-4	-4	-1	-3	-5	7	-2	-2	-5	-4	-3	8	0	0	0	0	0	32	0	0	0	0	0	0	0	61	0	0	0	0	0	1.44	inf
1	0	1	-1	-2	0	2	0	-1	-2	-2	1	-2	-3	-2	2	2	-4	-3	-1	8	3	8	0	0	0	20	5	0	0	4	8	0	0	0	28	13	0	0	4	0.25	inf
0	0	-1	2	-4	-2	1	5	-3	-4	-4	-2	-3	-4	0	-1	-2	-4	-4	-3	6	6	0	14	0	0	12	58	0	0	0	0	0	0	4	0	0	0	0	2	0.74	inf
-1	-2	-2	-2	-2	1	1	2	-2	-1	1	-1	1	1	-1	-1	-1	-2	-1	0	3	0	0	0	0	11	10	23	0	0	24	0	5	9	3	4	0	0	0	6	0.14	inf
-1	-1	0	0	-3	2	2	-1	-1	0	1	0	-1	0	2	-1	-1	-3	-2	-1	1	0	3	5	0	16	21	3	0	4	18	3	0	6	11	3	3	0	0	3	0.19	inf
-1	-1	-2	-1	-3	2	2	-1	-2	0	0	1	-1	-1	0	-1	-1	-3	-2	2	3	0	0	2	0	15	15	5	0	2	9	12	0	3	5	0	2	0	0	24	0.14	inf
0	1	-1	-1	-2	-1	0	-3	-2	1	0	-1	0	-2	1	0	0	-3	0	2	7	11	2	2	0	0	7	0	0	10	11	0	0	0	7	7	5	0	3	26	0.11	inf
1	-1	2	1	-3	1	0	3	1	-3	-2	1	-2	-3	-1	1	-1	-3	-3	-2	11	2	10	8	0	9	3	23	3	0	6	9	0	0	2	9	2	0	0	2	0.21	inf
0	-1	2	1	-3	0	1	-1	0	-3	-2	3	-2	-3	-1	2	0	-4	-3	-1	5	0	13	6	0	2	11	3	2	0	5	22	0	0	2	20	4	0	0	5	0.25	inf
-1	0	0	2	-4	2	4	1	1	-4	-3	1	-3	-5	0	0	-2	-4	-3	-3	2	4	3	12	0	8	39	10	3	0	1	7	0	0	4	7	0	0	0	1	0.52	inf
0	1	2	4	-1	1	2	0	0	-4	-4	1	-3	-4	-2	0	-1	-5	-3	-4	8	9	13	28	1	7	12	6	2	0	0	8	0	0	1	3	1	0	0	0	0.44	inf
2	2	1	-2	-3	0	-1	2	2	-2	-2	0	-1	-3	-1	0	0	-4	-1	-2	20	17	6	1	0	4	3	17	8	1	2	2	1	0	2	5	6	0	1	2	0.22	inf
-1	1	-1	1	-4	2	3	-1	1	-3	-4	2	-2	-4	3	0	0	-4	-3	-2	4	7	1	7	0	8	22	4	4	1	0	11	1	0	15	7	4	0	0	2	0.37	inf
-1	1	-1	1	-3	1	1	-2	-1	-2	-1	0	-2	-3	4	-1	0	-3	1	-1	5	7	1	9	0	6	11	2	1	3	5	6	1	0	24	3	6	0	8	4	0.33	inf
-2	0	-2	-1	-4	-1	1	-4	0	-3	-4	-1	-4	-1	6	1	0	-4	2	-2	2	5	1	2	0	2	8	0	2	1	0	3	0	3	42	11	4	0	9	4	0.82	inf
-1	2	1	1	-4	2	2	-3	-2	-2	-2	2	-2	-3	0	0	-1	4	-3	-1	2	10	8	7	0	12	13	1	0	1	3	17	0	0	5	6	3	6	0	6	0.29	inf
2	0	-1	0	0	2	1	2	0	-2	-3	1	-1	-3	-2	0	-2	-4	0	-2	24	5	2	5	2	9	7	15	2	3	1	11	2	0	1	6	0	0	3	1	0.21	inf
-1	4	0	-2	0	-1	-1	0	-1	-3	-3	4	-1	-3	1	0	-1	-2	-3	-1	4	23	4	1	2	1	2	6	2	1	2	29	2	1	7	7	2	1	0	4	0.39	inf
-1	-1	-1	-2	-2	-1	-2	-3	-1	2	2	-1	2	0	-3	0	2	1	1	1	2	4	2	2	1	1	2	1	1	15	18	2	5	3	0	7	14	2	6	11	0.14	inf
-2	-2	2	-3	1	3	-3	-3	-3	-3	-2	-1	-1	-4	-3	2	5	2	-2	-2	1	2	12	0	3	13	0	1	0	1	4	4	1	0	1	12	40	3	1	2	0.64	inf
0	0	-2	-4	-2	-3	-3	1	-3	-3	-1	0	2	0	2	0	-2	8	0	-2	9	6	1	0	1	0	0	11	0	1	6	8	5	4	12	9	1	20	3	3	0.53	inf
-1	2	-3	-4	0	-2	-3	-1	-1	-1	-1	-1	0	3	-3	0	3	0	4	-1	5	14	0	0	3	1	0	4	1	4	3	4	2	12	1	7	20	1	17	3	0.32	inf
-1	-3	-3	-4	-3	1	-2	-4	3	2	3	-4	-1	0	-4	-2	-2	-1	-1	4	3	1	1	0	0	8	2	1	8	12	26	0	0	3	0	2	1	1	1	31	0.48	inf
-1	-2	-4	-4	-1	-2	-3	-4	-3	2	1	-2	1	3	-1	-1	0	3	2	2	4	2	0	0	1	1	1	0	0	12	13	2	3	17	3	3	7	4	6	19	0.30	inf
-1	0	-4	-4	-1	-2	-3	-3	-3	1	3	0	2	3	-2	-1	0	0	0	1	4	4	0	0	1	1	0	1	0	5	33	7	5	12	2	3	6	1	2	11	0.29	inf
2	-1	-2	-4	4	-3	-2	-2	-1	1	1	-3	-1	0	-3	1	2	-4	-3	0	24	3	1	0	8	0	1	2	1	8	18	0	1	3	0	10	12	0	0	6	0.28	inf
2	-4	-4	-3	5	-2	-4	-3	-4	3	0	-3	0	-1	-4	-1	2	-4	-1	2	19	0	0	1	15	1	0	1	0	16	7	1	2	2	0	4	14	0	2	16	0.46	inf
0	-4	-5	-5	-1	-4	-5	-3	-4	3	2	-4	1	5	-5	-1	0	-3	-1	1	7	1	0	0	1	0	0	2	0	19	21	0	3	25	0	5	5	0	1	11	0.55	inf
1	-4	-4	-5	-1	-4	-4	-3	-4	4	0	-4	2	0	-2	0	0	-4	-1	4	10	0	0	0	1	0	0	2	0	22	7	0	6	4	1	9	4	0	2	31	0.51	inf
6	-5	-4	-5	-2	-4	-3	-1	-5	0	-2	-4	-2	-5	-3	1	-2	-6	-5	2	61	0	0	0	0	0	1	3	0	6	3	0	1	0	0	10	1	0	0	12	0.97	inf
3	-4	-2	-3	2	-3	-3	2	-4	0	-1	-3	1	-2	-3	2	1	2	-3	1	25	0	1	0	5	0	0	15	0	4	4	0	4	1	0	16	10	3	0	12	0.35	inf
-2	-4	-5	-5	2	-4	-5	-4	-4	2	3	-4	5	3	-5	-2	-1	-4	-2	1	3	0	0	0	5	0	0	1	0	13	30	0	19	14	0	3	4	0	0	8	0.71	inf
1	-5	-3	-4	-1	-3	-4	6	-4	-2	-5	-4	-5	-4	-4	1	0	-5	-5	-4	11	0	1	0	2	1	0	62	0	3	0	0	0	1	0	10	7	0	0	1	1.20	inf
-1	-4	0	-3	-1	-1	-3	4	-3	-2	-1	-3	-2	2	-1	3	-1	1	0	-2	2	0	4	0	1	2	0	34	0	2	6	0	0	10	3	24	3	2	3	3	0.50	inf
-2	-5	-5	-6	1	-5	-5	-4	-4	1	3	-5	2	6	-5	-3	-4	0	-1	-1	3	0	0	0	3	0	0	1	0	7	32	0	6	39	0	2	0	1	1	4	1.00	inf
-2	-3	-3	-4	0	2	-3	-1	-4	1	3	-3	4	0	-3	0	1	-4	-3	0	1	1	1	0	2	11	1	6	0	7	30	0	15	3	1	6	10	0	0	6	0.38	inf
-4	-5	-4	3	-5	-1	-1	-5	-4	1	-2	-4	-1	7	-4	-4	-3	-3	3	-1	1	0	0	18	0	3	3	0	0	8	3	0	2	45	1	1	2	0	9	5	1.02	inf
1	-5	-4	-4	2	-3	-5	7	-5	-4	-5	-4	-2	-1	-5	0	-4	0	-5	-5	9	0	0	0	4	1	0	71	0	1	0	0	1	3	0	6	0	1	0	0	1.48	inf
-1	-5	-5	-6	1	-4	-5	-4	-3	0	-1	-5	1	3	-5	-3	-3	4	8	-1	5	0	0	0	3	0	0	1	0	5	6	0	3	11	0	1	1	6	50	4	1.35	inf
-1	-4	1	6	-1	-2	0	-1	1	-3	-5	-3	-5	-3	-4	0	-2	-6	-2	-3	6	0	7	55	2	1	5	5	3	2	0	0	0	1	0	7	2	0	2	2	1.02	inf
-2	-2	-1	-4	-2	-2	-3	-4	-4	2	2	-3	0	1	-4	0	4	-4	-3	1	2	2	3	0	1	1	1	0	0	15	23	0	1	6	0	8	26	0	0	10	0.45	inf
2	-3	-2	-4	-4	-4	-3	5	-4	-4	-3	-4	-4	2	-4	0	0	-5	-2	-2	17	1	1	0	0	0	1	52	0	1	2	0	0	9	0	6	5	0	1	2	0.93	inf
-1	-4	-4	-5	2	-3	-3	-5	-3	3	0	-4	-2	1	-5	-1	0	-1	3	4	5	0	0	0	5	1	1	0	0	20	8	0	0	5	0	5	7	1	11	31	0.58	inf
-3	-2	-5	-5	0	-5	-5	-4	-5	6	0	-5	2	-3	-2	0	1	-5	-1	2	1	3	0	0	2	0	0	1	0	46	6	0	6	0	2	8	8	0	2	15	0.84	inf
1	-4	4	-3	1	-4	-2	2	-4	-4	-4	-4	-1	-2	-5	4	0	-6	-5	-3	10	0	22	0	3	0	2	15	0	1	1	0	2	2	0	36	5	0	0	2	0.77	inf
2	-3	-1	-3	-2	-4	-3	4	-4	-2	0	-3	-3	0	2	1	1	-5	-3	-2	15	1	2	0	1	0	1	29	0	1	11	0	0	4	11	12	9	0	0	2	0.44	inf
4	-4	-3	-4	-3	-2	-4	-2	-4	1	0	-3	3	-3	2	-1	0	-4	-4	2	35	0	1	0	0	1	0	2	0	7	7	1	8	1	11	3	5	0	0	16	0.52	inf
-1	-3	-2	-1	-2	1	0	-1	-2	1	3	-3	2	-3	-2	-1	2	-4	-3	0	5	0	1	3	1	8	8	4	1	9	29	0	6	0	1	4	14	0	0	4	0.26	inf
0	-2	1	-1	-1	-1	0	-1	-3	-1	0	1	-2	0	4	0	1	-1	-1	0	7	1	6	4	1	2	6	4	0	4	9	8	0	4	19	7	10	1	2	6	0.19	inf
0	-2	-3	-2	-3	-2	-3	-2	-2	1	1	-3	3	4	-3	1	-1	-1	1	0	10	1	0	3	0	2	1	3	0	9	12	1	8	22	1	14	2	1	4	5	0.31	inf
-3	-4	-5	-4	0	-4	-3	-3	-5	5	3	-4	3	2	-2	-4	-1	-4	-2	2	1	0	0	1	2	0	2	2	0	34	26	0	7	7	2	0	4	0	1	10	0.72	inf
0	0	1	-1	0	2	1	1	-2	-1	-2	1	2	-2	-2	1	1	-3	-2	-1	6	5	8	2	3	9	8	9	0	4	2	10	8	2	1	8	9	0	1	4	0.12	inf
-1	2	0	1	1	2	1	-1	0	-1	-2	2	0	-2	-2	0	0	0	-1	-2	5	12	4	8	3	10	8	3	2	3	4	14	2	2	1	8	7	1	1	1	0.16	inf
-2	-2	-1	2	-3	0	1	-2	1	0	0	-1	0	3	-2	1	0	-2	-1	1	1	2	1	15	0	3	9	2	4	4	9	2	3	15	1	11	6	0	1	9	0.17	inf
-3	-3	0	0	-2	-3	-3	-4	-1	-1	2	-4	0	5	-3	-3	-2	2	5	-1	1	1	4	6	1	1	2	1	1	2	21	1	2	25	1	2	2	2	19	4	0.65	inf
-1	-1	3	2	-3	0	-1	0	-1	-2	-2	0	-2	1	2	0	-1	-1	3	-2	5	3	17	10	0	5	2	7	1	2	4	4	0	7	9	6	3	1	12	2	0.22	inf
0	-1	0	1	-2	0	0	-1	1	0	1	-1	1	0	0	1	0	-1	1	-1	5	2	4	11	1	4	7	4	4	6	14	3	4	4	3	11	6	1	5	3	0.04	inf
-1	0	0	-1	-2	-1	-1	-1	-2	-1	-1	-2	-1	-3	-1	2	4	0	-1	1	3	6	4	2	1	2	3	4	1	2	4	2	1	1	2	15	30	1	3	12	0.30	inf
-1	1	-1	0	1	-1	1	-1	-1	0	0	-1	-1	2	-1	0	0	5	2	0	3	7	3	5	3	3	9	4	1	5	7	2	1	10	2	6	5	8	8	7	0.12	inf
0	0	0	-1	0	0	0	0	0	0	0	0	0	1	2	0	0	-2	0	0	7	4	4	4	2	3	4	7	3	4	10	6	2	8	10	5	4	0	3	9	0.04	inf
-1	-1	0	1	5	0	1	1	-1	-1	-2	0	-1	-1	-1	0	0	-1	0	-2	5	3	5	10	13	5	8	10	1	5	3	7	2	3	3	7	4	1	3	2	0.14	inf
-1	1	0	0	-1	1	0	-2	-1	0	0	0	1	0	0	0	0	1	0	1	3	11	3	4	1	6	7	3	1	6	7	7	4	5	4	5	8	2	3	11	0.04	inf
0	0	1	1	-1	1	0	0	1	-1	-1	0	-1	-1	0	0	0	0	0	-1	9	4	5	11	1	7	6	9	3	3	4	7	1	3	3	8	6	1	5	3	0.07	inf
0	-1	0	-1	-2	0	0	3	1	0	-1	0	-1	0	-2	-1	0	2	0	-1	6	2	5	4	1	3	5	29	4	5	7	5	1	3	2	4	5	3	3	4	0.16	inf
0	-1	-1	-1	-2	-1	-1	-1	1	-1	-1	0	-2	-1	2	0	0	7	1	-1	9	2	2	4	1	2	4	4	3	4	6	5	1	2	11	9	5	16	5	6	0.30	inf
0	-1	0	1	-2	0	1	0	0	0	-1	0	0	0	0	0	0	-2	0	0	9	2	3	8	1	3	12	5	3	8	6	5	1	5	3	6	5	0	3	10	0.03	inf
0	-1	1	0	-2	0	-1	1	0	0	0	-1	0	0	0	0	0	-1	3	-1	6	2	7	7	1	3	4	13	2	5	8	3	3	2	4	6	4	0	16	5	0.10	inf
0	-1	1	2	-1	-1	0	-1	0	-1	-1	0	0	-1	3	1	0	-1	0	-1	7	2	5	15	1	1	5	3	3	4	5	4	2	2	14	10	7	1	3	5	0.15	inf
0	0	1	0	-1	1	0	0	0	0	-1	0	1	-1	0	1	1	-2	1	-1	7	7	6	3	1	7	7	6	2	5	6	5	4	3	3	9	9	0	5	3	0.04	inf
0	-2	1	0	-1	1	-1	-1	-1	-1	-1	0	-1	-1	1	2	1	-1	0	-1	8	1	7	5	1	6	3	4	1	3	6	4	1	3	8	22	7	1	3	5	0.12	inf
0	-1	0	0	-1	0	0	-1	-1	1	1	0	1	0	0	0	0	-1	1	1	7	3	5	4	1	4	8	3	1	8	14	6	3	4	3	5	5	1	6	9	0.02	inf
-1	-1	0	1	0	1	0	0	0	-2	-1	0	-1	1	1	1	0	0	1	-1	4	2	3	8	3	9	5	8	3	2	5	5	1	9	8	13	5	1	4	3	0.09	inf
0	-1	-1	0	0	0	1	-1	-1	-1	0	0	0	1	2	0	0	0	1	-1	6	3	2	5	3	4	10	3	1	4	10	4	2	8	11	9	5	1	6	4	0.07	inf
-1	-2	1	-1	-1	-2	0	3	3	-3	-3	-1	-3	-1	-2	2	-1	-3	1	-2	4	1	7	4	2	1	6	28	8	1	2	3	0	3	1	19	3	0	5	3	0.37	inf
0	-2	-1	0	-2	-1	-1	-1	-1	1	1	-2	0	0	-1	0	2	3	0	1	8	2	2	6	1	2	2	4	1	8	19	1	1	3	3	9	13	4	4	8	0.09	inf
0	-2	0	1	-3	-2	-1	-1	-2	2	0	-2	-1	-1	-1	3	1	-4	-2	0	6	2	5	8	0	1	2	3	1	13	11	2	1	2	3	26	10	0	1	5	0.19	inf
1	-2	0	-1	-3	0	-1	-1	-1	0	-1	-1	-1	-2	2	1	2	-3	-2	1	14	1	5	4	0	5	4	4	2	4	5	3	2	2	9	13	13	0	1	11	0.14	inf
1	-1	0	-1	-3	0	-1	-1	-2	-1	0	-1	0	-1	-1	2	2	1	-1	0	12	2	4	3	0	4	4	4	0	4	8	2	3	3	2	16	17	2	1	7	0.12	inf
0	-1	-1	0	-3	2	1	-2	1	0	1	-1	0	-1	-2	0	0	1	-1	1	8	3	2	4	0	11	12	2	3	3	17	3	3	2	1	6	6	2	2	11	0.10	inf
1	-2	-2	-4	-2	1	-2	-3	-2	-1	0	-1	0	1	-4	0	-1	7	2	1	13	1	1	0	1	7	3	2	0	3	9	4	2	5	0	9	4	17	8	9	0.43	inf
0	-4	1	2	-4	-1	-1	4	-2	-3	-3	-2	-2	-3	-4	2	-1	-5	-3	-2	9	0	5	10	0	3	3	35	1	2	3	2	1	1	0	19	4	0	1	2	0.53	inf
-1	-4	-2	-5	-3	-3	-5	-4	-3	2	4	-4	3	1	-4	-2	0	5	-2	1	5	0	2	0	0	1	0	1	0	9	43	1	6	5	1	2	5	7	1	10	0.62	inf
0	-4	-3	-4	0	-4	-4	-1	-3	3	1	-4	0	2	-1	0	1	-4	-2	3	9	0	1	1	2	0	0	5	0	18	11	0	1	7	2	8	8	0	1	24	0.35	inf
0	-4	-2	-3	2	1	-3	0	-1	1	0	-3	1	1	-4	1	2	-4	-2	3	6	0	1	0	5	8	0	9	1	8	9	0	3	7	0	10	11	0	1	20	0.23	inf
2	-5	-3	-4	-1	-4	-3	1	-5	-4	-4	-4	-2	-5	-4	5	3	-6	-1	-3	14	0	1	1	1	0	1	11	0	1	2	0	1	0	1	47	16	0	3	2	0.91	inf
1	-4	-4	-5	1	-3	-4	-2	-5	3	1	-4	3	-1	-4	2	-1	-5	-3	3	11	0	0	0	3	1	0	2	0	19	15	1	7	3	0	17	3	0	0	18	0.46	inf
-1	-5	-4	-6	-2	-3	-5	-4	-4	-3	1	-5	2	6	-3	-2	-1	-3	5	0	7	0	1	0	1	1	0	1	0	1	10	0	5	37	1	3	5	0	20	7	1.05	inf
0	-4	2	-4	-3	-2	-3	-1	-3	0	1	-3	3	3	0	0	0	-3	1	0	8	0	9	0	0	2	1	4	0	4	16	0	10	14	4	9	7	0	5	6	0.27	inf
1	-5	-5	-6	1	-5	-5	-3	-5	3	3	-5	-1	1	-5	-2	-2	3	0	3	15	0	0	0	3	0	0	2	0	15	29	0	1	6	0	2	1	4	2	19	0.57	inf
1	-6	-4	-5	-2	-6	-6	7	-6	-3	-4	-5	-1	-2	-4	-1	-2	-6	-4	-2	11	0	0	0	1	0	0	68	0	2	2	0	2	2	1	5	3	0	1	4	1.47	inf
1	-2	0	-3	2	0	-3	1	-3	-1	-1	-3	2	2	-4	1	-1	-2	4	0	15	2	4	0	4	5	1	12	0	3	5	0	6	8	0	9	4	0	14	8	0.24	inf
2	-5	-5	-5	-2	-4	-5	-1	-5	2	3	-5	5	3	-2	-2	-1	-2	-3	0	19	0	0	0	1	0	0	5	0	11	25	0	14	11	2	2	3	0	0	6	0.56	inf
0	-5	-6	-6	-2	-5	-5	-4	-5	4	2	-5	1	3	-5	-2	-2	-2	-3	3	8	0	0	0	1	0	0	1	0	26	18	0	2	13	0	3	2	0	0	23	0.76	inf
1	-5	-4	-5	-1	-5	-5	6	-5	-4	-3	-5	-2	1	-4	1	0	-3	-5	-4	11	0	0	0	1	0	0	55	0	1	3	0	1	7	1	11	5	0	0	1	1.11	inf
3	-3	-2	-3	2	3	-2	1	-4	-2	-3	-3	0	-4	1	3	0	-5	-2	-2	22	1	1	0	4	14	2	11	0	2	2	1	3	1	6	22	4	0	1	3	0.44	inf
-2	-5	-5	-6	-3	-3	-5	-4	-5	3	3	-5	2	3	2	-3	-2	1	-1	1	3	0	0	0	0	1	0	1	0	17	32	0	5	11	12	1	2	2	2	10	0.64	inf
-1	-4	-5	-6	-2	-5	-5	-2	-5	3	2	-5	1	4	2	-2	-1	-2	-1	2	4	0	0	0	1	0	0	3	0	18	17	0	3	19	11	3	3	0	1	16	0.58	inf
1	-5	-4	-5	1	-4	-5	2	-4	0	1	-4	-1	4	-5	1	-1	4	1	0	14	0	0	0	2	0	0	14	0	4	12	0	1	20	0	12	4	5	4	6	0.46	inf
0	-5	-2	-6	-4	-6	-6	7	-6	-7	-6	-5	-1	-4	-4	1	-2	-7	-3	-5	7	1	2	0	0	0	0	70	0	0	1	1	1	1	1	12	3	0	1	1	1.65	inf
0	1	-2	-4	-2	0	-3	-2	1	-1	-1	1	-1	1	3	-1	-1	5	4	-2	6	7	2	1	1	3	0	4	3	4	8	8	1	5	17	3	3	8	14	1	0.39	inf
-2	-6	-7	-7	-1	-6	-6	-5	-6	3	5	-6	2	1	-4	-4	-2	2	-2	0	3	0	0	0	2	0	0	1	0	15	54	0	5	6	1	1	2	3	1	6	1.03	inf
3	-5	-2	-4	0	-4	-4	2	-5	0	-1	-4	-1	-4	-4	4	0	-6	-3	-1	26	0	2	0	2	0	0	14	0	6	6	0	2	1	0	32	5	0	1	4	0.64	inf
-4	-2	1	7	-8	0	1	-4	-2	-6	-6	-1	-5	-6	-4	-2	-3	-8	-5	-6	1	3	5	66	0	4	8	1	1	1	1	4	0	0	1	2	1	0	1	1	1.70	inf
-2	6	-3	-5	-3	-1	-4	-5	0	1	-2	3	0	0	-4	-2	-2	1	-1	-1	3	40	1	0	1	2	0	0	2	8	5	20	2	3	1	2	2	2	3	4	0.85	inf
-4	-4	-4	-7	-1	-5	-5	-5	-2	2	2	-4	1	6	-7	-2	-3	2	5	1	1	1	1	0	1	0	0	1	1	10	16	1	3	31	0	3	1	3	18	8	0.98	inf
-3	-7	-2	-3	-7	-4	-5	7	-6	-8	-7	-6	-7	-7	-4	-1	-6	-7	-4	-5	2	0	2	2	0	1	1	85	0	0	1	0	0	0	1	5	0	0	1	1	2.20	inf
-2	8	-3	-6	-4	-3	-4	-2	-2	-3	-3	-2	-6	-2	-2	-3	-4	-7	-4	-4	4	73	1	0	1	1	1	3	1	2	3	2	0	2	2	2	1	0	1	1	1.84	inf
-5	6	-2	-5	-3	-2	-3	-6	-4	-3	-4	6	-6	-5	-4	-4	-4	-2	-4	-3	1	39	2	0	1	1	1	0	0	2	2	44	0	1	1	1	1	1	1	2	1.55	inf
-2	2	1	-3	-5	-2	-2	-1	-1	-1	0	2	-1	-1	3	-1	-1	3	0	-1	3	14	6	0	0	1	1	4	1	4	8	16	1	3	18	4	4	4	3	4	0.31	inf
1	-4	-4	-4	0	-3	-4	-1	-5	2	0	-4	2	-3	-1	1	2	-1	-4	3	9	0	0	0	2	0	1	6	0	12	9	0	5	1	3	13	11	1	0	25	0.39	inf
-3	-4	-4	-7	-5	-5	-6	-7	-3	3	4	-6	5	3	-6	-3	-2	-4	4	0	2	1	1	0	0	0	0	0	1	15	36	0	12	11	0	2	2	0	14	4	0.95	inf
-2	-3	-3	-5	-1	-2	-4	0	-4	3	3	-3	2	2	-4	-3	-1	3	-1	1	3	1	1	0	1	2	0	8	0	18	32	1	5	8	1	2	3	3	1	8	0.46	inf
0	-2	-4	-5	0	-4	-5	-1	-4	3	2	-3	2	3	-2	-2	0	2	-1	2	9	2	0	0	2	0	0	4	0	19	16	1	5	11	2	2	6	3	2	15	0.37	inf
2	-4	-1	-4	3	-3	-3	3	-4	-2	-2	-4	-3	0	-3	3	2	-1	-3	-1	15	0	3	0	6	1	2	20	0	2	3	0	0	5	1	24	12	1	0	4	0.46	inf
1	-3	0	-2	1	-2	-3	-1	-3	2	2	-3	2	0	-2	0	0	-3	1	0	11	1	6	2	4	1	1	5	0	12	20	1	6	3	1	9	7	0	5	6	0.16	inf
1	-5	-4	-5	1	-4	-5	-2	-3	3	3	-4	0	2	-4	-1	0	-3	-3	3	11	0	1	0	3	0	0	3	1	16	25	0	2	10	0	4	5	0	0	18	0.47	inf
-2	-5	-5	-5	0	-2	-5	0	-5	3	3	-5	2	3	-1	-2	-2	0	-2	2	3	0	0	0	2	2	0	7	0	16	30	0	5	11	3	4	2	1	0	12	0.48	inf
-1	-5	-1	-3	2	-2	-4	-3	-2	-1	0	-5	3	6	-6	-1	-1	4	3	0	5	0	3	1	4	2	1	3	1	2	8	0	8	31	0	6	4	6	8	6	0.69	inf
1	-4	-4	-4	2	-3	-3	0	-4	3	1	-4	0	1	-4	1	1	-2	-2	2	12	1	0	0	4	0	1	7	0	19	14	0	2	7	0	9	10	1	0	12	0.33	inf
1	-5	-5	-5	-1	-3	-5	-3	-5	4	3	-5	-1	1	-4	-3	-1	2	-2	3	11	0	0	0	1	1	0	2	0	24	24	0	1	5	1	2	4	3	1	19	0.60	inf
1	-5	-3	-3	0	-4	-4	5	-5	-2	-1	-4	-2	3	-3	1	-1	2	-3	-1	13	0	1	1	2	0	0	37	0	2	7	0	1	11	1	12	3	2	1	4	0.62	inf
2	-4	1	-3	2	0	-3	2	-2	-3	-4	-4	-2	-3	-3	3	2	4	-1	-3	18	0	7	1	4	4	1	15	1	2	1	0	1	1	1	24	11	5	3	1	0.49	inf
0	-5	-5	-5	1	-5	-5	-1	-5	4	3	-5	2	1	-5	-3	0	0	-1	2	9	0	0	0	3	0	0	5	0	21	26	0	4	6	0	1	5	1	2	15	0.54	inf
1	-4	-4	-5	0	-4	-4	0	-4	2	3	-4	1	2	-2	-1	-1	0	-2	1	12	0	0	0	2	0	0	9	0	12	31	0	3	8	2	4	3	1	1	10	0.38	inf
-1	-4	-1	-3	4	1	-3	-3	-4	2	0	-3	4	1	-4	1	1	-1	-1	1	5	0	3	1	9	7	1	2	0	13	8	1	11	6	0	12	11	1	2	8	0.30	inf
3	-3	-3	-4	-2	-2	-4	3	-1	1	0	-3	-2	0	-1	1	-1	-4	-2	0	30	1	1	0	1	1	0	21	1	7	10	0	1	4	3	8	4	0	2	5	0.39	inf
-2	-4	-4	-5	4	-1	-4	-2	-4	1	3	-4	1	5	-1	-3	-1	2	-1	0	4	1	0	0	8	3	1	4	0	7	26	0	3	22	3	2	3	3	1	7	0.53	inf
5	-3	-3	-4	1	-2	-4	-1	-2	-2	-3	-4	1	-3	-2	4	1	-5	-5	-1	40	1	1	1	3	1	0	4	1	2	3	0	3	1	2	26	7	0	0	4	0.75	inf
2	-1	1	-1	0	0	-1	-1	1	-1	-2	1	-1	-1	0	1	1	-1	0	0	20	2	6	3	2	3	3	5	3	3	3	9	1	3	4	11	11	1	3	6	0.11	inf
1	0	0	0	0	-1	-1	1	0	0	-1	-1	0	1	0	0	0	0	0	0	15	4	4	5	2	3	3	11	2	5	6	2	2	9	4	8	6	1	3	5	0.04	inf
2	-1	-1	-1	0	-1	-1	0	-1	0	-1	-1	0	0	0	1	0	-2	0	1	17	3	2	4	2	2	3	5	1	6	5	4	2	5	5	11	5	0	4	11	0.05	inf
-1	0	1	-1	-3	1	-1	0	0	-2	-2	0	-2	-1	4	0	0	2	-1	-1	5	5	8	3	1	7	3	6	3	2	5	6	1	2	21	8	5	3	2	4	0.25	inf
-1	-2	4	1	-4	-1	-1	-1	2	-3	-4	-1	-1	-3	-3	4	1	-1	-2	-1	5	2	22	7	0	2	3	5	5	1	1	3	1	1	1	28	8	1	1	4	0.51	inf
-4	-4	-5	-4	-5	-3	-4	-5	-1	2	1	-4	2	5	-3	-4	-2	3	5	1	1	1	0	1	0	1	1	1	1	10	14	1	5	24	2	1	2	4	20	10	0.83	inf
2	-2	-2	-2	-4	-1	0	1	-1	0	-2	-3	0	-1	1	-1	0	7	1	-1	16	2	1	2	0	3	8	10	2	6	3	1	2	2	8	5	6	15	5	4	0.37	inf
-1	-4	-4	-4	0	1	-3	-2	-3	1	2	-3	5	0	-4	0	0	4	-1	2	6	0	0	1	2	8	1	4	0	6	16	1	17	4	1	6	7	6	2	12	0.40	inf
-4	-6	-6	-7	-5	-4	-6	-7	-5	2	5	-6	3	4	-6	-6	-4	-2	3	0	1	0	0	0	0	1	0	0	0	10	46	0	7	19	0	0	1	0	8	5	1.13	inf
0	-3	-3	-2	4	-4	-4	-3	-5	4	3	-4	3	1	-5	-3	-1	-2	0	1	7	1	1	2	8	0	1	2	0	22	23	0	7	6	0	1	3	0	3	9	0.52	inf
1	-5	-5	-5	0	-5	-5	-1	-5	3	1	-5	-1	3	-3	-1	-2	-4	-3	3	14	0	0	0	2	0	0	5	0	19	15	0	1	11	1	4	2	0	0	23	0.55	inf
1	-3	-3	-4	2	-4	-4	4	-4	-3	1	-4	0	3	-5	0	0	1	-1	-1	11	1	1	0	5	0	0	30	0	1	14	0	3	13	0	8	5	2	1	4	0.50	inf
-4	8	-4	-5	-8	-2	-6	-6	-3	-8	-5	-2	-4	-2	-7	-4	-4	-8	-3	-8	1	85	1	1	0	2	0	1	0	0	1	2	1	2	0	1	1	0	1	0	2.54	inf
1	-6	-6	-7	0	-6	-6	-2	-6	2	1	-6	0	6	-6	-4	-1	0	-3	2	11	0	0	0	2	0	0	3	0	11	15	0	2	36	0	1	5	1	0	14	0.92	inf
-3	-6	-7	-7	-1	-6	-7	-4	-7	4	4	-6	1	3	-5	-4	-3	1	-4	2	2	0	0	0	1	0	0	1	0	21	43	0	2	13	1	1	1	2	0	11	1.03	inf
1	-3	-2	-4	2	3	-3	-3	-1	1	1	-2	1	-2	-4	0	1	-1	-1	2	11	1	2	0	4	17	1	2	1	6	17	1	4	2	0	8	7	1	3	13	0.28	inf
-1	-8	-4	-7	-4	-5	-8	8	-8	-9	-9	-7	-8	-9	-8	-3	-7	-8	-5	-6	5	0	1	0	0	1	0	90	0	0	0	0	0	0	0	2	0	0	1	0	2.56	inf
-1	-6	-6	-6	1	-5	-6	-5	-6	4	2	-6	4	4	-6	-3	-2	-3	-2	2	6	0	0	0	3	0	0	1	0	21	20	0	9	19	0	2	2	0	1	15	0.82	inf
2	-5	-3	-4	2	-5	-4	5	-5	-4	-2	-5	-2	2	-2	1	-1	-3	-2	-1	15	0	1	1	4	0	1	42	0	1	4	0	1	9	2	11	3	0	1	4	0.76	inf
1	-2	-2	-3	1	-1	1	1	-1	2	0	-2	0	-2	-3	0	-1	-1	-1	2	13	2	2	0	4	3	9	11	1	11	11	2	2	1	1	6	3	1	2	16	0.12	inf
2	-6	-4	-5	1	-5	-4	6	-3	-4	-7	-3	-1	-5	-3	2	-3	-7	-7	-3	16	0	1	0	3	0	1	56	1	1	0	1	2	1	1	13	2	0	0	2	1.25	inf
1	-5	-2	-5	2	-3	-4	3	-3	0	0	-4	1	2	-1	0	0	-2	-2	0	14	0	2	0	4	1	0	25	0	7	10	0	3	9	3	8	4	1	1	7	0.34	inf
1	-4	-1	-1	0	-2	-1	0	-2	2	0	-3	0	2	-1	0	1	-4	0	1	16	0	3	3	2	1	4	7	1	14	10	0	2	8	3	5	7	0	3	11	0.14	inf
0	-3	0	-3	-1	-1	-3	-1	-3	1	1	-4	2	1	-1	2	0	3	3	-1	8	1	4	1	1	3	1	4	0	7	12	0	6	7	4	20	4	5	10	4	0.26	inf
0	-4	-1	-4	-1	-1	-4	0	-3	0	0	-4	1	-3	4	1	1	-5	0	2	9	1	3	0	1	4	0	7	1	5	10	0	3	1	21	9	8	0	3	14	0.35	inf
2	-4	0	-4	1	-2	-4	0	-3	2	1	-4	1	-2	-3	0	1	-5	-3	3	15	0	6	0	3	1	0	6	0	11	16	0	3	1	1	7	7	0	1	20	0.31	inf
2	-3	-1	-3	3	-1	-4	1	-4	0	-1	-3	0	-1	-3	1	1	-2	-3	3	20	1	3	1	6	2	0	9	0	6	4	1	2	2	0	13	9	0	1	20	0.30	inf
1	-1	0	-3	-1	-2	-3	-1	0	-1	-1	-2	1	2	4	1	-1	-1	1	-1	14	3	4	1	1	2	1	4	2	3	6	1	4	8	23	10	4	1	6	5	0.34	inf
1	-2	-2	-3	-4	-2	-3	0	-3	1	2	-3	3	-2	-3	0	2	-2	-2	2	14	2	1	1	0	1	1	6	1	8	17	1	8	1	1	8	13	1	2	16	0.27	inf
-1	-4	-6	-6	-5	-4	-4	-5	-3	3	2	-5	1	1	-5	-3	-1	2	6	0	5	1	0	0	0	1	1	1	0	15	20	0	3	5	0	2	5	3	32	6	0.90	inf
0	-2	-1	-5	-2	-2	-5	-2	-5	4	2	-3	2	0	-5	-2	0	0	-2	2	9	2	3	0	1	2	0	3	0	25	23	2	4	4	0	2	6	1	1	12	0.44	inf
2	-2	0	-1	-1	-1	-2	1	-4	-2	-2	-2	2	-3	-3	4	2	-5	-3	-1	18	2	4	3	1	2	2	9	0	2	4	2	5	1	1	28	11	0	1	5	0.36	inf
-3	-1	-3	4	-2	-1	6	-6	-2	-6	-5	0	-3	-4	-6	-3	-3	4	-2	-6	2	4	1	19	1	2	51	0	1	0	1	5	1	1	0	2	2	6	2	0	1.27	inf
-2	-2	-1	-4	0	-4	-3	-4	-4	3	1	-4	2	3	-5	-1	0	6	2	1	3	2	4	0	2	0	2	1	0	18	13	0	6	10	0	5	6	11	6	10	0.47	inf
2	-4	-4	-2	1	-3	-2	-3	-4	1	0	-3	0	3	-2	1	1	1	0	2	22	0	0	2	3	1	2	1	0	6	7	1	2	11	2	11	8	2	3	15	0.29	inf
-3	-1	-1	-1	-4	-1	-2	1	-1	-4	-4	-2	-4	-5	7	0	-1	-7	-4	-2	2	3	3	4	0	3	2	10	2	1	2	2	0	0	49	8	4	0	1	3	1.11	inf
1	0	-1	-1	-3	0	1	-2	-1	-2	-1	2	0	-3	4	0	1	-5	-3	-2	10	6	2	3	0	3	8	2	1	2	5	15	2	1	20	8	9	0	0	2	0.33	inf
0	2	1	0	-3	1	2	-1	4	-3	-3	3	-3	-4	-3	1	-1	1	-2	-3	8	12	6	4	1	4	14	4	9	1	2	16	1	1	1	9	3	2	1	1	0.34	inf
-1	1	0	-1	-4	1	1	-3	1	1	0	1	0	-1	-3	-1	0	3	2	0	3	10	4	3	0	7	9	2	3	8	12	9	2	2	0	4	5	4	8	5	0.13	inf
-2	8	-2	-6	-1	0	-4	-3	-5	-5	-3	0	-4	-5	-6	-2	-2	-1	-2	-3	4	70	2	0	1	3	1	2	0	1	3	4	0	1	0	3	3	1	1	2	1.73	inf
1	-1	-2	-4	-5	-2	-4	5	-2	-2	-2	-1	-1	-2	-1	1	1	0	-3	-3	13	3	2	0	0	1	1	43	1	3	4	3	1	2	3	8	8	1	1	2	0.64	inf
1	2	-2	-3	-2	-1	-2	-1	-2	0	0	1	1	1	-3	0	1	2	1	0	15	12	1	1	1	3	2	4	0	4	8	9	3	7	0	5	11	3	4	7	0.14	inf
2	-3	-3	-4	-1	-4	-4	-3	-2	1	3	-4	3	2	-2	-1	-1	2	1	2	19	1	1	1	1	0	1	1	1	5	24	0	9	9	2	4	2	3	4	12	0.39	inf
0	-3	-1	-4	-2	-2	-4	3	-4	2	1	-3	3	0	-4	0	1	-4	-2	2	7	1	3	0	1	2	0	21	0	11	12	1	7	4	0	7	9	0	1	13	0.31	inf
2	-4	-2	-4	-1	-3	-4	2	-4	0	-1	-3	1	-2	-1	3	2	-5	-3	1	15	0	2	0	1	1	0	13	0	7	6	1	4	2	3	22	15	0	0	9	0.36	inf
0	-3	-4	-5	0	-3	-4	-1	-1	2	3	-4	2	3	-5	-2	0	1	1	1	8	1	0	0	2	1	0	6	2	10	27	0	6	12	0	3	5	2	5	10	0.38	inf
0	-3	1	-4	-2	-2	-3	-2	0	0	0	-3	1	4	0	0	0	3	3	1	7	1	8	0	1	2	1	2	2	6	7	1	3	17	4	9	4	3	12	9	0.29	inf
0	-2	1	-3	2	4	0	1	-1	-2	-3	-3	1	1	-4	1	0	-1	0	-2	7	1	8	1	4	20	6	11	1	2	2	0	5	7	0	12	6	1	4	3	0.29	inf
1	-4	-3	-5	2	-4	-4	-1	-4	2	3	-4	2	2	-4	0	1	0	0	1	11	0	1	0	4	0	1	5	0	11	26	0	5	7	0	8	8	1	3	9	0.34	inf
2	-5	-3	-5	3	-4	-5	3	-5	-1	-1	-5	3	5	-3	0	-2	1	-3	-1	17	0	1	0	6	1	0	21	0	4	4	0	7	21	1	7	2	2	0	5	0.59	inf
0	-3	-2	-5	-3	0	-4	0	-3	2	-1	-3	1	2	-2	0	0	6	2	1	8	1	2	0	0	5	0	8	0	15	4	1	4	10	2	7	6	11	6	8	0.34	inf
1	-3	0	-3	2	-1	-3	0	-2	0	-1	-3	1	-1	-1	1	3	-2	0	1	11	0	5	1	5	3	0	7	1	5	6	0	4	3	4	10	20	1	4	12	0.22	inf
0	-5	-4	-5	-1	-5	-5	0	-5	3	2	-5	1	2	-5	-1	-1	-1	-3	3	7	0	1	0	1	0	0	9	0	19	21	0	3	9	0	5	3	1	0	20	0.49	inf
0	-7	-3	-6	-7	-7	-7	7	-7	-4	-6	-6	-7	-4	-7	-2	-5	-7	-8	-4	7	0	1	0	0	0	0	83	0	1	1	0	0	1	0	3	1	0	0	1	2.18	inf
0	-4	-1	-4	-3	1	-3	0	-2	3	0	-3	1	0	2	0	0	-1	-1	0	9	0	3	0	0	8	1	7	1	20	7	1	4	4	11	8	6	1	2	7	0.23	inf
0	-5	-4	-5	0	-4	-5	-2	-5	2	3	-5	3	3	-3	-1	-2	-4	-3	2	9	0	1	0	2	1	0	4	0	11	30	0	8	11	2	5	2	0	0	15	0.52	inf
-1	-5	-4	-6	-1	-2	-5	-2	-5	4	4	-5	0	2	-4	-2	-2	-2	-2	3	4	0	1	0	1	2	0	3	0	19	34	0	2	7	1	4	3	0	1	18	0.64	inf
3	-4	-4	-4	1	-3	-2	4	-4	-3	-1	-4	-1	-1	-2	1	0	-5	-3	-2	27	1	0	0	2	1	2	31	0	2	7	0	2	2	2	11	5	0	1	3	0.58	inf
2	-2	-1	-4	-3	0	-3	0	-2	-2	-2	-3	-2	1	4	1	-2	-2	3	-2	19	2	4	1	0	5	1	8	1	3	4	1	1	6	21	9	2	1	12	2	0.44	inf
1	-4	-3	-4	1	-3	-4	1	-3	3	2	-4	0	1	-1	-2	-2	2	-1	1	12	0	1	0	3	1	1	11	1	16	23	0	2	7	4	3	1	3	2	11	0.31	inf
0	-4	-2	-4	-1	-3	-4	-3	-3	3	2	-4	3	2	-1	-2	-1	-4	-2	3	7	0	2	0	1	1	1	2	1	19	20	1	7	10	3	3	3	0	1	18	0.43	inf
2	-4	2	-3	-2	-3	-4	5	-4	-2	-3	-3	-1	-4	0	1	0	-2	-2	-2	14	0	9	1	1	1	1	41	0	2	3	1	1	1	5	8	5	1	2	3	0.64	inf
-1	-2	-3	-3	-2	-1	-1	0	1	0	3	-2	2	1	-2	-1	-1	1	4	-1	6	1	1	1	1	2	4	7	3	5	27	3	5	5	1	5	3	2	17	2	0.29	inf
1	-1	-2	-2	-1	-1	-1	3	-1	-1	0	-1	1	1	1	0	-1	0	0	0	13	2	2	2	1	1	5	21	1	2	10	4	3	7	6	7	3	1	3	6	0.12	inf
0	-2	0	-1	-2	-1	-1	2	0	0	0	-1	0	1	-1	1	1	-1	0	0	7	1	3	3	1	1	3	16	2	7	8	3	2	8	3	13	9	1	3	8	0.08	inf
0	-2	-2	-1	-2	-1	-1	-1	0	2	1	-1	1	1	-2	-1	-2	3	1	1	9	1	1	3	1	3	4	5	3	12	17	3	4	7	2	5	2	4	5	10	0.12	inf
1	-2	-2	-2	-2	-1	-1	-2	1	1	2	-1	1	0	-1	0	0	0	0	0	17	2	1	2	1	2	4	3	4	9	20	3	3	4	3	6	6	2	4	6	0.09	inf
0	-1	1	0	-1	0	-1	2	1	-1	-1	0	1	0	-1	1	0	0	1	-1	8	3	7	5	1	4	4	16	4	3	4	5	4	3	3	10	5	1	6	5	0.07	inf
0	-1	1	0	-3	0	0	0	0	-1	0	0	-1	0	1	1	1	0	-1	0	7	2	8	6	0	5	5	6	2	3	9	4	1	5	6	10	9	1	1	8	0.05	inf
0	-1	0	0	-1	-1	0	-1	2	1	0	-1	0	1	1	0	0	0	1	0	8	3	3	4	1	2	6	4	7	10	8	4	1	7	6	9	7	1	5	6	0.04	inf
0	1	0	0	-3	-1	-1	0	1	0	0	-1	0	1	0	0	-1	5	1	-1	7	8	4	5	0	2	3	8	4	6	8	4	2	5	5	6	3	9	4	4	0.12	inf
0	-1	0	2	-4	0	-3	4	2	-2	-2	-3	0	-3	-2	1	-1	0	-3	-1	6	3	5	10	0	5	1	31	5	2	5	1	3	1	2	11	4	1	1	4	0.38	inf
-5	-4	-5	-8	-7	-4	-8	-5	-4	-7	-5	-8	-1	1	-8	-7	-6	13	2	-6	1	1	1	0	0	1	0	1	1	0	1	0	2	5	0	1	1	78	5	1	4.01	inf
-3	7	-5	-5	-2	2	-3	-3	2	-2	-4	0	-6	-3	2	-2	-3	-7	-2	-4	2	52	0	1	1	7	1	3	5	2	2	5	0	1	10	4	2	0	1	1	1.23	inf
-1	-3	-1	-5	-4	-4	-5	-3	-2	3	1	-5	1	1	-5	-1	0	9	2	1	4	2	3	0	0	1	0	2	1	15	11	0	4	5	0	5	5	24	7	10	0.88	inf
-1	-4	-4	-5	0	-3	-4	-4	-5	2	3	-5	4	1	2	-1	0	-5	-3	1	5	1	1	0	2	1	1	1	0	10	31	0	10	6	9	6	6	0	1	8	0.49	inf
0	-6	-5	-7	-6	2	-4	-5	-2	0	3	-6	-1	7	-5	-4	-2	2	2	-2	8	0	0	0	0	8	1	1	1	5	23	0	1	37	1	1	3	2	5	2	1.03	inf
0	-2	-2	-5	-2	-5	-5	3	-4	1	2	-5	2	2	-3	-2	-4	5	2	0	9	3	2	0	1	0	0	20	0	9	18	0	4	8	2	2	0	9	6	6	0.48	inf
0	-6	-5	-6	-1	-4	-6	-3	-3	4	3	-5	1	2	-4	-2	1	0	-3	2	8	0	0	0	1	0	0	2	1	23	23	0	4	9	1	3	7	1	1	15	0.60	inf
1	-4	1	-2	2	0	-2	3	-4	1	-1	-3	1	-1	-2	0	1	-5	-2	1	14	0	6	2	5	4	2	19	0	10	5	0	3	2	1	8	8	0	1	9	0.22	inf
2	-5	-2	-5	0	-4	-4	1	-5	2	1	-4	2	1	-3	2	1	-1	-2	0	20	0	2	0	2	0	0	11	0	10	11	0	5	6	1	14	9	1	1	7	0.31	inf
1	-6	-6	-6	0	-6	-6	-3	-5	4	3	-6	1	0	0	-3	-3	-6	-5	3	12	0	0	0	2	0	0	3	0	23	23	0	3	4	5	1	1	0	0	21	0.71	inf
-2	-5	-4	-5	-3	-4	-4	-1	-6	1	1	-5	2	1	6	-1	-3	4	-3	-1	2	0	1	1	1	1	1	6	0	9	14	0	5	5	39	6	2	6	1	4	0.93	inf
3	-5	-2	-4	4	-4	-5	3	-5	0	-1	-4	-2	2	-1	1	0	-5	-3	-1	25	0	2	1	8	0	0	23	0	6	5	0	1	7	4	9	5	0	1	3	0.50	inf
1	-5	-5	-6	0	-5	-5	0	-5	3	2	-5	-1	2	-4	-2	-1	-1	-2	3	13	0	0	0	2	0	0	7	0	19	23	0	1	9	1	3	3	1	1	20	0.56	inf
-1	-6	-5	-6	2	-5	-6	-3	-6	3	3	-5	0	3	0	-3	-3	-1	-1	2	6	0	0	0	4	0	0	3	0	18	31	0	1	13	5	1	1	1	1	12	0.65	inf
0	-4	-1	-4	1	1	-4	-1	-3	0	2	-4	3	3	-4	0	0	3	0	0	8	0	3	0	3	6	0	5	0	4	19	0	7	15	0	7	7	4	2	7	0.30	inf
0	-4	-5	-5	1	-5	-5	-2	-5	3	3	-5	2	4	-3	-2	-1	1	1	1	9	0	0	0	3	0	0	4	0	14	25	0	4	19	1	3	4	2	3	7	0.54	inf
0	-5	-6	-6	-2	-5	-6	-3	-4	4	3	-5	1	3	-3	-3	-3	-1	1	2	7	0	0	0	1	0	0	2	0	21	28	0	4	11	2	2	1	1	5	13	0.65	inf
0	-4	-4	-4	1	-3	-5	2	-3	0	2	-4	0	2	-3	0	-1	4	2	0	7	0	0	0	3	1	0	18	1	5	23	0	2	7	1	6	4	6	7	7	0.37	inf
0	1	-5	-5	2	-4	-5	-2	-4	2	2	-4	4	2	-4	1	-2	4	0	1	7	9	0	0	4	0	0	3	0	11	18	0	10	7	0	10	1	6	4	9	0.39	inf
-3	-1	-5	-5	2	-4	-5	-5	-2	0	2	-2	2	5	0	-2	-2	7	2	-1	2	3	0	1	4	1	0	0	1	6	19	3	5	23	5	3	2	13	5	4	0.71	inf
-2	-3	-4	-5	-1	-4	-4	-4	-4	1	2	-1	-1	6	-5	-3	-2	6	0	0	4	2	1	1	2	0	1	1	0	7	16	5	1	37	0	2	2	9	3	6	0.91	inf
-2	-5	-5	-5	3	-4	-5	-5	-3	4	3	-5	4	2	-5	-4	-1	-2	-2	2	3	0	0	1	6	0	1	0	0	19	30	0	9	8	0	1	3	0	1	15	0.74	inf
-2	-1	-4	-3	-2	-3	-2	-5	0	-2	-3	0	-5	-4	7	-1	-4	-5	-1	-2	3	3	1	1	1	1	3	1	2	2	3	5	0	1	61	4	1	0	2	3	1.55	inf
-2	-3	-1	1	-5	-2	7	-4	-3	-5	-4	-2	-4	-4	-2	-2	-4	-5	-4	-4	3	1	2	6	0	1	70	2	1	1	2	1	0	1	2	3	1	0	0	2	1.58	inf
-2	-3	-2	-2	-3	-2	-2	-3	-4	-4	-3	-2	-3	-4	-2	5	4	-4	-4	-3	2	1	2	2	1	2	2	2	0	1	2	2	1	1	2	49	25	0	1	2	1.04	inf
2	-3	-3	-2	-4	-3	-2	-3	-3	-3	-2	-1	-3	-4	7	-2	-1	-4	-1	-4	16	2	1	2	0	1	2	2	1	2	4	3	1	1	53	2	4	0	2	1	1.26	inf
0	6	0	-2	-3	-1	-2	-3	2	-2	-3	0	-3	-2	-3	-1	-2	1	-1	-3	8	49	5	3	1	2	3	2	4	2	2	5	0	2	2	4	2	2	2	1	0.85	inf
-3	-4	-4	-4	-3	-3	-3	-3	-3	-2	-2	-2	-2	4	-3	-1	-2	10	4	-2	2	1	1	1	1	1	2	2	0	2	3	3	1	13	2	6	3	37	15	2	1.52	inf
-2	-2	-2	-2	0	-2	-2	-3	-1	0	5	-2	0	-1	-2	-1	1	-3	-1	-2	3	2	2	3	2	2	3	2	2	3	52	3	2	2	2	4	9	0	2	2	0.54	inf
1	-1	-1	-1	-1	-1	-1	-1	0	1	1	-1	0	1	0	0	0	-1	2	1	14	2	3	3	1	2	3	4	2	7	16	4	2	5	4	6	3	0	8	10	0.05	inf
0	-1	-1	-2	-2	-1	0	-1	0	2	1	0	0	-1	-2	0	0	-2	-1	2	8	3	3	2	1	2	5	3	2	15	16	6	2	3	1	9	4	0	1	13	0.08	inf
-1	1	0	-1	-2	1	0	-2	0	0	-1	1	1	-2	-1	1	1	0	-1	1	4	7	5	2	1	6	6	3	2	5	7	11	4	1	2	15	8	1	1	10	0.09	inf
-1	2	1	-1	-2	2	0	2	0	-3	-2	2	-2	-2	-1	-1	-1	-3	-2	-2	4	14	6	3	1	10	6	15	3	1	5	16	1	1	3	5	2	0	2	2	0.24	inf
-1	2	1	0	-3	0	-1	3	0	-2	-2	2	-2	-2	-2	-1	-1	-3	-3	-3	3	13	8	6	1	3	3	27	3	3	3	12	1	2	2	3	4	0	1	2	0.32	inf
-1	3	1	1	-3	1	0	-2	0	-1	0	1	-1	0	1	-1	-1	1	-1	-1	3	16	7	9	0	6	4	3	2	3	10	11	1	4	6	4	3	2	2	3	0.13	inf
-1	0	-1	2	-3	0	3	-1	1	0	-1	0	-1	-1	-1	-1	0	-2	0	0	4	5	2	12	0	3	21	4	4	6	5	4	1	2	2	4	7	0	4	8	0.15	inf
0	0	-1	2	-3	2	3	-1	-2	-2	-1	2	-2	-3	-1	0	-1	-2	-2	-2	8	4	2	9	0	8	22	4	1	2	6	12	1	1	3	7	4	1	1	3	0.23	inf
1	2	0	0	-4	1	4	-2	-1	-3	-2	2	-2	-4	-2	-1	-1	-4	-3	-2	14	10	3	4	0	5	27	2	1	1	4	12	1	1	2	4	4	0	1	3	0.37	inf
4	-1	-2	-3	0	-2	-2	0	-1	-1	-1	1	-2	-1	-2	0	-1	-1	-1	0	43	3	2	1	2	1	3	6	1	3	6	8	1	3	2	5	3	1	2	5	0.40	inf
0	4	-3	-1	-4	1	3	-3	0	-1	-1	2	0	-1	-3	-1	-1	0	-2	-2	7	22	1	3	0	5	19	1	2	4	7	12	3	2	1	4	3	1	1	2	0.36	inf
0	1	0	-1	-2	1	1	-2	-1	0	-1	3	0	-2	0	0	0	-2	0	-1	9	6	3	3	1	5	9	3	2	7	4	21	2	1	4	7	4	1	4	5	0.12	inf
1	-2	-1	0	-2	-1	-1	0	-2	2	0	-1	1	-1	-2	1	0	-2	-1	1	14	1	3	4	0	2	3	6	1	16	10	2	4	2	1	12	5	1	1	11	0.11	inf
-1	0	-3	-3	-1	-2	-3	-3	-3	1	5	-1	3	0	-4	-3	-2	-4	-3	0	4	5	1	2	1	2	2	2	1	7	50	4	6	3	1	2	2	0	0	4	0.60	inf
1	3	0	-1	0	2	1	-1	1	-1	-2	2	-2	-3	-2	1	-1	0	-2	-2	10	14	4	3	3	11	7	5	3	3	4	14	0	1	2	9	3	1	1	3	0.20	inf
-2	4	1	-2	-3	0	0	-3	-1	-1	-2	3	-1	-1	-2	1	0	3	-2	-2	3	21	6	2	0	2	5	1	1	5	3	20	1	2	2	9	6	4	1	3	0.36	inf
-1	-2	0	-2	-3	-2	-1	-3	-2	3	3	-3	2	0	-3	-2	-2	-2	-1	1	6	2	5	2	0	1	3	2	1	16	34	1	5	4	1	2	2	1	2	10	0.36	inf
1	4	2	-2	-3	0	0	-2	0	-3	-1	1	-1	-1	-2	0	0	2	-1	-2	11	25	9	2	1	4	6	2	2	1	6	7	2	2	2	5	6	3	2	2	0.29	inf
0	-1	0	0	-3	0	-1	4	-3	-2	-2	0	-3	-2	1	-1	-1	-3	-3	-1	7	4	4	6	0	3	4	35	0	3	5	7	0	1	6	5	3	0	1	5	0.35	inf
-1	1	1	0	-3	1	0	-1	0	0	-1	1	0	-1	0	0	1	2	-1	0	4	8	7	4	0	5	6	4	2	7	4	12	2	2	4	6	10	3	2	7	0.07	inf
1	-1	2	0	-1	0	0	1	-1	-1	-1	0	-1	-2	1	0	0	-3	-2	0	14	3	10	5	1	3	7	9	1	3	5	6	1	1	8	6	7	0	1	9	0.09	inf
-1	0	1	4	-3	-1	2	-1	1	-1	-2	0	-1	-2	0	-1	-1	-3	-1	-1	4	5	6	25	0	1	12	5	4	3	5	7	1	2	5	4	4	0	2	4	0.26	inf
-1	-1	-1	-1	0	-1	-1	0	1	1	0	0	0	-1	1	0	0	0	0	2	4	3	3	4	2	2	4	6	5	10	7	5	2	2	6	8	5	1	2	19	0.05	inf
0	-1	1	1	-3	0	2	-2	0	-1	-2	1	-1	-3	1	1	2	-3	-1	-1	6	3	5	9	0	4	15	3	2	4	3	8	1	1	7	11	12	0	2	3	0.18	inf
1	0	0	0	-2	0	1	1	0	-1	-1	0	0	-1	1	0	0	-1	0	-1	12	5	3	5	1	4	11	10	2	4	7	7	2	2	8	5	4	1	3	4	0.07	inf
0	-1	-2	0	-2	-1	4	-1	-2	1	0	-1	0	-2	-1	-1	-1	-1	-2	1	7	2	1	4	1	2	27	4	1	9	9	4	2	2	4	4	3	1	1	11	0.22	inf
0	-1	-1	-1	-2	0	-1	-1	0	1	1	0	1	1	0	0	0	-2	-1	1	8	2	3	3	1	5	3	5	2	9	17	6	4	6	4	7	4	0	1	11	0.04	inf
1	0	0	1	-1	1	2	-1	-2	-1	-1	0	-1	-1	0	0	1	-3	-1	0	14	4	4	6	1	6	15	4	0	5	7	6	1	2	4	7	8	0	2	5	0.09	inf
-1	-1	-1	1	-4	1	5	-1	-1	-2	-2	2	-2	-3	-1	0	-1	-4	-4	-2	4	2	2	8	0	5	36	5	1	2	4	11	1	1	3	7	4	0	0	2	0.49	inf
-1	-1	-2	-2	-2	-1	0	-2	-2	3	3	-1	3	1	-2	-1	-2	-2	0	0	5	3	1	1	1	2	6	3	1	17	27	3	7	6	2	4	2	0	3	6	0.23	inf
-1	1	1	0	-1	1	0	-1	0	0	0	2	0	-2	-1	0	1	-3	-2	0	4	7	6	4	1	7	7	4	2	5	10	15	2	1	2	7	7	0	1	7	0.08	inf
0	1	1	1	-2	0	1	-1	0	-1	0	1	0	-1	0	0	0	-1	-1	-1	10	7	6	10	0	4	11	3	2	2	9	7	3	3	3	5	6	1	1	5	0.06	inf
0	-2	-2	0	-2	0	2	-2	-1	2	0	-1	0	-2	0	1	0	0	1	0	9	2	1	5	1	5	15	2	1	15	7	4	2	1	4	9	5	1	5	7	0.11	inf
-1	0	-1	1	-1	1	1	-1	0	0	-1	2	0	-1	0	0	0	-2	-2	0	5	3	2	7	2	8	10	4	2	6	6	14	2	2	3	8	5	0	1	9	0.08	inf
1	1	0	0	-3	1	2	-2	0	-1	0	0	0	-2	0	1	0	-3	-3	-1	13	7	5	5	0	6	14	1	2	4	9	6	2	1	5	10	5	0	0	4	0.12	inf
1	0	0	1	-2	1	1	0	-1	-1	-1	1	0	-2	0	1	0	-2	-2	-1	13	5	4	7	1	5	10	9	1	3	5	9	2	2	4	9	6	0	1	4	0.08	inf
1	-1	-1	-1	-1	-1	0	-1	-1	1	1	-1	1	-1	0	1	1	-3	-1	1	14	3	2	3	1	2	7	3	1	7	12	3	3	2	4	11	7	0	2	11	0.06	inf
0	0	-1	1	-3	0	3	0	0	-1	-1	2	-1	-2	-1	0	0	-4	-2	-2	8	5	2	8	1	3	21	7	3	4	5	13	1	2	3	8	5	0	1	2	0.19	inf
1	1	0	0	-2	1	1	-1	1	-2	-2	2	0	-2	-1	1	0	-3	-1	-2	13	9	5	6	1	6	11	5	3	3	4	11	2	1	3	9	4	0	3	2	0.13	inf
-1	1	-1	1	-3	2	2	-1	0	-2	-2	1	-2	0	1	-1	-1	-1	-2	-1	5	6	2	7	0	12	17	5	2	2	5	10	1	4	8	5	3	1	1	4	0.19	inf
0	2	1	-1	-3	1	0	0	0	-2	-2	3	-2	-1	0	1	-1	-4	-1	-1	7	10	6	3	0	6	6	8	2	2	3	19	1	3	5	9	3	0	3	4	0.17	inf
-1	0	1	0	1	1	0	-1	1	-1	-2	1	1	0	2	0	0	3	0	-1	5	5	6	4	3	6	5	4	3	4	4	9	3	4	9	8	5	4	3	5	0.09	inf
0	0	-1	-1	1	0	-1	-1	2	1	0	0	1	0	0	-1	-1	3	1	0	6	6	3	4	3	4	4	5	5	8	9	6	3	4	5	5	4	5	5	7	0.05	inf
-1	-1	1	-4	-2	-2	-2	2	-1	-2	-3	-1	-5	-1	2	4	1	-3	-2	-3	5	3	6	1	1	2	2	14	1	3	3	4	0	3	12	29	10	0	2	2	0.45	inf
-1	-2	-3	-3	-3	-3	-2	-3	-1	2	2	-3	2	4	0	-1	-2	6	1	0	5	2	1	2	1	1	3	2	1	9	18	2	4	16	4	4	3	9	5	8	0.40	inf
-1	1	-2	-4	0	-2	-3	-1	-3	1	2	1	1	3	-3	-1	-2	5	0	0	5	9	1	1	2	2	1	6	0	6	18	9	3	12	1	6	2	7	3	5	0.24	inf
-1	0	0	3	-5	2	2	-2	-2	-1	-1	1	-3	-3	-2	1	-1	1	-3	-3	6	5	3	17	0	8	13	2	1	4	8	9	0	1	2	10	4	2	1	2	0.24	inf
-2	-1	-2	-3	0	-2	-2	-2	-1	1	4	-2	2	1	-2	-1	-2	-5	-1	0	3	3	2	2	2	2	3	3	1	9	40	2	5	6	2	5	3	0	2	6	0.43	inf
-3	-1	-6	-5	0	-2	-2	-5	-3	0	3	-3	-1	6	-6	-4	-3	1	-2	-1	3	3	0	1	2	2	3	1	1	6	30	2	1	35	0	1	2	2	1	5	1.00	inf
-1	3	-1	-2	0	0	-1	-1	-1	-1	0	1	0	2	0	0	1	0	0	-2	4	15	2	2	2	3	4	4	2	3	10	8	2	11	5	8	8	1	2	3	0.12	inf
0	0	1	0	-1	0	-1	-2	1	-1	-1	1	0	-1	-1	1	2	-4	0	-1	8	5	8	5	1	5	3	3	3	4	6	10	2	3	2	12	12	0	3	4	0.09	inf
-1	4	-4	-2	-5	-2	-2	-2	-3	-4	-2	3	1	-3	4	0	-1	2	-2	-3	5	25	0	2	0	2	2	3	1	1	4	16	3	1	21	7	3	2	1	2	0.68	inf
0	2	1	-1	-2	0	-1	0	0	-1	0	1	0	-1	0	0	1	2	0	0	8	11	6	3	1	4	2	6	2	3	9	9	2	3	5	8	8	3	3	5	0.06	inf
-2	-3	1	-3	-3	-4	-3	-4	2	1	2	-2	2	2	-1	-2	-1	0	3	2	3	2	8	2	1	0	1	1	5	8	19	2	4	7	3	3	4	1	10	16	0.33	inf
-1	5	-1	-4	-1	-2	-3	-1	-1	0	-1	0	0	1	-2	-2	-1	5	1	-1	5	31	3	1	1	1	1	5	1	5	7	5	2	6	2	3	5	8	4	5	0.48	inf
-2	2	-1	-3	-3	1	-2	-3	1	-1	0	3	-1	1	1	-2	0	5	1	-2	3	13	2	1	0	7	2	2	4	3	8	15	1	5	8	2	6	9	4	3	0.33	inf
0	3	-1	-2	-2	1	-2	-2	3	1	-1	1	0	-1	3	-1	0	-2	-1	0	8	14	3	2	1	6	1	2	6	7	6	7	3	3	12	5	6	1	2	5	0.19	inf
-2	-2	-3	-3	-1	-4	-4	-2	-3	3	3	-4	1	1	-3	-2	3	-2	-2	1	3	2	1	2	1	0	1	3	1	14	30	1	4	6	1	2	17	1	1	10	0.48	inf
-2	-3	-5	-4	0	-2	-4	-4	-2	3	3	-4	2	3	-3	-1	0	0	0	2	4	2	0	1	2	2	1	1	1	19	24	1	5	12	1	4	5	1	3	11	0.49	inf
0	-3	-4	-4	2	-3	-4	-1	-5	4	2	-4	3	0	-5	-1	0	-2	-1	2	8	2	1	1	4	1	1	5	0	25	15	1	7	3	0	5	5	0	2	14	0.47	inf
1	-4	-1	-2	2	-4	-4	3	-2	-1	1	-3	1	-2	-2	1	1	1	-1	0	13	1	3	2	5	0	0	22	1	3	14	1	4	2	2	11	7	2	2	7	0.28	inf
-1	-3	-2	-4	3	-4	-4	-1	-2	3	0	-5	4	3	-3	0	0	1	1	2	5	1	2	1	6	0	1	4	1	14	10	0	10	12	1	8	6	2	4	12	0.36	inf
1	-5	-3	-5	2	-4	-5	1	-4	0	1	-3	3	2	-2	0	0	-2	1	3	10	0	1	0	4	0	0	11	0	5	13	2	8	7	2	6	5	1	5	19	0.32	inf
-1	-3	-2	-4	3	-2	-4	-3	-5	3	4	-5	2	0	-5	-3	0	-1	-1	2	5	2	2	1	6	2	1	2	0	15	33	0	6	4	0	2	6	1	2	12	0.55	inf
0	-3	-2	-5	0	2	-3	0	1	-1	-1	-4	4	1	-1	1	-2	7	1	0	9	1	2	0	2	10	1	7	4	4	5	1	9	6	3	9	2	15	4	6	0.49	inf
1	-5	-3	-6	0	-3	-4	-3	-5	2	1	-3	2	6	-6	-1	-2	3	1	0	11	0	1	0	2	1	1	3	0	10	14	2	5	28	0	5	3	3	4	6	0.62	inf
0	-5	-2	-5	1	-3	-5	-1	-5	0	1	-5	1	5	-5	0	1	5	-1	1	8	0	2	0	3	1	0	6	0	5	16	0	3	22	0	7	10	6	2	8	0.51	inf
-1	-2	-1	-4	2	4	-2	0	-2	-1	0	-1	2	1	-3	-1	1	2	0	0	5	2	2	1	4	22	1	8	1	3	11	3	4	5	1	5	7	3	3	7	0.28	inf
-1	-1	0	0	0	5	0	-2	-2	-1	-1	-2	-1	-1	-2	-1	0	-2	3	-1	6	3	5	6	2	26	4	4	1	4	7	2	1	3	2	4	5	1	10	4	0.34	inf
-1	-2	-2	-3	-2	-3	-3	-1	-3	1	3	-4	-2	4	-4	-1	0	3	1	1	5	2	2	2	1	1	2	5	0	6	27	1	0	18	1	5	5	4	4	8	0.42	inf
0	-2	-1	-3	3	-3	-2	0	-2	1	-1	-3	0	2	-3	2	3	2	-2	0	6	2	3	1	5	1	2	6	1	8	7	1	2	8	1	17	19	3	1	7	0.28	inf
-1	-3	-3	-2	-1	-3	-2	5	-3	-2	0	-3	-1	2	0	-1	-1	-1	-1	-2	5	1	1	3	1	1	3	44	0	3	8	1	1	8	5	3	4	1	3	3	0.60	inf
0	-2	0	-2	0	-1	-2	-2	-3	4	1	-2	2	-1	-2	-1	-1	0	0	1	6	2	4	2	2	3	2	2	0	27	13	2	5	3	2	5	4	1	3	9	0.27	inf
-1	-2	5	0	-4	-3	-2	-1	-1	-2	-2	-3	-1	1	0	1	0	-1	2	-2	6	2	30	5	0	1	2	4	1	3	5	1	2	5	5	12	5	1	7	3	0.44	inf
2	-2	-1	-3	-3	-1	-3	1	-2	0	0	-2	-1	0	-2	1	0	2	2	0	21	2	2	1	0	2	1	13	1	5	8	2	1	4	2	12	6	3	8	5	0.20	inf
-2	-4	-3	-3	-1	-3	-3	-3	-4	4	1	-4	3	3	0	-2	-1	1	1	2	3	0	1	1	1	1	2	2	0	24	11	0	7	11	5	3	4	2	4	16	0.45	inf
1	-3	0	-2	-2	-2	-2	-1	-3	1	1	-3	3	2	-1	0	1	0	1	0	10	1	4	2	0	1	1	5	0	6	16	1	8	10	4	8	8	1	6	7	0.16	inf
-2	-5	-1	-6	-4	-3	-5	-3	-1	0	-2	-5	-2	5	-3	-3	0	-1	7	-2	4	0	3	0	0	1	1	3	2	4	5	0	1	22	2	2	7	1	39	3	1.23	inf
-2	-2	-5	-6	-6	-2	-5	-3	-4	-3	-2	-6	-1	5	-6	-5	-4	5	8	-3	3	3	1	0	0	2	1	3	0	1	4	0	2	18	0	1	1	7	51	2	1.79	inf
2	-3	-4	-4	-4	-2	-2	3	-4	-1	0	-4	2	-1	-3	3	1	-5	0	-2	16	1	0	0	0	2	2	22	0	4	11	0	4	3	1	20	7	0	4	2	0.40	inf
-1	0	0	0	-4	1	-1	-2	-3	-1	1	-1	0	-1	4	0	1	1	0	0	3	5	4	5	0	6	4	3	0	2	14	3	2	3	19	8	8	2	3	7	0.22	inf
0	-1	0	-1	-3	1	0	-2	1	-1	0	0	0	-1	-1	1	2	1	1	0	6	2	5	2	0	5	5	2	4	3	8	5	2	3	3	13	16	2	6	9	0.11	inf
-1	0	-4	-2	2	-2	-2	-3	0	3	1	-2	2	0	-2	-1	-1	2	0	2	4	6	0	2	4	2	2	2	2	22	15	3	4	4	2	4	3	3	3	13	0.23	inf
-3	-1	0	-2	0	-4	-5	-3	2	0	1	-3	2	6	-2	-2	-1	1	3	0	2	3	5	2	2	0	0	2	4	4	14	2	6	29	2	3	4	2	8	5	0.55	inf
-1	0	1	0	-4	4	2	-1	0	-3	-1	1	0	-2	-1	1	0	-4	-1	-2	4	5	6	5	0	18	12	3	2	1	7	10	2	2	3	9	6	0	2	3	0.21	inf
0	0	0	-1	0	1	0	0	0	-1	-1	1	0	-2	1	1	1	0	-1	0	7	4	4	3	2	6	5	7	2	2	6	9	3	1	6	14	7	1	2	6	0.07	inf
2	-1	1	-1	-3	-1	-1	-1	1	0	0	-2	1	0	-1	0	0	-3	0	1	21	3	8	4	0	2	3	4	4	6	9	1	5	4	2	7	5	0	3	10	0.09	inf
-1	-1	0	-1	-3	0	-1	3	-2	0	1	-1	0	0	-3	-1	0	-3	1	0	5	3	4	3	0	3	4	25	0	5	15	4	3	4	0	4	4	0	5	6	0.13	inf
-1	-1	0	-1	-3	0	-2	1	1	0	0	0	1	3	0	-1	-1	-2	1	0	5	3	5	4	0	4	0	10	5	5	10	6	3	16	4	4	4	0	5	6	0.07	inf
-1	-1	2	0	-4	1	0	2	-1	-2	-2	0	-1	-2	-1	2	1	1	-1	-2	5	3	9	4	0	6	7	19	1	2	4	5	2	1	3	14	9	2	2	2	0.18	inf
0	-1	2	2	-3	0	1	-1	1	-1	-1	-1	-2	-2	-2	2	0	-4	-2	-1	8	3	10	15	0	3	8	5	4	3	8	3	1	2	1	14	6	0	1	4	0.15	inf
1	-2	2	1	-3	-1	-1	0	-2	0	-1	-1	-1	-4	2	2	0	-4	-1	0	10	2	9	8	0	2	4	8	0	5	7	2	1	0	9	19	3	0	2	7	0.17	inf
0	-1	-1	-1	-3	0	-1	0	-1	0	1	0	1	1	0	-1	0	1	2	0	8	3	3	3	0	4	2	6	1	7	12	7	5	7	5	5	5	2	10	6	0.05	inf
0	-2	-3	-3	-4	-2	-2	-2	0	0	3	-2	1	2	-4	-2	-2	1	4	1	9	2	1	1	0	2	3	3	2	5	29	2	3	8	0	3	2	2	14	8	0.34	inf
1	-1	0	-1	1	0	-2	0	0	0	0	-1	0	0	-2	1	0	-1	0	0	16	3	4	3	4	6	1	8	2	6	9	1	2	5	1	14	6	1	3	5	0.06	inf
1	-4	1	-3	-1	-1	-2	-1	-2	-1	-1	-3	0	0	-2	3	4	-5	-4	0	13	0	6	1	1	2	2	5	1	4	5	0	2	5	2	20	24	0	0	6	0.36	inf
0	-4	-5	-5	-2	-4	-3	-1	-5	4	2	-3	3	2	-5	-2	-1	0	-1	2	9	0	0	0	0	0	2	6	0	23	21	1	8	8	0	3	3	1	2	13	0.46	inf
-1	-4	-3	-4	-1	-4	-3	0	-5	4	3	-3	2	0	-1	-1	-1	-1	-1	1	4	0	1	1	1	0	1	8	0	26	28	1	4	4	4	4	2	1	1	10	0.43	inf
0	-3	-1	-4	-2	-1	-3	-2	-1	2	1	-2	2	2	0	0	1	-1	0	2	8	0	4	0	1	2	1	3	2	12	11	2	5	9	6	6	11	1	2	17	0.17	inf
2	-5	-2	-2	-3	-3	-3	5	-3	-2	-2	-4	1	-3	-4	1	-1	-2	1	-1	15	0	1	2	0	0	2	44	0	2	4	0	4	1	1	10	3	1	5	4	0.69	inf
2	-4	-4	-5	2	-3	-4	-1	-5	3	1	-4	1	0	-2	-2	0	-2	-3	3	21	0	0	0	4	1	0	6	0	14	16	0	3	4	1	3	5	1	0	22	0.42	inf
0	-5	-5	-4	0	-4	-4	-2	-2	3	1	-4	2	1	-1	-1	-1	0	-3	4	8	0	0	1	2	0	1	4	1	16	11	0	4	5	4	4	3	1	1	35	0.51	inf
1	-2	3	0	-2	0	1	0	-1	-1	-1	0	1	-2	-2	1	0	-1	0	-2	10	1	17	3	1	4	10	8	1	4	6	4	4	2	1	12	5	1	3	2	0.16	inf
0	-4	-3	-5	1	-4	-4	-2	-4	2	1	-4	2	4	-3	-2	1	-1	-1	3	8	0	1	0	3	0	1	4	0	12	14	0	6	17	1	3	8	1	1	20	0.41	inf
0	-5	-5	-5	0	-4	-5	-1	-5	3	1	-4	0	2	4	-3	-2	-1	-2	2	7	0	0	0	2	0	0	4	0	15	16	0	2	9	22	1	2	1	1	17	0.56	inf
2	-4	-1	-4	1	-2	-4	3	-4	-1	-1	-2	2	2	-1	1	-1	-1	-1	0	20	0	2	0	3	2	0	22	0	4	5	2	6	10	3	10	3	1	1	5	0.30	inf
1	-2	-1	-3	0	-3	-3	-1	-1	0	-1	-1	0	-1	-2	1	4	-1	2	-1	12	1	3	1	2	0	1	5	1	6	4	4	2	2	2	11	29	1	8	4	0.31	inf
-1	-2	-5	-5	-1	-4	-5	-2	-4	3	2	-4	1	4	0	-3	-1	3	-1	1	5	2	0	0	1	0	0	4	0	17	24	1	4	17	5	1	4	4	1	10	0.47	inf
-1	-2	-4	-5	2	-3	-4	-1	-5	3	1	-4	0	2	-1	-2	-1	-1	-3	3	6	2	0	0	5	1	0	6	0	20	15	0	2	10	3	3	3	1	0	23	0.43	inf
3	-4	-1	-4	1	-3	-4	3	-4	-1	-2	-3	-1	-1	-1	1	1	2	-1	0	26	0	3	0	3	0	0	20	0	3	3	0	2	3	3	12	11	3	3	6	0.39	inf
0	-3	-3	-3	0	-2	-3	1	-4	2	1	-3	2	1	0	0	0	2	-1	1	9	0	0	1	2	2	0	13	0	14	13	1	7	5	4	6	7	3	1	12	0.19	inf
-1	-2	-5	-3	-1	-1	-4	-3	-2	2	2	-3	2	4	-1	-3	-2	5	3	0	6	2	0	1	1	2	0	2	1	11	23	1	4	16	3	1	2	7	9	7	0.44	inf
-1	-4	-5	-5	-1	-3	-5	-3	-3	2	4	-3	0	3	-4	-1	1	0	0	1	4	0	0	0	1	1	0	2	1	10	39	1	2	12	1	4	8	1	2	10	0.52	inf
0	-5	-4	-4	0	-3	-3	-2	-5	4	2	-4	3	-2	-4	0	-2	-5	-3	4	7	0	1	1	2	1	1	3	0	21	15	0	9	1	1	9	2	0	1	27	0.56	inf
-2	-1	1	6	-6	0	1	-2	-1	0	-5	-1	-4	-6	-2	0	-3	-3	-3	-4	4	3	6	48	0	4	10	3	1	5	1	4	0	0	2	6	1	0	1	1	0.90	inf
-3	5	-3	-4	-2	-1	-2	-4	1	-1	-1	4	-3	1	-5	-1	-2	1	2	-2	1	33	1	1	1	2	1	1	3	4	7	23	0	6	0	4	1	2	6	3	0.67	inf
0	-2	-2	-5	-1	-4	-4	-4	-3	2	2	-2	1	4	-5	-2	0	3	1	1	8	2	2	0	1	0	0	1	0	14	21	3	3	17	0	3	6	4	5	10	0.41	inf
-3	-1	0	-4	-6	-2	-4	6	-4	-4	-3	-1	-3	-4	-2	-2	-2	-2	-2	-5	1	4	5	1	0	2	1	67	0	1	3	4	1	1	2	2	2	1	2	1	1.35	inf
-4	7	-3	-4	-4	-2	0	-3	-1	-5	-4	1	1	-6	-2	-2	-4	-3	-4	-4	1	64	1	1	0	2	6	3	1	1	1	6	3	0	3	3	1	0	1	1	1.53	inf
-3	7	-3	-4	-7	-2	-3	-4	-2	-4	-4	4	-5	0	-3	-4	-4	-2	-1	-4	2	51	1	1	0	1	1	2	1	1	2	26	0	4	1	1	1	1	3	1	1.40	inf
-1	1	0	-2	-1	-1	-2	-1	-2	0	-1	2	0	0	3	-1	1	2	-1	-1	5	8	5	1	1	2	2	4	1	7	6	12	3	4	17	4	10	3	2	3	0.20	inf
-1	-3	-4	-3	1	-4	-3	-2	-2	3	3	-3	3	0	1	-1	0	1	-2	0	6	1	0	1	3	0	1	3	1	15	32	2	7	4	6	4	6	2	1	6	0.36	inf
-1	-2	-3	-4	-4	3	-3	-3	1	-1	4	-2	2	2	0	-2	-2	-1	-1	-1	4	2	1	0	0	13	0	2	4	3	38	2	5	8	5	2	3	1	2	4	0.46	inf
0	-2	-2	-4	0	-2	-1	-4	-4	2	3	-2	3	1	-3	0	-1	-4	-1	1	8	1	2	0	2	2	5	1	0	14	30	2	8	5	1	7	4	0	2	7	0.31	inf
1	-2	-2	-3	-1	-2	-2	0	-3	2	1	-2	1	1	-3	-1	1	3	0	1	12	2	1	1	1	1	3	8	0	16	13	1	3	7	1	3	9	4	2	10	0.16	inf
0	-1	-2	-3	-1	-2	-3	5	-4	-2	-2	-2	-2	-1	-2	3	1	-4	-2	-3	6	4	1	1	1	1	1	38	0	2	4	2	1	3	2	23	8	0	1	1	0.62	inf
1	-2	-1	-3	1	-1	-2	0	-3	0	2	-3	2	3	-3	0	0	-3	0	0	15	2	3	1	3	4	1	8	0	6	19	0	6	13	1	6	5	0	3	5	0.16	inf
1	-1	-3	-4	0	-3	-3	0	-3	2	1	-2	0	2	0	0	0	-1	1	2	15	3	1	0	2	0	0	7	0	11	12	2	2	9	5	6	5	1	4	14	0.16	inf
0	-2	-1	-3	0	-1	-3	3	-2	1	1	-2	1	1	-1	-1	-1	0	-1	0	8	2	2	0	2	3	1	22	1	9	16	2	4	7	3	5	2	1	1	7	0.17	inf
0	-3	-2	-3	0	0	-4	-1	-3	1	1	-3	7	1	-1	-2	0	-4	-2	-1	6	1	2	2	2	4	0	5	1	9	12	1	33	5	3	3	7	0	1	4	0.65	inf
2	-4	-1	-4	2	-3	-4	0	-4	1	1	-3	2	1	-1	0	1	0	-3	1	20	0	3	0	5	0	0	8	0	10	12	1	5	6	3	7	11	1	0	7	0.23	inf
1	-4	-4	-4	2	-4	-4	0	-4	3	2	-3	1	1	-1	-2	-1	0	-3	2	11	0	0	0	5	0	0	9	0	20	18	1	2	6	3	2	4	1	0	15	0.32	inf
1	-2	-1	-2	5	-1	-3	1	-2	0	-1	-1	0	2	-2	1	1	1	-1	0	12	1	3	1	16	2	0	11	1	6	5	3	2	9	1	12	8	2	1	5	0.24	inf
1	-2	-2	-2	4	-1	-3	0	-3	0	2	-3	3	1	-2	0	-1	-3	-1	-1	14	1	1	2	9	3	0	9	0	6	22	0	8	6	1	8	3	0	2	3	0.22	inf
0	-2	-4	-4	2	-3	-4	0	-1	1	2	-3	1	3	-2	-1	0	1	0	2	6	3	0	0	5	0	0	7	1	9	18	0	3	17	1	5	5	2	3	15	0.27	inf
0	-3	-1	-3	0	-2	-3	-1	-2	2	2	-2	2	1	-2	-1	0	0	-1	2	9	0	3	1	2	1	0	5	1	14	24	1	5	6	2	4	7	1	2	13	0.19	inf
-1	-4	-1	-4	0	-2	-3	-2	-2	2	3	-3	3	2	-2	-2	-1	-3	0	1	6	0	4	0	2	2	1	3	1	13	28	0	10	9	2	3	3	0	3	9	0.31	inf
2	-2	-2	-3	-1	-3	-2	3	-2	0	-1	-3	1	-1	-1	1	1	-1	-2	0	16	1	1	0	1	0	3	26	1	5	6	0	5	2	3	12	8	1	1	8	0.26	inf
1	-4	-2	-4	0	-3	-4	-1	-4	3	1	-2	1	1	-2	-1	0	1	-1	2	13	0	2	0	2	0	0	6	0	18	13	1	3	7	2	5	4	2	1	18	0.25	inf
2	-2	-2	-2	1	-1	-3	1	-2	1	-1	-2	1	1	0	1	1	-1	1	0	18	1	1	1	3	2	0	14	1	8	4	2	4	7	4	11	9	1	4	6	0.13	inf
0	-2	-2	-2	0	-2	-2	-1	-2	2	2	-2	0	3	-2	-1	-1	0	0	1	6	2	1	2	2	1	2	6	1	13	22	2	2	15	2	5	4	1	3	8	0.20	inf
-1	-1	-3	-2	0	-1	-2	-1	0	0	1	0	1	2	0	0	2	1	1	0	4	3	0	2	2	2	1	4	3	5	15	6	4	8	5	5	14	2	5	8	0.09	inf
-1	-1	-1	-2	1	0	-2	-1	0	1	1	-1	0	1	2	0	-1	2	0	0	5	4	4	2	3	4	1	4	2	8	16	3	3	6	11	7	3	3	4	8	0.09	inf
-1	-2	-1	-1	-2	0	0	0	2	-1	1	1	-1	0	0	-1	0	4	1	0	4	1	3	3	1	5	5	7	5	3	16	8	1	3	5	5	7	6	4	7	0.09	inf
0	-1	1	1	0	0	1	0	1	-1	-1	0	0	0	0	1	0	2	0	0	7	2	6	11	2	3	8	7	3	2	6	5	4	4	4	9	4	4	3	8	0.05	inf
0	1	0	0	-1	0	-1	1	1	-1	0	0	1	-1	0	1	0	3	-1	-1	6	7	5	5	1	4	4	9	3	3	9	6	5	3	4	10	6	5	2	3	0.06	inf
-1	0	0	0	2	0	0	-1	2	0	-1	0	2	1	0	-1	0	4	1	-1	5	5	5	5	5	5	5	5	5	5	5	5	5	5	5	5	5	5	5	5	0.09	inf
0	-1	0	-1	1	0	-1	-2	3	-1	-2	0	1	0	2	1	1	2	1	0	6	3	4	4	3	3	4	4	6	4	4	6	3	5	11	9	7	3	4	6	0.12	inf
0	-2	0	-1	-2	-1	-2	0	2	0	0	-1	-1	0	0	1	0	5	1	-1	8	2	4	4	1	3	3	9	4	4	9	3	1	4	5	11	5	8	5	5	0.15	inf
0	0	0	0	-2	0	-1	0	0	0	0	0	2	0	-1	1	0	0	1	0	7	5	3	5	1	4	4	7	3	4	9	5	7	4	3	9	7	2	5	6	0.04	inf
0	-2	1	-1	-1	0	-1	1	0	0	-1	-1	0	0	0	1	1	1	-1	-1	9	2	8	3	1	4	3	13	2	6	6	3	3	4	5	12	9	2	2	3	0.10	inf
-1	-1	0	-2	2	-1	-3	-1	3	0	0	-1	0	1	-2	-1	0	6	2	0	6	3	6	2	4	2	1	5	7	5	8	5	2	6	2	4	6	10	7	7	0.24	inf
-1	0	-2	-4	0	-2	-4	0	0	2	2	-1	2	0	-2	-1	0	3	0	2	5	5	2	0	2	2	0	6	2	11	19	3	4	4	2	5	6	4	3	14	0.21	inf
2	-1	-1	-2	1	-3	-2	1	0	1	1	-2	2	-2	0	1	0	1	-1	0	18	3	3	2	3	0	2	10	2	7	12	2	6	2	4	9	5	2	2	7	0.13	inf
-1	-3	-2	-6	1	-3	-6	-3	0	4	2	-5	2	2	-3	-3	-1	3	-1	2	5	2	2	0	3	2	0	3	2	23	17	0	4	9	2	2	3	4	1	15	0.55	inf
1	-4	-2	-5	-1	-3	-4	0	-4	2	2	-3	0	1	-4	0	1	0	0	3	10	0	2	0	1	1	0	9	0	10	16	2	2	6	0	7	8	1	3	20	0.29	inf
1	-4	-1	-4	3	-4	-3	2	-4	0	0	-2	1	3	-1	0	0	-4	0	1	14	0	3	0	7	0	1	15	0	5	7	2	4	13	3	6	6	0	3	10	0.26	inf
0	-2	-3	-5	1	-2	-4	-2	-4	3	2	-1	3	1	-1	0	0	-4	-1	2	7	2	1	0	3	1	0	3	0	17	18	4	8	6	3	6	6	0	2	12	0.28	inf
0	-4	-3	-5	4	-2	-3	-1	-2	0	2	-4	2	3	-3	-1	-1	0	2	1	9	0	1	0	10	1	2	4	1	5	17	0	6	14	2	4	4	1	8	10	0.35	inf
0	-4	-2	-4	2	-2	-2	1	-4	1	2	-4	1	1	-3	0	-1	1	-2	1	9	0	2	0	4	1	2	14	0	9	22	0	4	5	1	7	4	2	1	11	0.23	inf
-1	-5	-3	-5	-1	-5	-5	-2	-1	1	1	-5	1	6	-3	-1	-2	0	4	0	5	0	1	0	1	0	0	4	1	7	14	0	3	29	1	5	3	1	15	6	0.68	inf
-1	-2	-2	-3	1	-2	-3	2	-4	2	1	-2	0	0	-3	0	1	-2	-2	2	5	2	2	1	3	1	1	14	0	14	11	2	2	5	1	6	9	1	1	19	0.21	inf
3	-2	-2	-4	1	-3	-4	2	-4	0	0	-2	1	2	-2	1	-1	-1	-1	0	23	2	1	0	3	1	0	14	0	6	9	3	4	11	2	10	3	1	1	6	0.25	inf
1	-3	-3	-3	2	-3	-3	2	-3	-2	-1	-3	1	5	-5	1	0	-1	0	-1	14	1	1	1	5	1	1	15	1	2	5	1	3	24	0	11	6	1	3	4	0.44	inf
-1	-5	-3	-6	-2	-3	-4	-3	1	0	-1	-5	1	7	-6	0	-2	-2	3	-3	5	1	1	0	1	1	1	2	3	6	5	0	3	47	0	8	3	1	9	1	1.14	inf
3	-4	1	-2	2	-1	-1	1	-4	-1	-2	-3	-1	-3	-2	3	0	-5	-2	-1	26	0	6	1	4	3	5	11	0	3	3	0	1	1	1	22	6	0	1	4	0.38	inf
0	-2	-2	-2	0	-1	-2	-1	-2	2	1	-2	2	2	-1	0	0	2	-1	1	9	1	1	2	2	3	2	4	1	15	12	1	7	10	3	10	7	3	1	8	0.14	inf
1	-2	-2	-4	1	-3	-4	5	-2	-2	-3	-3	0	-4	-3	2	1	-1	-2	-2	13	2	1	1	2	1	1	38	1	2	3	1	2	0	1	16	9	1	1	3	0.62	inf
0	-3	-1	-3	-2	-2	-3	-2	-3	1	1	-2	2	2	2	-1	-1	6	1	0	10	1	3	1	1	1	2	4	0	8	12	2	6	10	12	4	3	11	4	6	0.33	inf
1	-3	3	-2	-4	-1	-3	5	-3	-3	-2	-3	-2	1	-2	0	-1	-2	0	-3	11	1	13	2	0	3	1	38	0	2	5	1	1	5	2	7	3	1	3	2	0.54	inf
1	-3	1	-2	1	-1	-3	1	-3	0	-1	-3	0	-4	5	1	1	-2	-2	-2	12	1	6	2	3	3	1	10	0	5	5	1	2	0	27	10	7	1	1	3	0.45	inf
-1	-4	-2	-5	3	-2	-4	-2	-4	3	2	-4	4	-2	-3	-2	1	-4	-4	3	6	1	2	0	6	1	0	3	0	20	19	0	10	1	1	2	10	0	0	18	0.50	inf
0	-3	0	-2	1	-1	-2	0	-2	0	0	-3	0	0	3	0	2	-4	-1	1	8	0	4	2	3	2	2	8	1	5	9	0	2	4	15	6	13	0	2	13	0.19	inf
-1	-3	-2	-3	0	-2	-5	-1	1	-1	-3	-5	-1	3	-2	-1	-1	9	5	-3	5	1	2	2	2	2	1	4	3	3	1	0	1	13	2	5	4	27	19	1	1.16	inf
-1	-4	-3	-5	0	-4	-4	-4	-5	3	3	-4	0	1	-1	-1	-1	-4	-2	3	5	0	1	0	2	0	1	1	0	19	28	1	2	6	3	5	3	0	1	21	0.50	inf
-2	-4	-3	-2	-2	-2	-4	-6	0	3	2	-5	4	3	-5	-4	-2	0	5	2	3	1	1	3	1	2	1	0	2	14	17	0	9	10	0	1	2	1	18	15	0.61	inf
0	-3	1	-2	1	-1	-3	-3	-3	1	0	-3	2	-1	2	0	2	-4	-1	1	7	1	7	2	4	2	1	1	0	9	9	1	7	3	12	6	17	0	2	9	0.24	inf
4	-3	0	-3	-1	0	-3	0	-1	-3	-4	-1	-1	-5	-1	3	1	-5	-3	-1	32	1	5	1	1	4	1	7	1	2	1	2	1	0	3	25	9	0	1	3	0.52	inf
-2	-3	0	0	-2	-1	7	-3	-1	-4	-4	-2	-5	-3	-1	-3	-2	-6	0	-4	3	1	4	5	1	2	65	2	1	1	2	2	0	2	3	1	2	0	3	1	1.30	inf
-2	-2	-2	-4	-2	-2	-3	-3	-3	4	3	-4	3	0	-3	-1	-1	-4	-1	2	3	3	3	1	1	2	1	2	0	25	28	0	7	4	1	4	4	0	2	10	0.47	inf
-1	-5	-5	-5	-2	-3	-3	-4	-2	0	-1	-3	-1	6	-3	-2	-2	0	6	-1	5	0	0	0	1	1	2	1	1	5	5	1	1	37	1	4	2	1	26	4	1.12	inf
-1	-3	-3	-1	-6	-3	-3	-3	-5	-3	-2	-3	-5	-6	8	-1	-3	-6	-2	-4	5	2	1	3	0	1	2	3	0	2	5	1	0	0	65	5	1	0	1	1	1.68	inf
1	-2	-1	-3	-1	1	-1	-1	0	0	0	-1	0	-2	1	0	4	-4	-2	0	9	1	2	0	1	7	3	5	3	5	9	3	2	2	6	7	29	0	1	5	0.26	inf
0	2	1	1	0	1	1	0	2	-1	-2	1	-1	-1	-2	0	0	-2	-1	0	6	14	7	6	2	5	10	6	5	4	1	7	1	4	1	8	4	0	2	6	0.11	inf
0	-2	-2	-3	0	0	-3	-3	-2	3	1	-2	1	0	-2	-1	-1	-3	2	3	6	2	1	2	2	4	1	2	1	17	15	2	3	3	2	6	4	0	8	22	0.26	inf
0	7	-5	-6	-2	-1	-3	-5	-5	-5	-3	1	0	-6	-6	-4	-4	-6	1	-3	8	65	0	0	1	2	1	1	0	1	2	8	3	0	0	1	1	0	4	2	1.63	inf
2	-4	1	-3	-2	0	-3	4	-2	-3	-3	-4	-2	-3	1	2	-1	-5	0	-1	18	0	8	1	1	4	1	28	1	1	2	0	1	1	8	15	4	0	3	4	0.46	inf
1	0	-3	-4	-4	-2	-3	-2	-2	0	1	0	1	-1	-2	1	4	-5	-4	0	13	5	0	0	0	1	0	2	1	6	16	7	3	3	1	11	25	0	0	6	0.32	inf
4	-3	-5	-5	4	-5	-5	4	-5	-3	-2	-5	-3	-4	-5	-1	-1	-6	-2	-1	40	1	0	0	7	0	0	30	0	2	4	0	1	1	0	5	4	0	2	4	0.91	inf
0	-4	0	-3	-2	1	-3	0	2	1	0	-3	4	1	-4	0	0	-1	0	1	9	0	6	1	1	6	0	8	6	7	10	0	15	5	0	8	6	1	3	10	0.23	inf
3	-4	-2	-5	-5	-5	-5	5	-4	-3	-3	-5	1	-5	-4	3	0	-6	-3	-3	23	1	1	0	0	0	0	40	0	2	2	0	3	0	0	19	5	0	1	2	0.92	inf
-2	-5	-5	-6	2	-5	-5	-4	-5	4	3	-5	2	3	-5	-1	-1	1	-1	3	2	0	0	0	4	0	0	1	0	21	23	0	5	11	0	6	3	2	2	19	0.64	inf
3	-3	0	-3	5	-2	-4	0	-4	-1	-1	-2	1	-1	-4	2	0	-1	-1	1	25	0	4	1	11	1	0	7	0	3	4	1	4	2	0	17	5	1	2	10	0.38	inf
2	-1	2	-3	-2	-1	-3	1	-1	-1	-1	-3	0	0	-4	2	2	-4	-1	1	15	3	10	0	1	3	0	12	2	2	5	0	3	4	0	14	15	0	2	10	0.22	inf
3	-4	-1	-4	0	0	-3	0	-4	0	1	-3	2	1	-4	2	1	-4	-3	0	23	0	3	0	2	4	0	6	0	5	11	1	6	8	0	13	11	0	0	6	0.27	inf
2	-4	-3	-4	1	-4	-4	-2	-3	1	0	-4	3	3	-3	1	0	-4	-3	3	20	0	1	0	2	0	0	3	1	9	9	0	7	11	1	13	6	0	0	18	0.38	inf
1	0	5	-3	2	0	-3	3	1	-3	-3	-3	-1	-2	-4	1	-3	-5	-1	-3	11	5	27	0	5	5	0	23	3	1	3	0	1	2	0	10	1	0	2	1	0.56	inf
-2	3	1	-1	-2	-1	-3	-1	-2	-2	-2	0	1	1	-4	0	-1	8	0	-3	3	16	8	4	1	2	0	4	1	2	5	7	4	5	0	6	4	24	2	1	0.73	inf
0	-2	-4	-5	-1	-4	-4	-1	-4	4	3	-4	0	2	-4	-1	0	-4	-3	2	6	2	0	0	1	0	0	5	0	23	25	0	1	10	0	5	5	0	0	14	0.46	inf
1	-4	-4	-4	2	-3	-4	4	-4	-2	-2	-4	1	2	-2	1	-1	4	-2	-1	13	0	0	0	5	1	0	34	0	2	4	0	4	9	2	11	3	7	1	4	0.58	inf
2	-1	4	-2	-4	-2	-3	3	-4	-4	-2	-2	-4	-5	0	1	0	-5	-5	-3	20	3	19	1	0	2	0	23	0	1	4	1	0	0	5	12	7	0	0	2	0.52	inf
1	-3	-4	-3	-3	-3	-4	-1	-4	3	1	-4	2	5	-3	-1	-2	3	-1	0	12	1	0	1	0	1	0	4	0	20	12	0	5	24	1	4	2	4	0	6	0.48	inf
0	-5	-5	-5	-1	-5	-5	-2	-5	4	3	-5	0	1	-3	-3	-1	-5	-3	3	7	0	0	0	1	0	0	3	0	28	25	0	2	5	1	1	4	0	0	21	0.67	inf
1	-4	-3	-4	-1	-4	-4	2	-4	3	-1	-4	0	0	-3	0	0	-1	-2	3	11	0	1	0	1	0	0	17	0	21	4	0	2	5	1	6	4	1	1	24	0.42	inf
2	-4	-1	-4	-4	-2	-3	3	-4	-4	-5	-3	-4	-5	3	3	2	-5	-5	-2	18	0	3	0	0	2	1	26	0	1	0	1	0	0	15	20	11	0	0	2	0.69	inf
1	-2	-3	-4	-2	0	-3	-1	-3	1	2	-2	2	3	1	-1	-2	0	1	0	11	2	1	0	1	6	1	5	0	7	21	2	7	14	7	4	1	1	6	4	0.22	inf
0	-3	-3	-4	1	-3	-3	0	-3	2	2	-3	1	3	-2	0	1	-1	0	1	10	1	0	0	3	0	1	9	0	11	19	0	4	13	1	7	10	1	2	9	0.23	inf
1	-5	-5	-5	0	-5	-5	-2	-1	1	-1	-5	-1	6	-5	-2	2	1	1	1	11	0	0	0	2	0	0	4	1	7	3	0	1	37	0	3	15	2	5	9	0.75	inf
-1	-2	1	-3	0	0	-3	1	-4	-2	1	-1	0	-2	5	-1	-2	-3	-2	-2	4	2	6	1	2	5	1	12	0	2	17	3	2	2	31	5	1	0	1	3	0.53	inf
-1	-1	-1	-1	-3	0	-2	-3	0	1	0	-2	2	2	1	1	0	1	3	0	5	4	2	3	0	4	1	1	2	7	9	1	7	11	6	11	7	2	13	5	0.16	inf
0	-4	-4	-3	-4	-2	-4	-2	-2	3	3	-2	4	1	-3	-2	0	-4	-1	1	7	0	1	2	0	2	0	3	1	18	29	2	14	5	1	2	5	0	2	6	0.45	inf
1	-1	-1	-3	-2	-1	-2	0	-2	1	1	-1	2	0	-2	0	2	-3	-1	1	10	3	3	0	0	2	1	6	1	8	16	3	6	5	1	6	16	0	2	9	0.12	inf
0	0	1	2	0	1	2	1	-1	-1	-2	0	-1	-3	-2	0	0	-2	-2	0	9	4	6	13	3	7	14	10	1	3	2	5	1	1	0	7	6	1	1	6	0.14	inf
1	-1	1	-2	-3	0	-1	0	1	-1	-1	0	0	0	-2	1	0	5	1	0	12	2	6	1	0	3	3	6	4	4	6	6	2	4	1	14	4	10	6	5	0.17	inf
-1	-3	-2	-3	0	-2	-2	-2	0	3	2	-3	4	1	-3	0	-1	4	2	-1	4	1	1	1	2	1	3	3	2	20	18	1	11	5	1	9	4	6	6	2	0.31	inf
-1	-1	0	-1	-5	0	-1	4	1	-2	-3	0	-3	-1	0	0	0	3	-1	-2	3	4	5	3	0	3	3	36	3	2	2	5	0	3	4	8	6	5	2	2	0.40	inf
1	-1	-1	-2	-4	0	-1	0	1	-1	-1	-1	-2	1	3	1	0	3	2	-2	11	4	3	2	0	6	3	6	3	3	6	2	1	8	14	13	4	4	8	1	0.19	inf
-2	-3	0	-3	-4	-1	-3	3	0	-1	1	0	1	1	-3	-1	-1	4	4	-2	3	1	5	1	0	2	1	23	3	3	14	7	3	4	1	3	5	6	15	3	0.33	inf
1	-3	-3	-4	-2	-3	-4	-3	-2	1	0	-3	1	-1	3	0	2	0	1	2	13	0	1	0	1	0	0	2	1	7	10	1	3	3	13	8	14	1	5	18	0.29	inf
-4	-5	-3	-6	-1	-4	-6	2	-4	-2	1	-5	1	7	0	-4	-3	3	3	-1	1	0	1	0	1	1	0	14	0	2	13	0	3	41	6	1	1	4	8	4	0.95	inf
-2	-4	-3	-5	-1	-3	-3	-2	-4	3	3	-5	1	3	-5	-2	-3	5	2	0	3	1	1	0	1	1	2	3	0	20	25	0	3	15	0	3	1	8	8	5	0.59	inf
-2	-5	-5	-6	-2	-5	-5	-2	-3	5	3	-5	2	2	-4	-2	-3	-4	-2	3	4	0	0	0	1	0	0	4	1	33	23	0	4	8	1	3	1	0	1	16	0.71	inf
0	-6	-4	-6	-1	-5	-5	-4	-4	0	0	-6	1	7	-5	-3	-2	4	4	-1	9	0	1	0	1	0	1	1	0	5	9	0	4	44	1	2	2	5	13	3	1.10	inf
4	-5	-3	-5	1	-4	-4	4	-5	-2	-2	-4	0	-2	-5	1	0	-5	-2	-1	35	0	0	0	3	0	1	30	0	2	5	0	2	2	0	9	6	0	2	4	0.69	inf
2	-5	-4	-4	1	-4	-4	4	-5	2	-1	-4	0	-1	-4	1	-1	-5	-3	2	18	0	0	0	3	0	0	29	0	11	6	0	2	3	0	9	4	0	1	14	0.49	inf
0	-5	-3	-5	5	-5	-5	-4	-5	3	2	-5	2	3	-4	-1	-1	1	-2	2	8	0	1	0	11	0	0	1	0	18	19	0	5	12	1	4	4	2	0	15	0.55	inf
1	-4	1	-3	5	-3	-4	0	0	-1	1	-4	2	-2	-1	1	0	-2	0	0	13	0	7	1	15	0	0	8	2	4	14	0	6	1	3	11	5	0	3	6	0.30	inf
0	-5	-5	-5	-1	-4	-5	-1	-5	3	3	-4	0	1	-2	-2	-1	-1	0	3	10	0	0	0	1	0	0	5	0	18	27	0	2	6	2	3	3	1	3	19	0.45	inf
1	-5	-5	-5	2	-4	-5	0	-5	2	3	-4	1	1	-4	-1	-2	-4	-3	3	12	0	0	0	5	0	0	8	0	11	30	0	3	5	0	4	2	0	0	19	0.48	inf
2	-4	-2	-3	1	-3	-3	3	-3	-1	0	-4	2	2	-1	2	0	-1	-3	-1	19	0	1	0	4	0	0	19	1	3	9	0	6	8	2	18	6	1	0	3	0.33	inf
1	-4	-3	-4	0	-3	-4	2	-4	2	1	-4	0	3	-4	0	1	2	-1	1	14	0	1	0	2	1	0	16	0	15	11	0	2	12	0	6	8	3	1	10	0.29	inf
0	-4	-4	-5	0	-4	-5	0	-5	4	2	-4	1	1	-1	-2	-1	-2	-2	2	10	0	0	0	2	0	0	8	0	23	23	0	3	7	3	2	3	0	1	14	0.42	inf
-1	-4	-3	-5	-1	-3	-5	-4	-2	1	2	-4	0	6	-5	-2	-1	0	2	1	6	0	1	0	1	1	0	1	1	6	18	0	2	36	0	4	3	1	7	11	0.72	inf
1	-4	-4	-4	1	-3	-4	-2	-3	3	0	-4	0	0	-2	0	3	-4	-1	3	10	0	0	0	2	0	0	3	0	15	6	0	2	4	1	8	19	0	2	27	0.44	inf
0	-3	-4	-4	0	-3	-4	-2	-2	1	1	-2	1	5	-4	-2	-1	3	4	0	9	1	0	0	2	1	0	3	1	8	15	2	4	23	0	3	3	5	13	5	0.45	inf
-3	-3	-5	-6	-1	-5	-5	-5	-5	2	3	-1	2	5	-4	-3	-1	0	-1	0	2	1	0	0	2	0	0	1	0	9	34	5	5	30	1	1	3	1	1	4	0.78	inf
-2	-2	-3	-3	1	-4	-4	-4	-4	1	3	0	1	5	-2	-4	-2	1	1	-1	4	2	1	2	3	0	0	1	0	7	31	7	2	27	2	0	2	2	3	4	0.54	inf
-1	-4	-4	-5	-3	-4	-5	-3	1	2	4	-4	0	0	-2	-3	-1	-4	1	4	4	0	1	0	0	0	0	2	4	9	37	0	2	3	2	1	3	0	4	29	0.61	inf
-4	-3	-6	-5	-4	-4	-5	-6	-1	-2	-5	-1	-6	-4	8	-4	-4	-7	-4	-3	1	1	0	0	0	1	0	0	2	3	1	4	0	1	81	1	1	0	1	2	2.39	inf
-3	-4	-2	-1	-8	-2	8	-6	-4	-7	-7	-1	-6	-7	-5	-2	-5	-2	-6	-6	1	0	2	2	0	0	91	0	0	0	0	2	0	0	0	2	0	1	0	0	2.22	inf
-3	-5	-4	-4	-5	-5	-4	-4	-6	-5	-3	-5	-4	-6	-2	0	8	-6	-6	-2	1	0	0	1	0	0	1	1	0	0	3	0	0	0	2	4	87	0	0	2	2.00	inf
-1	3	-3	-4	-6	1	-2	-5	-2	-4	-1	6	-1	-3	-4	-1	-3	-6	-5	-4	5	16	0	0	0	4	1	0	1	0	7	59	2	1	0	3	1	0	0	0	1.13	inf
-3	-1	3	-1	-6	-1	-2	6	-2	-6	-6	-1	-3	-6	-5	-1	-3	-6	-6	-6	1	3	15	3	0	3	3	66	1	0	0	3	1	0	0	3	0	0	0	0	1.34	inf
-1	4	-2	-4	-2	1	-2	-4	-3	0	1	4	1	-4	-4	-2	-2	-5	-2	1	3	22	1	0	1	7	0	0	0	5	13	30	5	0	0	1	2	0	1	10	0.50	inf
0	-2	-2	0	-1	-1	-2	-3	-4	-4	-3	-2	-3	-5	5	3	3	-5	-5	-3	5	2	0	6	1	2	1	1	0	0	2	1	0	0	25	29	23	0	0	1	0.76	inf
-3	-5	-6	-6	-4	-5	-5	-4	-6	2	6	-5	0	2	-6	-4	-4	-4	-2	-1	1	0	0	0	0	0	0	1	0	8	77	0	1	8	0	1	0	0	1	1	1.32	inf
-1	-2	-3	1	-6	1	6	-4	-3	-2	-4	0	-4	-5	3	-1	-2	-6	-3	-2	3	1	0	5	0	4	57	1	0	2	1	4	0	0	12	3	1	0	1	3	0.96	inf
-2	-2	-1	2	-6	2	6	-2	-1	-6	-5	0	-5	-6	-4	-1	-2	-6	-5	-3	3	1	1	12	0	9	61	2	1	0	0	4	0	0	0	2	2	0	0	1	1.15	inf
-3	-5	-3	-5	-4	-4	-3	-5	-5	6	1	-4	4	-3	-5	-1	2	-5	-4	2	1	0	1	0	0	0	2	0	0	50	9	0	10	0	0	4	12	0	0	12	0.87	inf
-1	-2	2	2	-4	2	3	-1	-1	1	-2	-2	-3	-3	-3	1	0	-4	-1	-1	2	1	10	14	0	13	22	4	0	11	2	0	0	0	0	12	4	0	3	3	0.31	inf
1	2	0	1	-2	3	2	-1	-1	-2	-2	1	-2	-4	-1	0	-1	-4	-3	-2	14	13	3	8	0	14	18	4	1	2	3	8	1	0	3	4	3	0	0	2	0.26	inf
0	0	0	1	-2	0	1	-2	-1	0	1	-1	2	-1	-1	0	-1	-1	-2	0	10	5	4	8	0	2	12	1	2	5	20	3	8	2	3	7	1	1	1	6	0.07	inf
-1	-3	-3	-3	-4	-4	-2	-3	-3	-1	2	-4	2	5	-4	-3	-2	5	2	1	6	0	1	2	0	0	3	2	0	1	21	0	6	32	0	1	1	8	6	9	0.60	inf
0	2	0	1	0	1	3	-2	1	0	-2	0	1	-3	-3	-1	0	0	-1	-2	8	11	4	5	2	5	30	2	3	7	3	5	4	0	0	3	4	1	1	1	0.24	inf
-1	3	1	1	-4	2	-1	1	0	-3	-3	3	-1	-4	-2	0	-1	-1	-2	-3	4	20	7	8	0	8	2	12	3	1	2	18	2	0	1	8	2	1	0	1	0.30	inf
-1	3	-1	-1	-3	2	1	0	1	-2	-1	2	1	-2	-1	0	-1	-3	-1	-1	3	19	2	2	0	9	6	6	4	1	5	17	4	2	2	8	3	0	1	5	0.20	inf
-1	0	2	-1	-1	-1	-1	0	0	-2	-3	1	-3	-2	4	0	-1	3	-2	-2	3	6	12	3	1	2	2	9	3	3	2	10	0	2	24	8	2	5	0	3	0.36	inf
0	1	-1	1	-3	0	0	0	1	-1	-2	2	-1	-1	-2	1	0	1	1	-1	8	9	2	10	0	4	4	5	4	4	1	19	1	3	1	9	5	2	5	4	0.12	inf
0	0	-1	-2	-1	0	-1	-2	-1	-1	1	0	0	-1	1	0	-1	6	-1	1	7	6	3	2	1	5	4	3	1	1	16	4	2	1	9	6	1	15	1	12	0.24	inf
0	3	0	-2	-2	1	0	-1	-1	-2	-1	2	-2	-1	-1	1	-1	3	0	-2	9	17	3	0	1	5	6	5	1	2	8	15	0	3	3	9	3	6	3	2	0.16	inf
0	2	1	0	-3	2	2	-3	-1	-3	-2	2	0	-1	0	0	0	1	-1	-1	6	11	6	5	0	8	18	0	1	0	2	15	3	2	5	6	4	2	2	5	0.22	inf
0	2	1	0	-3	2	2	-1	0	-2	-2	2	-1	-2	1	1	-1	-1	0	-2	6	11	8	3	0	10	12	3	2	2	4	12	1	1	8	10	1	1	3	2	0.18	inf
-1	1	1	0	-4	0	3	1	-2	-1	-3	2	-1	-2	0	0	0	-1	-1	-2	4	6	7	5	0	2	27	10	0	4	0	13	1	2	3	8	4	1	3	1	0.23	inf
-1	0	-1	-1	1	0	1	-1	-1	1	-1	1	0	0	0	0	0	1	-1	1	3	4	1	3	4	2	13	5	1	13	0	12	2	4	4	9	4	2	1	13	0.06	inf
-1	1	0	0	-3	1	1	-1	1	-1	-1	3	1	-1	0	0	0	-3	-1	-1	2	4	4	4	0	8	8	4	3	2	7	27	5	2	4	5	6	0	2	3	0.16	inf
-1	-1	1	-1	-4	1	2	-2	-3	-3	-2	0	1	-3	6	-1	0	-5	-4	-2	3	2	7	1	0	5	17	3	0	0	3	5	4	1	37	3	6	0	0	3	0.68	inf
-1	2	0	-1	-3	0	2	1	-1	-2	-2	0	0	-3	0	1	0	5	-2	-2	4	14	3	1	0	3	17	12	1	1	3	5	4	0	4	12	5	10	0	1	0.27	inf
0	1	0	1	-3	2	2	-2	0	-3	-2	2	0	-4	-1	-1	2	0	-3	-1	8	8	3	6	0	8	14	1	3	0	2	19	3	0	2	1	14	1	0	6	0.23	inf
0	-1	0	1	-3	1	3	-1	1	-3	-2	0	-2	-1	-3	2	0	-4	-1	-2	9	1	3	7	0	7	29	3	4	0	5	5	0	2	0	18	4	0	2	2	0.30	inf
0	0	-1	-1	-2	1	1	-2	1	0	1	0	3	0	0	0	-1	-3	0	0	8	4	2	1	0	7	9	2	5	6	16	3	12	3	3	6	2	0	3	8	0.06	inf
-1	0	1	0	-5	2	4	-2	1	-4	-4	3	-3	-2	-3	0	-1	3	-3	-4	3	2	8	2	0	10	36	2	4	0	0	17	0	2	0	6	2	5	0	0	0.56	inf
-1	-1	-2	2	-3	0	2	-3	0	-1	-1	0	-1	0	-1	1	-1	7	2	-1	3	1	0	12	0	2	18	0	2	3	4	5	1	3	3	12	3	16	7	3	0.37	inf
-1	0	-3	-2	-2	-2	-2	-2	-1	3	2	-2	2	0	-3	0	0	-3	-2	2	1	7	0	2	0	0	2	3	1	25	22	0	6	3	0	8	7	0	0	12	0.22	inf
1	2	0	-2	-3	1	-1	1	-2	-3	-3	1	-2	-4	4	1	0	-4	-3	0	11	12	5	0	0	7	2	14	0	0	0	6	0	0	20	11	3	0	0	8	0.35	inf
-1	-1	-3	-2	-4	0	2	-1	-3	-3	-1	-1	-3	-4	6	0	-2	-4	-1	-1	4	3	0	0	0	3	16	5	0	0	7	3	0	0	45	7	1	0	2	4	0.83	inf
-1	0	0	3	-3	2	2	-2	-2	-1	-3	1	-2	-3	-2	2	2	-4	-1	-1	1	3	4	19	0	9	13	1	0	4	0	6	0	0	0	19	15	0	2	3	0.31	inf
-1	2	-1	-1	-4	4	3	-3	-2	-4	-4	3	-3	-4	-3	1	-2	-4	-3	-2	4	13	0	0	0	21	23	0	0	0	0	20	0	0	0	15	0	0	0	4	0.55	inf
-1	1	1	0	-3	2	3	0	2	-4	-4	1	-2	-4	0	2	0	-4	-2	-3	0	7	6	1	0	8	26	6	6	0	0	8	0	0	4	23	4	0	0	0	0.36	inf
-2	-1	3	4	-4	4	3	-2	-1	-4	-4	0	-2	-4	-2	-1	-1	-4	-3	-4	0	0	16	30	0	36	18	0	0	0	0	0	0	0	0	0	0	0	0	0	0.70	inf
