-1	-3	-3	-4	-2	-2	-3	-4	-3	4	2	-3	4	0	-3	-2	-1	-2	-1	2	0	0	0	0	0	0	0	0	0	42	16	0	30	0	0	0	0	0	0	11	0.39	inf
-4	-5	-5	-6	-4	-5	-5	-5	-3	-2	0	-5	-2	8	-6	-4	-4	-1	3	-3	0	0	0	0	0	0	0	0	0	0	5	0	0	88	0	0	0	0	7	0	1.81	inf
-2	-4	-2	-3	-4	-3	-2	5	-4	-4	-5	-1	-4	-5	0	3	3	-5	-5	-3	0	0	0	0	0	0	1	41	0	0	0	2	0	0	5	26	22	0	0	1	0.87	inf
-4	-3	-1	-2	-4	2	0	-4	-2	-2	2	-3	3	5	-2	-4	-1	5	-1	-1	0	0	3	1	0	13	6	1	1	1	22	1	7	25	2	0	3	9	0	4	0.58	inf
-4	1	-5	-2	-7	-1	4	-6	0	-3	-5	1	-5	-7	7	-4	-5	-7	-6	-6	0	7	0	1	0	2	24	0	2	2	1	10	0	0	51	0	0	0	0	0	1.51	inf
0	-3	-1	0	-4	-1	4	-3	-2	-2	-2	-3	-3	-5	2	2	3	-5	-4	0	6	0	3	4	0	2	26	1	1	1	4	0	0	0	11	16	17	0	0	8	0.45	inf
0	-3	-2	-4	-5	1	-1	0	0	-4	-2	0	-4	-1	3	1	-2	8	1	0	9	1	2	0	0	7	3	7	2	0	3	6	0	2	13	9	2	23	5	7	0.68	inf
0	-1	0	1	-2	1	3	-1	0	-2	-3	-1	-3	-4	1	1	2	-5	-4	-1	9	3	3	8	1	5	20	4	2	2	1	2	0	0	8	12	15	0	0	5	0.28	inf
-1	2	-3	-4	3	-1	0	-5	-2	0	4	-2	-2	0	-1	-1	-2	-4	0	-1	4	11	1	0	6	3	6	0	1	4	46	1	0	3	3	4	1	0	3	4	0.47	inf
-1	0	0	-1	0	-2	-4	-2	-2	0	4	-2	0	2	-4	1	-1	-4	-3	0	5	5	4	4	2	1	0	3	1	4	39	2	2	9	0	10	4	0	0	5	0.31	inf
-2	-4	1	5	-6	-1	3	-3	3	-6	-4	-3	-3	-6	1	1	-3	-7	-2	-6	3	0	7	35	0	2	19	2	6	0	1	1	1	0	8	12	1	0	2	0	0.87	inf
-1	0	-2	-3	10	-2	-3	-1	-4	-5	-1	-3	-3	-6	-2	-2	1	-6	-6	-4	5	5	2	2	53	2	2	5	0	0	6	2	0	0	2	3	9	0	0	1	1.73	inf
-2	-2	0	0	1	3	0	3	6	-3	-3	-1	-1	-1	-2	1	-2	-5	-4	-3	2	2	4	4	3	12	5	24	17	2	3	4	2	3	2	10	2	0	0	1	0.53	inf
-1	0	-1	-3	0	2	-1	2	-2	-3	-1	4	-4	-2	-2	1	-2	-2	-2	-1	4	4	2	1	2	8	4	16	1	1	6	30	0	2	2	9	1	1	1	5	0.38	inf
1	1	-1	0	2	1	1	-1	0	-2	-2	2	-2	-3	1	2	0	-5	-3	-2	11	7	3	6	5	5	8	4	2	2	3	14	1	1	7	14	5	0	0	3	0.18	inf
-1	-4	-2	-4	0	-2	-1	-2	2	0	-1	-3	-2	5	1	-1	1	-4	3	-2	5	1	2	1	2	2	5	4	5	5	5	2	1	29	6	5	9	0	10	2	0.51	inf
2	0	0	-1	3	0	-1	1	2	-2	-2	-1	-3	1	1	2	-1	-5	-3	-3	15	6	4	3	7	4	3	11	4	2	4	2	0	6	8	17	3	0	0	1	0.23	inf
-3	2	1	0	0	5	2	-3	0	-4	-3	0	-4	-3	0	1	0	-6	-1	-5	2	11	7	5	2	23	13	1	2	1	3	4	0	1	4	12	5	0	2	1	0.48	inf
-2	0	3	2	-1	0	0	2	-3	-4	-2	1	-3	0	-2	2	-2	-5	1	-4	3	5	12	10	2	3	6	15	0	1	4	8	0	4	2	19	2	0	4	1	0.30	inf
-1	-1	1	-3	0	-2	-1	-2	0	-1	0	2	3	0	0	1	1	-4	-2	1	3	3	8	1	2	1	3	3	2	3	9	15	7	4	4	11	9	0	1	12	0.15	inf
4	-3	-2	-2	-2	-1	-1	-2	-2	-4	-1	-5	-3	-5	-3	4	0	-7	-4	-2	36	1	2	3	1	3	4	3	1	1	6	0	1	0	1	28	6	0	1	3	0.73	inf
-3	-7	-6	-6	-5	-3	-3	-6	-4	-4	1	-7	-4	9	-5	-3	-5	-6	2	-4	2	0	0	1	0	1	2	1	1	1	12	0	0	66	1	2	1	0	5	2	2.16	inf
-1	2	2	-2	-1	-2	-3	-2	2	0	0	0	-1	-1	-1	2	1	0	0	-1	3	10	9	2	1	2	1	4	4	6	9	6	1	3	3	19	8	1	3	4	0.17	inf
-2	2	3	2	0	2	-1	-2	2	-5	-4	2	-2	-4	-1	1	0	1	0	-3	3	10	13	10	2	10	3	3	5	1	2	10	1	1	3	12	6	2	3	2	0.35	inf
0	1	0	-4	-1	1	-2	-3	3	-1	0	1	0	-2	0	3	-1	-3	-2	1	6	7	4	1	1	7	2	2	7	4	8	9	2	2	5	20	3	0	1	8	0.22	inf
-1	-3	-3	-2	0	0	0	-2	2	-1	-1	-2	2	-1	-2	5	-1	-5	1	-1	5	1	1	2	2	5	6	3	5	3	7	3	5	3	2	35	3	0	5	4	0.47	inf
-2	0	3	-1	-1	2	0	-1	5	-3	-2	1	-2	-3	-1	1	1	-2	0	-3	4	6	12	3	1	8	6	4	11	2	4	8	1	1	3	12	9	1	3	2	0.29	inf
-3	-3	-4	-2	-7	0	3	-6	0	-3	5	-1	-3	0	-3	-2	-5	-7	-3	-4	3	2	1	3	0	4	16	1	2	1	51	5	1	3	2	3	0	0	1	1	0.95	inf
1	1	0	-1	-1	1	0	-2	-1	1	0	1	0	-1	-2	1	1	-5	-2	0	10	7	5	3	1	6	7	2	1	9	8	9	2	3	1	10	10	0	1	5	0.10	inf
-2	3	1	-2	-3	2	1	-1	4	0	-2	1	0	-2	-2	-1	-1	-4	-2	-1	3	17	6	2	1	9	10	5	9	6	4	7	3	1	2	4	4	0	1	5	0.31	inf
-4	-1	-1	-3	-5	-1	0	-4	10	-4	-4	-2	-2	-9	-2	-3	-3	-10	-1	-3	2	4	3	2	0	3	6	2	61	1	2	3	1	0	3	2	2	0	2	2	2.28	inf
-2	2	1	-4	-4	5	1	-4	0	-1	-1	3	2	-6	-1	-2	-3	-4	-2	-2	3	11	6	1	0	20	8	1	2	3	7	17	5	0	4	3	2	0	1	3	0.52	inf
-2	5	-2	-4	-4	0	-1	-3	1	0	-1	2	1	-1	-2	0	-1	-4	0	-1	4	31	2	1	0	3	4	2	3	6	6	10	3	3	2	6	4	0	4	5	0.51	inf
-2	-2	-1	1	-2	-3	-1	-2	-2	3	-2	-2	-1	-3	0	1	3	-3	-3	1	4	2	3	7	1	1	4	3	1	18	4	2	1	1	5	12	20	0	1	9	0.36	inf
-4	-1	-2	-4	-5	-1	0	-4	10	-3	-4	-2	-1	-7	-1	-2	-2	-10	-5	-5	2	4	2	1	0	3	7	2	58	2	2	3	2	0	4	4	3	0	0	1	2.18	inf
0	-2	0	-3	-1	0	-2	-1	1	-5	-3	-1	-2	-4	-3	3	5	-3	-3	-2	7	3	4	2	1	4	3	4	4	1	3	4	1	1	2	19	32	1	1	3	0.63	inf
-3	-1	-4	-1	-6	2	4	4	-1	-3	-6	-2	-6	-5	0	-1	-3	-5	-8	-2	2	4	1	4	0	7	26	32	1	2	1	2	0	1	5	5	2	0	0	3	0.82	inf
-1	-2	-2	1	-3	-1	5	-1	1	-5	-3	1	-2	-4	-1	1	-2	-4	-3	-2	6	2	2	7	1	3	36	6	3	1	3	9	1	1	3	9	2	0	1	3	0.63	inf
-1	2	0	-1	-2	-1	-1	-2	0	-2	-3	5	-3	-4	1	0	0	-8	-4	-6	5	11	5	4	1	2	5	4	2	2	3	33	1	1	7	8	6	0	1	1	0.61	inf
-1	-2	-1	-3	-4	0	-2	2	2	-4	-2	-5	-4	-4	6	0	-1	-8	-3	-3	5	2	3	2	0	4	3	13	4	1	5	1	0	1	39	8	4	0	1	2	0.90	inf
-4	-2	0	-1	-2	-1	-1	-2	3	-5	-3	-2	-5	3	-2	1	-1	-1	7	-1	2	2	5	4	1	3	5	4	5	1	3	3	0	11	2	10	4	1	28	5	0.75	inf
-1	0	-2	1	0	2	2	-2	1	-2	-3	3	-2	-5	0	2	0	-7	-2	-2	5	5	2	6	2	7	11	3	3	3	4	18	1	0	6	14	6	0	2	3	0.29	inf
-1	-2	-1	-4	10	-1	-1	-3	-3	-7	-2	0	-3	-6	-1	1	-1	-6	-8	-8	5	3	3	2	46	3	4	3	1	0	5	5	1	0	3	10	4	0	0	0	1.74	inf
-3	0	1	0	-4	1	1	-1	2	-3	-2	1	-1	-1	2	2	0	5	0	-4	2	5	5	5	0	6	9	5	4	2	4	10	1	3	9	12	5	7	3	1	0.27	inf
-3	-2	-1	3	0	1	5	-2	3	-1	-4	1	-4	-3	-1	-1	-3	-7	-1	0	3	2	3	14	2	5	29	4	5	4	2	7	0	1	3	4	2	0	2	6	0.55	inf
-3	-6	-3	-3	10	-5	-2	-2	-2	0	0	-2	-2	-2	-3	-2	-1	-5	-5	0	3	1	2	2	49	1	3	4	1	6	8	3	1	2	2	4	4	0	1	6	1.75	inf
-3	0	0	0	-6	2	2	4	1	-6	-3	0	-1	-5	-1	0	-5	-3	-2	-5	2	4	4	6	0	10	11	32	3	1	3	7	1	1	4	7	1	0	1	1	0.60	inf
-3	0	1	0	-5	0	0	-2	-1	-4	-3	6	-4	-6	-1	0	-1	3	-4	-3	2	5	6	5	0	4	6	4	2	1	3	39	1	0	4	7	4	4	1	2	0.73	inf
2	-1	0	-1	2	-1	-1	0	0	-3	-3	-2	-1	-2	1	3	1	-4	-2	-2	16	4	4	4	5	2	4	8	3	1	3	2	2	2	8	18	9	0	2	3	0.24	inf
-4	-3	-4	-3	-1	-2	-1	-2	2	-2	-1	-2	-1	7	1	-2	-3	-4	1	-2	1	1	1	2	1	2	4	3	4	2	6	3	1	46	6	4	2	0	5	3	1.16	inf
-2	2	-1	-1	4	1	0	-1	-1	-1	-3	2	-1	-2	-1	2	0	-3	-2	-2	3	12	3	3	8	6	7	4	2	4	3	14	1	2	3	13	6	0	2	3	0.26	inf
-3	4	-3	-1	5	2	0	0	2	-4	-4	1	-2	-2	-1	-1	-1	-2	0	-3	2	22	1	3	12	9	7	6	4	1	2	8	1	2	4	5	4	1	4	2	0.53	inf
-1	1	0	0	-1	2	3	-1	0	-2	-2	2	-1	-1	0	0	-1	-3	-3	-1	5	7	4	4	1	8	17	5	2	2	5	14	2	3	5	6	3	0	1	4	0.21	inf
-1	0	0	0	3	1	1	0	-1	-1	-1	2	-2	-1	1	0	-1	-3	-1	-2	5	5	5	5	6	6	9	6	1	3	6	14	1	3	8	7	4	0	2	3	0.14	inf
0	0	0	-1	4	-1	-1	0	-1	0	1	-1	0	0	1	0	-1	1	-1	0	6	5	5	3	9	3	4	9	2	5	12	4	2	3	7	6	4	2	2	6	0.07	inf
-1	0	0	1	-1	0	2	0	0	-1	-1	1	-1	0	1	0	-1	0	-2	-1	4	5	3	7	1	4	13	9	2	3	7	10	2	5	6	8	3	1	1	3	0.09	inf
0	1	0	1	0	2	0	-1	0	-2	-1	1	-1	-1	1	0	-1	-2	-1	-1	9	9	4	7	2	9	7	4	2	2	6	10	1	3	7	7	4	1	2	5	0.10	inf
-1	1	0	0	1	0	1	-1	0	-2	-1	1	-1	1	1	1	0	-1	0	-1	5	7	3	4	3	4	8	5	2	2	8	10	1	7	7	10	6	1	3	4	0.07	inf
1	-2	1	-1	1	-1	0	-1	2	-2	-2	-1	-1	1	-1	3	1	-2	-2	-2	9	2	7	4	3	3	6	5	5	2	4	4	1	5	4	22	9	1	1	2	0.22	inf
-1	1	0	-1	0	1	0	-1	1	-2	-2	0	-2	-2	4	1	0	1	-1	-2	5	8	4	3	2	7	7	4	3	2	4	6	1	2	19	11	5	2	2	3	0.25	inf
-1	0	2	2	1	-1	1	-1	1	-3	-2	0	-1	-1	0	3	0	-3	-1	-2	5	4	11	10	3	3	8	5	3	1	5	6	2	2	5	19	5	0	2	3	0.21	inf
0	-1	-1	-1	-2	0	-2	0	0	-3	-2	-1	-2	-2	0	5	-1	0	-1	-3	8	4	3	4	1	4	3	7	2	1	4	3	1	2	5	38	4	1	2	2	0.49	inf
-1	0	2	-1	-3	1	0	-3	4	-2	-2	3	-2	-3	0	2	0	-3	-1	-2	5	6	8	4	1	5	6	2	10	2	5	15	1	1	5	13	7	0	3	3	0.27	inf
-1	-2	-3	-3	-1	-2	-3	-1	1	-1	4	-2	-1	-1	-1	0	0	-1	-1	-1	6	2	1	2	1	2	2	4	4	3	40	3	1	3	4	8	6	1	2	5	0.39	inf
-1	0	-1	-2	-1	-1	-1	-3	1	2	2	0	2	-1	-1	-1	1	-3	-1	1	5	4	4	2	1	2	4	2	3	10	18	6	6	2	3	5	9	0	2	10	0.13	inf
0	2	-1	0	-2	3	1	-2	1	-1	-2	2	0	-4	0	0	0	-4	-2	-2	7	12	3	4	1	13	9	3	4	4	3	11	2	0	4	8	6	0	1	4	0.23	inf
-2	0	-1	-3	-2	0	1	-4	9	-5	-6	1	-2	-4	-1	-1	-2	-8	-2	-4	3	4	3	2	1	4	8	2	48	1	1	7	1	1	4	4	3	0	1	1	1.60	inf
-2	0	-2	1	-3	4	2	-2	3	0	-1	0	1	-3	-2	0	-1	-4	-2	-2	3	5	2	7	1	19	13	3	7	5	7	6	4	1	3	6	4	0	1	3	0.32	inf
-2	5	1	-2	-1	-1	0	-3	-1	-2	-2	2	0	-4	0	1	-1	-4	-4	-2	4	31	6	3	1	2	6	2	1	3	4	11	2	1	6	10	4	0	0	3	0.51	inf
-2	-2	-1	-2	-2	-4	-2	-3	1	3	-1	-1	1	-2	3	1	3	-2	-5	1	4	2	2	2	1	0	3	2	4	15	6	3	3	1	16	10	16	1	0	8	0.39	inf
-2	-3	-1	-2	-2	-1	-3	0	9	-4	-3	0	-7	-3	-2	0	-3	-8	0	-3	3	2	3	2	1	2	2	7	49	1	3	5	0	1	3	7	2	0	3	3	1.58	inf
-1	-2	-2	-1	-4	-3	-3	-1	0	1	-1	0	0	-4	0	1	5	-3	-3	0	6	3	2	3	0	1	2	5	2	7	5	5	3	1	5	9	33	0	1	7	0.46	inf
-2	2	-1	-1	-3	-1	0	5	1	-4	-3	1	-3	-6	-1	-2	-2	-1	-3	-5	3	12	3	3	1	3	7	39	3	1	4	8	1	0	4	3	3	1	1	1	0.67	inf
-3	1	-3	2	-7	2	6	-2	-3	-4	-4	2	0	-6	-1	-2	-3	-7	-5	-4	3	7	1	9	0	7	41	4	0	1	2	11	2	0	3	3	2	0	0	1	0.88	inf
-3	4	-2	-2	-6	-3	-2	-4	0	-3	-3	6	-2	-5	-3	-4	-4	0	-4	-4	3	20	2	2	0	1	3	2	2	2	3	50	1	1	2	1	1	1	1	2	1.31	inf
-3	-1	-1	-6	-3	-1	-3	-5	-1	1	0	-1	-5	-4	7	-1	0	-2	-5	-2	3	3	3	0	1	2	2	1	1	7	9	4	0	1	45	5	7	1	0	4	1.04	inf
-6	-2	-4	-6	3	-5	-6	-9	4	-3	-4	-5	-7	6	-4	-6	-4	-1	7	-7	1	2	1	1	6	1	1	0	10	2	2	1	0	31	1	1	1	1	38	0	2.00	inf
-1	2	-3	-4	-2	2	2	-3	0	1	-3	4	-2	-3	0	-1	0	-4	-3	0	5	9	1	1	1	8	13	3	2	7	2	22	1	1	5	5	6	0	1	7	0.36	inf
-5	-4	-10	-11	12	-10	-11	-4	-4	-9	-8	-10	-6	-6	-10	-7	-9	2	-2	-9	1	1	0	0	89	0	0	2	1	0	0	0	0	0	0	1	0	3	2	0	4.41	inf
-2	-1	2	2	-4	1	2	-2	-1	-3	-3	2	-3	-4	3	0	-1	-7	-5	-3	4	4	10	10	0	5	13	3	2	2	2	13	1	1	16	8	4	0	0	2	0.41	inf
-4	-1	-2	1	-5	1	4	-1	1	1	0	0	-3	0	-4	-2	-2	-6	1	1	1	4	2	7	0	7	23	6	4	9	8	5	0	4	1	3	2	0	4	9	0.30	inf
-9	-8	-5	-12	12	-5	-8	-11	-11	-10	-6	-11	-10	-6	-11	-4	-10	0	-2	-10	0	0	1	0	91	1	0	0	0	0	1	0	0	1	0	2	0	1	2	0	4.59	inf
-3	-3	2	1	-3	-1	-1	6	0	-6	-7	-1	-3	-3	-2	0	-2	-3	-4	-4	2	2	10	7	1	3	4	48	2	1	1	4	1	1	3	6	3	0	1	2	0.95	inf
-2	3	-5	-5	-3	-1	-1	-7	-3	-3	-2	7	-1	-3	-8	-3	-4	0	-1	-5	3	13	1	1	1	3	5	0	1	2	4	56	2	1	0	2	1	1	2	1	1.44	inf
2	1	-1	-2	-1	0	-1	0	-1	-2	-3	-1	-2	-4	-2	2	2	-2	-3	1	18	7	3	2	1	4	3	8	2	3	3	4	1	1	2	14	13	1	1	11	0.25	inf
-4	-10	-11	-11	2	-7	-11	-11	-4	-4	-3	-11	-1	9	-7	-4	-3	-7	4	-4	2	0	0	0	4	0	0	0	1	1	3	0	1	72	0	2	2	0	10	1	2.75	inf
-1	3	1	-2	-2	0	-2	-1	0	-2	-3	2	-2	-4	-1	3	2	-1	-2	-2	5	14	8	2	1	4	2	4	2	3	3	11	1	1	4	19	11	1	2	2	0.32	inf
-3	4	0	0	1	2	-2	-3	3	-4	-2	1	-3	-2	-5	1	2	3	1	-2	2	18	4	5	3	9	2	2	7	1	4	7	0	2	0	11	11	3	4	2	0.39	inf
-1	2	1	-1	-2	1	-1	-3	1	-2	-1	3	0	-2	1	2	-1	-4	-1	-3	5	9	6	4	1	5	4	1	3	2	7	16	2	2	8	16	3	0	2	2	0.25	inf
1	-1	0	-1	-2	1	1	0	2	-4	-5	-1	-2	-2	-2	4	-1	0	0	-4	9	3	4	4	1	6	9	6	4	1	1	3	1	2	2	33	4	1	4	1	0.47	inf
-1	-1	3	1	-2	1	0	-1	5	-2	-2	0	-1	-4	-2	1	0	-3	1	-2	6	3	14	7	1	6	6	5	12	2	4	5	2	1	2	12	6	0	4	3	0.30	inf
-5	-4	-10	-10	-4	-3	-9	-8	-3	-1	6	-6	1	1	-7	-7	-8	-4	-2	-2	1	1	0	0	0	2	0	0	1	3	77	0	2	5	0	0	0	0	1	3	1.89	inf
-1	2	0	-2	-4	2	-1	-3	-2	1	-1	2	-1	-2	-4	-1	2	-1	-1	1	6	10	4	2	0	10	4	1	1	7	5	14	2	2	0	5	14	1	2	10	0.24	inf
0	4	-1	-1	-3	2	0	-4	1	0	-1	1	1	-2	-3	-1	0	-3	-1	-1	7	22	2	3	1	8	7	1	3	6	7	9	3	2	1	4	6	0	2	5	0.28	inf
-9	-5	-3	-6	-1	-4	-6	-10	11	-11	-10	-9	-9	-5	-7	-6	-9	-10	-4	-11	0	1	1	1	1	1	0	0	92	0	0	0	0	1	0	1	0	0	1	0	4.34	inf
-4	1	-3	-5	-2	4	0	-5	1	1	1	1	5	-2	-4	-2	-3	-3	-2	0	1	7	1	0	1	20	7	0	3	8	15	10	12	2	1	3	1	0	2	6	0.54	inf
-3	6	0	-5	1	1	-2	-6	0	-2	-2	3	0	-3	-4	-2	-2	-1	-2	-4	2	43	4	1	2	7	2	1	2	3	5	16	2	1	1	3	2	1	1	1	1.00	inf
-2	-3	-3	-3	1	-1	-2	-1	-2	4	-1	-2	0	-4	-5	1	4	-1	-1	2	2	1	1	2	2	2	3	6	1	21	4	2	2	0	0	12	22	1	2	11	0.47	inf
-6	-3	-6	-7	-2	-3	-4	-5	11	-7	-7	-7	-9	-6	-4	-5	-5	-9	-1	-6	1	2	0	0	1	1	1	1	85	0	1	0	0	0	1	1	1	0	2	1	3.73	inf
-2	-1	1	-4	1	-3	-2	-2	0	-2	-3	-2	-2	-3	0	2	6	-3	-6	-1	3	3	6	1	2	1	2	4	2	2	3	3	1	2	5	13	42	0	0	5	0.75	inf
-2	0	-1	0	-4	-2	0	6	-3	-4	-4	-1	-6	-5	-2	-2	-1	-1	-6	-3	3	6	3	5	0	2	8	51	1	1	2	4	0	1	2	3	5	1	0	3	0.92	inf
-3	0	-4	0	-4	1	6	-1	-2	-3	-4	1	0	-3	-3	-3	-2	-6	-3	-1	2	5	1	6	0	6	48	4	1	2	2	8	2	1	1	2	2	0	1	5	0.91	inf
-4	4	-2	-3	-4	-2	-3	-3	-3	-5	-1	6	-3	-7	-2	-3	-2	-3	-3	-4	2	19	2	1	0	2	2	2	1	1	6	51	1	0	3	2	3	0	1	1	1.30	inf
-2	-1	-1	-4	0	-3	-2	-5	-2	-4	-3	-2	-1	-4	7	-1	-2	-7	-5	-2	4	4	3	1	2	2	3	1	1	1	4	3	1	1	57	5	3	0	1	3	1.42	inf
-7	-5	-4	-6	1	-3	-4	-8	4	-4	-2	-4	-6	6	-5	-3	-5	4	7	-3	0	1	1	1	3	2	1	0	8	1	4	1	0	29	1	2	1	5	36	2	1.72	inf
-1	1	-2	-1	0	2	2	-4	0	-1	-2	4	-2	-3	0	0	0	-6	-5	1	5	6	1	3	2	8	13	1	2	4	3	23	1	1	5	6	7	0	0	9	0.33	inf
-7	-5	-8	-8	11	-8	-8	-4	-4	-7	-4	-8	-8	-1	-5	-1	-5	-1	-3	-7	0	1	0	0	81	0	0	2	1	0	2	0	0	3	1	4	1	1	1	0	3.75	inf
-2	0	2	0	-3	1	1	-2	2	-2	-2	2	-3	-3	4	1	1	-6	-3	-2	2	5	9	5	1	5	8	4	5	2	3	11	0	1	17	9	8	0	1	2	0.32	inf
-4	-2	-2	0	-2	3	4	-1	2	1	-1	0	-2	0	-4	-2	-2	3	1	0	1	2	2	6	1	11	23	5	5	9	5	5	1	4	1	3	2	4	5	7	0.35	inf
-5	-3	-4	-8	12	-4	-4	-5	-2	-8	-8	-8	-8	-8	-3	-7	-7	0	-1	-4	1	2	1	0	81	1	1	2	1	0	0	0	0	0	2	0	0	1	2	1	3.81	inf
-2	-1	0	1	-3	-2	-1	6	0	-5	-3	-2	-3	-4	0	0	-1	-3	-6	-4	4	3	4	7	1	2	5	47	2	1	3	2	1	1	5	6	4	1	0	1	0.83	inf
-3	2	-3	-3	-4	-2	-1	-5	1	-3	-4	7	0	-2	-3	-3	-2	0	1	-3	2	9	2	1	1	2	5	1	3	2	2	52	2	2	2	2	3	1	4	2	1.17	inf
3	1	-1	-3	0	-3	-2	0	-1	-1	-3	0	-1	-3	0	2	2	-3	-3	0	22	8	3	1	2	1	3	6	1	3	3	5	2	1	4	16	11	0	1	7	0.28	inf
-3	-7	-7	-7	2	-4	-4	-5	-7	-1	-1	-7	-2	8	-7	-2	-1	-6	1	-2	3	0	0	0	4	1	2	1	0	3	6	0	1	62	0	4	4	0	5	3	1.95	inf
0	2	0	-3	-1	-2	-1	-2	0	-1	-3	3	-1	-3	0	3	1	-6	-1	0	7	11	4	1	1	1	4	3	2	4	3	14	1	1	4	19	8	0	2	7	0.27	inf
-2	4	1	1	2	3	-1	-3	3	-4	-3	-1	-2	-1	-4	0	0	0	0	-2	4	20	7	7	4	12	3	3	6	1	3	4	1	2	1	8	7	2	3	3	0.39	inf
-1	2	1	-2	-2	1	-1	-3	1	-3	-1	3	1	-2	0	2	-2	-1	-2	-3	5	10	6	3	1	5	4	2	4	2	6	18	3	2	6	18	2	1	2	2	0.29	inf
0	0	0	2	-1	-1	-1	0	1	-3	-3	-1	-3	-2	-1	4	-1	0	2	-3	7	5	4	10	2	3	5	8	4	2	3	4	1	2	4	27	3	1	6	2	0.32	inf
-1	-1	3	1	-2	0	0	-2	5	-2	-2	0	-2	-3	-3	2	0	-1	0	-4	6	3	15	9	1	5	5	3	15	2	4	6	1	1	2	13	6	1	3	1	0.42	inf
-3	-2	-3	-5	-1	-1	-2	-3	-1	-1	5	-2	2	1	-1	-5	-3	0	-1	0	2	2	1	0	1	3	3	2	2	2	54	2	4	5	4	1	2	1	2	5	0.75	inf
0	1	0	-1	-1	1	0	-2	0	1	0	2	0	-1	-1	0	1	0	-1	0	6	9	4	3	1	5	6	2	2	10	7	12	2	2	2	7	10	1	2	5	0.08	inf
-1	4	-1	-1	-1	1	0	-3	-1	-1	-2	2	1	-2	0	0	0	-5	-1	0	4	21	3	4	1	7	7	2	2	3	2	11	4	2	5	6	7	0	2	7	0.24	inf
-7	-2	-2	-6	1	-1	-6	-7	11	-7	-7	-3	-7	-1	-2	-3	-3	-7	0	-4	0	2	2	0	3	3	0	0	72	0	0	2	0	3	2	2	2	0	2	2	2.82	inf
-1	0	0	-2	2	0	0	-1	2	0	-1	0	1	1	0	0	0	3	1	0	5	5	5	0	5	5	5	5	5	5	5	5	5	5	5	5	5	5	5	5	0.07	inf
-1	5	-1	-3	1	-1	-2	-3	1	-1	-1	3	1	-2	-3	-2	-3	1	-1	-3	6	29	4	2	3	3	3	3	3	4	6	15	3	2	2	3	2	2	2	3	0.59	inf
-2	1	0	-1	0	0	-2	-2	2	2	0	-1	0	0	-2	0	1	2	1	2	3	8	4	4	2	4	2	3	4	10	7	4	2	3	2	7	9	2	4	12	0.10	inf
-4	0	-2	-2	1	0	-2	-3	10	-8	-4	-1	-8	-2	-2	-3	-2	-8	-1	-3	2	5	3	3	3	4	3	2	53	0	3	4	0	2	2	3	3	0	2	3	1.94	inf
0	0	-1	-1	0	0	-1	-1	1	-1	-1	-1	1	-1	-1	1	3	1	-1	-1	8	4	3	3	2	3	4	4	4	4	4	4	4	3	4	12	20	2	2	4	0.15	inf
-1	0	0	-1	0	-1	-1	4	1	-2	-3	1	-1	-2	1	0	-1	1	-4	-2	4	5	5	4	2	3	5	28	4	3	3	10	2	2	7	6	4	2	0	3	0.27	inf
-2	1	1	2	-5	1	4	-1	1	-1	-2	0	0	-2	-1	0	-1	1	-1	-1	3	7	6	10	0	5	24	4	3	3	4	6	2	2	4	5	4	2	2	4	0.24	inf
-1	3	0	-1	0	0	-1	-2	0	-1	-2	4	-1	-2	-1	-1	-1	-5	0	-2	4	14	5	4	2	4	4	4	3	3	4	30	1	2	3	4	3	0	3	2	0.38	inf
-2	1	-2	-3	-1	-1	-1	-4	1	-2	-1	-1	-1	-3	6	-1	-2	-6	-2	-1	3	7	2	2	2	3	3	2	3	3	7	4	2	1	44	5	2	0	2	4	0.89	inf
-2	-3	-1	-4	2	-3	-6	-3	3	-1	-3	-2	-2	5	-3	-1	-3	-4	7	-2	3	1	3	1	4	1	0	2	7	4	3	3	1	24	1	5	2	0	31	3	1.12	inf
0	0	-2	-2	-2	2	1	-1	1	1	-2	3	0	-2	0	0	0	-1	-1	1	8	4	2	1	1	10	10	4	3	7	3	17	2	1	5	6	6	1	2	9	0.17	inf
-7	-8	-8	-2	11	-8	-3	-2	-8	-7	-2	-2	-7	-8	-2	-3	-3	-8	-2	-3	0	0	0	3	72	0	2	4	0	0	4	3	0	0	3	3	2	0	2	2	3.03	inf
-1	0	1	0	0	1	2	-2	1	-2	-3	2	-2	-2	3	1	-1	-5	-2	-3	5	5	6	4	2	5	13	3	4	2	3	11	1	2	15	12	4	0	1	2	0.29	inf
-2	-1	-2	0	-2	2	4	-1	2	-1	-1	1	-1	-1	-3	-2	-2	1	0	1	2	3	1	5	1	8	27	4	5	4	6	7	1	3	1	2	3	2	3	11	0.33	inf
-1	1	1	1	2	1	1	0	2	-2	-1	-1	-1	-3	1	0	0	-3	-2	0	1	8	7	8	7	7	8	8	7	0	8	0	0	0	8	8	8	0	0	8	0.12	inf
0	-1	0	1	0	1	-1	3	0	-2	-2	-1	-3	-1	1	-1	-1	2	0	-2	7	4	4	7	3	8	4	28	3	3	3	3	0	3	7	4	3	3	3	3	0.25	inf
-1	3	-2	-2	0	-1	-1	-2	-1	-2	-3	5	0	0	-5	-1	-2	0	0	-2	5	14	2	2	2	2	4	3	1	3	3	39	3	4	0	4	2	1	4	3	0.64	inf
2	2	-1	-2	1	0	0	0	0	-1	-2	-1	-1	-2	0	1	1	0	-2	-1	17	11	2	1	3	4	7	7	2	3	3	3	1	2	5	12	8	2	1	5	0.13	inf
-3	-3	-7	-4	2	-3	-2	-4	0	-3	-1	-4	-2	8	-4	-2	-2	-5	2	-4	3	2	0	1	3	1	3	2	2	2	5	1	1	57	1	4	3	0	6	1	1.56	inf
0	2	1	-1	0	-1	-1	-1	1	-2	-2	1	-1	-3	1	2	0	-1	-2	-1	7	11	8	3	2	2	4	5	4	2	3	9	2	1	8	16	7	1	1	4	0.17	inf
-4	4	1	0	1	4	-2	-4	3	-4	-3	-2	-4	-3	-1	1	1	2	0	-3	1	20	5	6	2	16	3	2	6	1	3	2	0	1	4	9	9	2	3	2	0.54	inf
-1	3	0	-4	-1	0	-2	-3	0	-2	-2	3	-2	-2	2	3	-3	-3	-1	-2	6	13	5	1	1	4	3	3	2	2	5	14	1	2	9	20	2	0	2	3	0.35	inf
0	0	-1	2	-1	0	-1	0	1	-4	-6	-2	-2	-1	-1	5	-1	-1	-2	-4	9	5	3	10	1	4	4	6	3	1	1	2	1	3	3	33	5	1	2	2	0.52	inf
0	-2	4	0	-2	1	1	-1	5	-4	-2	-1	-1	-4	-4	1	1	-7	0	-3	8	3	15	5	1	7	9	6	11	1	4	4	1	1	1	10	8	0	3	3	0.38	inf
-3	-3	-5	-3	-2	-4	-5	-5	-3	-1	6	-6	2	2	-3	-6	-6	-3	-2	-2	3	2	1	2	1	1	1	2	1	3	64	1	4	7	2	1	1	1	2	3	1.38	inf
0	1	1	-4	1	2	0	-1	-1	1	-1	2	-2	-2	-3	0	1	-3	0	0	7	7	8	1	3	10	5	5	1	7	6	11	1	1	2	7	9	0	3	7	0.15	inf
-1	2	0	-1	1	1	2	-2	2	-1	-1	1	0	-2	1	0	0	1	-1	-1	4	11	4	4	3	6	12	3	4	4	6	9	2	2	6	7	5	2	3	4	0.13	inf
-3	-2	-1	-8	-9	-1	-2	-3	10	-2	-4	-2	-8	-8	-1	-2	-8	-9	0	-3	3	3	3	0	0	3	3	3	62	3	3	3	0	0	3	3	0	0	3	3	2.45	inf
-1	0	0	0	2	0	0	-1	2	0	-1	0	2	1	0	-1	0	4	1	-1	5	5	5	5	5	5	5	5	5	5	5	5	5	5	5	5	5	5	5	5	0.09	inf
-2	6	-1	-3	1	0	-1	-3	1	-1	-2	2	1	-2	-2	-1	-2	1	-1	-3	4	33	4	2	3	4	4	3	3	3	4	12	3	2	3	5	3	2	2	3	0.63	inf
-2	-1	-2	-2	0	-1	-2	-2	0	4	0	0	1	-2	-2	-1	3	1	-1	1	4	4	2	2	2	3	3	4	2	19	8	5	3	2	2	6	16	2	2	10	0.29	inf
-4	-3	-2	-3	0	-2	-2	-3	10	-4	-4	-2	-9	-1	-2	-3	-3	-9	-2	-4	2	2	2	2	2	2	3	2	63	2	2	3	0	2	3	2	2	0	2	2	2.46	inf
-1	0	0	0	2	0	0	-1	2	0	-1	0	2	1	0	-1	0	4	1	-1	5	5	5	5	5	5	5	5	5	5	5	5	5	5	5	5	5	5	5	5	0.09	inf
0	1	1	0	1	0	0	1	1	-1	-1	0	0	-1	0	-1	0	2	0	-1	6	7	6	4	3	5	6	13	3	3	7	6	2	3	5	4	5	3	3	5	0.05	inf
0	0	0	0	2	0	0	-1	1	0	-1	0	1	0	0	0	0	-2	1	0	5	5	5	5	5	5	5	5	5	5	5	5	5	5	5	5	5	0	5	5	0.03	inf
-1	0	0	0	2	0	0	-1	2	0	-1	0	2	1	0	-1	0	4	1	-1	5	5	5	5	5	5	5	5	5	5	5	5	5	5	5	5	5	5	5	5	0.09	inf
-1	0	0	-1	0	0	0	-1	0	-2	-1	0	0	-1	5	-1	-1	-5	0	-1	5	6	4	3	2	5	6	4	3	2	7	6	2	3	27	5	4	0	3	4	0.34	inf
-2	-1	-1	-4	3	0	-1	-2	3	-1	-2	-1	0	3	-1	-2	-1	2	5	-2	3	3	3	0	7	4	3	3	7	3	4	3	3	14	3	3	3	3	23	3	0.50	inf
0	0	0	0	1	1	1	-1	0	0	-1	2	0	-1	0	0	0	-3	0	-1	7	4	5	4	3	6	11	4	3	5	4	14	3	3	4	6	6	0	3	5	0.08	inf
-3	-3	-2	-2	10	-2	-3	-1	-1	-3	-3	-2	-1	-1	-2	-3	-2	2	0	-2	3	2	3	3	48	2	3	5	2	2	3	3	2	3	3	3	3	2	3	3	1.73	inf
0	0	1	0	0	0	2	-1	2	-1	-3	1	0	-1	2	0	0	1	-1	-1	8	5	6	5	2	4	12	5	5	3	3	7	2	3	10	7	5	2	2	4	0.13	inf
-1	-2	0	0	0	0	2	1	1	1	-1	-1	0	1	0	-1	0	2	0	0	4	2	4	6	2	4	13	9	3	7	6	3	2	5	4	5	6	3	4	7	0.07	inf
-2	-1	-3	-2	10	-6	-2	-4	-1	-2	-3	-1	-6	-3	-3	-3	-3	-7	-2	-2	4	4	2	3	58	0	3	2	2	3	3	4	0	2	2	3	2	0	1	3	2.13	inf
-1	1	1	0	0	1	2	3	0	-5	-3	1	0	-2	0	0	-1	0	-1	-3	4	8	6	5	2	6	12	20	3	0	3	7	2	1	5	7	3	1	2	2	0.23	inf
-2	3	-1	-1	-2	-1	1	-1	0	-2	-2	5	-1	-2	-2	-2	-1	1	0	-2	3	13	2	3	1	3	9	5	2	2	3	33	2	2	3	3	4	2	3	3	0.50	inf
1	0	0	-1	1	0	0	0	0	-2	-2	0	-1	-2	0	2	1	0	-2	0	11	5	4	3	3	3	5	8	3	2	4	5	1	2	5	16	9	2	1	8	0.10	inf
-3	-2	-6	-4	1	-3	-1	-2	0	-1	0	-2	0	7	-1	-1	0	-5	1	-2	2	2	0	1	3	1	4	4	3	4	7	2	2	40	4	5	6	0	5	3	0.82	inf
-1	2	1	-3	0	-1	-2	-1	1	-1	-3	2	0	-2	-1	2	2	-1	-1	-1	5	11	6	2	2	3	3	5	3	4	3	11	2	2	3	17	11	1	3	5	0.23	inf
-2	3	0	0	1	3	-2	-1	3	-4	-2	0	-2	-1	-1	1	1	1	2	-2	3	16	4	5	2	11	3	4	6	1	4	6	1	3	3	9	8	2	6	3	0.30	inf
-1	2	-1	-2	0	1	-1	-2	1	-2	-1	3	-1	-2	1	2	-1	-1	-1	-1	4	11	3	2	2	6	4	3	3	2	7	15	1	2	6	15	3	1	2	5	0.22	inf
-1	-1	-1	1	-1	-1	-1	-1	0	-3	-3	-1	-2	-2	-1	5	0	-1	1	-2	6	3	4	7	2	3	5	5	3	1	3	4	1	2	4	35	5	1	5	3	0.47	inf
-1	-1	3	1	-1	1	-1	-1	5	-2	-3	-1	0	-3	-2	1	0	0	0	-2	6	4	12	7	2	5	4	5	13	3	4	4	3	1	2	11	7	1	3	3	0.30	inf
-5	-3	-4	-4	-2	-3	-4	-5	-2	-2	6	-4	1	1	-3	-5	-4	-1	-2	-2	2	2	1	2	1	2	2	2	1	2	64	2	3	5	2	1	1	1	2	3	1.32	inf
-1	2	0	-2	-1	1	-1	-3	0	2	-1	2	0	-2	-2	-1	3	-1	-2	0	6	9	5	2	1	7	4	2	2	9	6	14	2	2	3	4	15	1	2	5	0.23	inf
-1	4	0	-2	-1	2	0	-2	0	0	-2	1	1	-3	-3	0	-1	-2	-2	1	6	19	4	2	1	9	5	4	2	5	5	9	3	1	2	7	4	1	2	9	0.26	inf
-5	-3	-4	-5	-8	-3	-2	-4	11	-5	-5	-2	-2	-3	-1	-4	-8	-8	-4	-5	2	2	1	1	0	1	3	2	72	1	1	3	1	1	4	2	0	0	1	1	3.09	inf
-1	0	0	0	2	0	0	-1	2	0	-1	0	2	1	0	-1	0	4	1	-1	5	5	5	5	5	5	5	5	5	5	5	5	5	5	5	5	5	5	5	5	0.09	inf
-2	6	-1	-3	1	0	-2	-4	0	-2	-2	2	1	-2	-2	-2	-2	1	0	-1	3	35	4	2	3	4	3	2	2	3	4	11	3	2	3	4	3	2	4	5	0.68	inf
-2	-1	-2	-2	1	-1	-2	-1	-1	4	-1	-1	1	-2	-2	1	3	1	-2	1	3	3	2	2	3	3	3	4	2	20	5	4	3	2	3	9	15	2	2	10	0.31	inf
-3	-2	-2	-3	1	-2	-3	-3	10	-3	-4	-3	0	-3	-1	-3	-4	-8	0	-3	3	3	2	2	3	2	2	2	57	2	2	2	2	2	4	3	2	0	3	2	2.13	inf
-1	0	0	0	2	0	0	-1	2	0	-1	0	2	1	0	-1	0	4	1	-1	5	5	5	5	5	5	5	5	5	5	5	5	5	5	5	5	5	5	5	5	0.09	inf
0	0	0	0	2	0	0	-1	1	0	-1	0	1	0	0	0	0	3	-2	0	5	5	5	5	5	5	5	5	5	5	5	5	5	5	5	5	5	5	0	5	0.05	inf
0	0	0	0	2	0	0	-1	1	0	-1	0	1	0	0	0	0	-2	1	0	5	5	5	5	5	5	5	5	5	5	5	5	5	5	5	5	5	0	5	5	0.03	inf
-4	4	-3	-4	-1	-3	-3	-2	-2	-4	-1	6	-1	-3	0	-3	-3	-3	-3	-3	2	18	1	1	1	2	2	3	1	1	6	44	2	2	5	3	2	1	1	2	1.12	inf
-4	0	-2	-2	0	-1	-2	-6	0	-1	-3	-2	-1	-3	7	-2	-3	-4	-3	-1	2	6	2	2	2	3	3	1	2	4	4	3	2	2	52	3	2	0	1	4	1.29	inf
-5	-5	-3	-6	3	-3	-4	-3	4	-4	-2	-3	-4	5	-7	-3	-3	1	8	-5	1	1	2	1	6	2	1	3	8	1	4	2	0	20	0	3	2	2	40	1	1.60	inf
-1	1	-3	-2	-1	2	2	-2	0	-1	-2	4	-1	-6	1	-1	0	-2	-1	0	4	6	1	2	2	9	12	3	2	4	5	21	2	0	7	5	6	1	3	8	0.29	inf
-5	-10	-9	-2	11	-10	-10	-4	-4	-3	-4	-10	-3	-4	-6	-2	-4	-9	-3	-3	1	0	0	3	78	0	0	2	0	2	2	0	1	1	1	3	2	0	1	2	3.58	inf
-3	-1	2	3	-2	1	2	-2	2	-4	-5	1	-5	-5	3	1	-1	-8	-4	-4	3	4	8	14	1	6	11	4	4	1	1	8	0	1	15	12	4	0	1	2	0.47	inf
-3	-1	-2	0	-3	1	4	-2	2	1	-1	0	-2	0	-2	-3	-3	-1	1	1	2	3	2	5	1	7	25	4	5	7	6	6	1	4	3	2	2	1	5	9	0.36	inf
-6	-5	-4	-10	12	-4	-4	-4	-10	-10	-10	-10	-10	-10	-3	-5	-10	-10	-3	-5	1	1	1	0	85	1	2	2	0	0	0	0	0	0	2	1	0	0	1	1	4.20	inf
-3	-3	0	0	-5	-1	0	6	0	-9	-5	-1	-8	-5	-1	0	-3	-3	-5	-5	3	2	5	6	0	3	6	52	2	0	2	4	0	1	4	6	2	0	1	1	1.11	inf
-3	2	-5	-5	-2	0	-1	-4	-2	-4	-4	7	-1	-1	-2	-3	-5	-2	1	-5	2	10	1	1	1	4	4	2	1	1	2	53	2	3	2	2	1	1	5	1	1.35	inf
3	2	-4	-3	0	-1	-4	1	-2	-3	-4	-1	0	-4	-3	2	1	-3	-4	1	25	10	1	2	2	3	1	10	1	1	2	4	2	1	2	13	8	0	1	10	0.42	inf
-3	-9	-6	-3	2	-5	-9	-3	-3	-5	-1	-9	-8	9	-9	-4	-2	-2	2	-6	3	0	1	2	4	1	0	3	1	1	6	0	0	66	0	2	3	1	6	1	2.32	inf
0	2	0	-4	-2	-2	-2	-1	2	-2	-4	2	-3	-2	-1	3	2	-8	-3	-1	7	9	4	1	1	2	3	5	4	3	2	12	1	2	4	23	10	0	1	5	0.37	inf
-3	4	-1	1	1	3	-3	-2	3	-6	-3	0	-1	-4	-2	1	1	2	0	-4	2	18	3	7	3	14	2	4	6	1	3	6	1	1	2	11	8	2	3	2	0.48	inf
-1	1	0	-4	-2	1	-2	-1	1	-4	-1	3	-1	-1	2	2	-2	1	-3	-2	6	7	4	1	1	6	3	5	3	1	7	17	1	3	9	16	2	2	1	3	0.30	inf
-1	-2	-1	-1	1	-2	0	1	1	-3	-5	-2	-4	-4	-1	5	0	1	0	-4	6	3	3	3	3	2	7	9	3	2	1	3	1	1	4	37	6	2	3	1	0.61	inf
0	-1	2	0	0	1	1	-2	4	-3	-2	-1	-1	-4	-3	3	0	-3	2	-3	7	3	9	6	2	6	7	4	10	2	4	3	1	1	1	18	7	1	6	2	0.34	inf
-3	-2	-9	-2	-3	-4	-5	-4	-3	-1	6	-3	-1	0	-5	-5	-5	-3	-1	-2	3	2	0	2	1	1	1	2	1	4	66	2	2	4	1	1	1	1	2	3	1.38	inf
-1	1	1	-1	-2	2	0	-3	-1	1	-1	3	0	-3	-1	-1	1	-2	-1	-1	5	8	5	3	1	7	6	2	2	8	6	19	2	1	3	5	9	1	3	4	0.23	inf
-1	4	0	-2	-1	1	0	-2	-1	-1	-2	3	-1	-4	-4	0	0	-2	-1	0	6	19	4	3	2	7	6	4	1	4	4	15	2	1	1	8	5	1	2	6	0.31	inf
-3	-2	-2	-2	-7	-1	-2	-2	11	-7	-7	-2	-7	-6	-3	-2	-6	-7	-1	-7	2	2	2	2	0	3	3	3	71	0	0	2	0	0	2	4	0	0	2	0	2.75	inf
0	1	-2	-3	0	3	-1	-3	1	1	1	1	2	0	0	-1	-2	0	0	0	7	7	1	0	2	13	4	2	3	10	13	8	5	4	5	4	2	1	3	5	0.14	inf
0	5	-1	-2	0	-1	-1	-1	-1	-2	-2	2	1	-1	-1	-1	-1	-1	0	-1	9	32	3	2	2	2	3	5	1	2	4	10	3	3	3	4	4	1	3	4	0.40	inf
0	0	-1	-1	1	-1	-1	-2	-1	2	0	0	0	-1	-3	0	2	1	-1	0	9	5	2	4	4	2	4	3	1	14	10	5	2	3	0	7	15	2	2	7	0.11	inf
0	0	0	0	2	0	0	0	1	0	-1	0	-1	0	1	0	0	-2	1	0	6	6	5	6	5	5	6	6	5	6	6	6	0	5	6	6	6	0	5	6	0.03	inf
-1	-2	-1	-3	-1	-1	-2	-4	4	-3	-2	-1	-1	0	-3	2	6	-4	-6	-3	4	3	3	1	1	2	3	1	9	1	4	4	1	4	1	12	42	0	0	2	0.84	inf
-3	0	-1	1	-4	-2	-1	6	-4	-6	-7	-2	-5	-6	-3	0	-2	-3	-8	-5	2	5	3	7	0	2	5	58	0	0	0	3	0	0	2	6	3	0	0	1	1.24	inf
-1	0	-1	1	-2	0	6	-2	0	-3	-3	0	-3	-2	-3	-2	-3	-4	-4	-1	4	6	2	6	1	4	47	3	2	2	3	6	1	2	1	3	2	0	1	4	0.81	inf
-4	4	-1	-4	-8	1	-2	-4	-3	-6	-6	7	-7	-5	-1	-4	-4	-4	-5	-4	1	17	3	1	0	5	3	2	1	0	1	56	0	1	3	2	1	0	1	2	1.51	inf
-2	-1	-2	-4	0	-3	-4	-6	-2	-1	-3	-1	-3	-3	8	-2	-4	-2	-8	-3	3	3	3	1	2	1	1	1	1	3	3	4	1	1	63	4	1	1	0	2	1.69	inf
-8	-8	-2	-9	-1	-5	-8	-9	3	-4	-1	-4	0	6	-9	-5	-6	1	8	-6	0	0	2	0	1	1	0	0	6	1	6	1	2	31	0	1	1	2	44	1	2.15	inf
0	0	-1	-4	1	3	2	-3	0	-1	-2	4	-2	-4	-2	-1	1	-4	-4	0	7	5	3	1	2	12	13	2	2	3	3	23	1	1	2	5	7	0	0	7	0.39	inf
-9	-11	-10	-11	12	-3	-11	-4	-10	-9	-9	-10	-9	-10	-10	-4	-9	-10	-2	-9	0	0	0	0	92	2	0	2	0	0	0	0	0	0	0	2	0	0	2	0	4.65	inf
-2	0	1	1	-4	0	2	-2	1	-4	-5	2	-3	-3	3	2	0	-3	-4	-3	2	4	6	9	0	4	13	3	4	1	1	14	1	1	14	13	7	0	0	2	0.40	inf
-4	-3	-3	0	-4	1	4	-4	3	1	-1	0	0	3	-5	-4	-2	2	1	1	1	1	1	4	0	6	28	1	6	8	6	5	2	10	0	1	3	3	4	9	0.49	inf
-8	-5	-10	-10	12	-3	-6	-10	-2	-9	-9	-10	-9	-10	-10	-3	-9	-10	-4	-4	0	1	0	0	89	1	1	0	1	0	0	0	0	0	0	3	0	0	1	1	4.41	inf
-3	-2	2	2	0	-2	0	5	0	-7	-2	-1	-3	-4	-2	0	-2	-2	-3	-4	2	3	8	10	2	2	6	41	2	0	4	3	1	1	3	6	3	1	1	1	0.70	inf
-3	2	-3	-5	-1	-2	0	-6	-2	-5	-5	7	-1	0	-7	-2	-1	0	0	-6	2	10	2	0	2	2	6	1	1	1	2	54	2	3	0	3	4	1	3	1	1.32	inf
3	2	-2	-4	2	-3	-1	-1	-2	-1	-4	0	-3	-3	-3	2	2	-4	-3	0	23	10	2	1	4	1	4	5	1	4	1	6	1	1	1	13	14	0	1	8	0.37	inf
-5	-6	-8	-9	2	-6	-8	-6	-7	-1	-4	-8	-7	9	-9	-1	-2	-6	2	-5	1	1	0	0	4	1	0	1	0	4	1	0	0	72	0	5	3	0	6	1	2.55	inf
1	2	1	-2	0	-2	-2	-2	0	0	-3	1	-1	-3	-1	3	2	-6	-1	-1	10	10	5	1	2	2	2	3	3	6	2	9	2	1	2	21	13	0	2	4	0.28	inf
-3	3	1	0	0	4	-1	-3	3	-2	-2	0	-2	-2	-2	0	0	1	0	-1	2	17	5	6	2	17	3	2	6	2	3	5	1	2	2	7	7	2	4	4	0.34	inf
-1	2	0	-1	-2	1	-1	-1	0	-3	-2	3	-1	-2	0	3	-2	-1	-1	-3	5	10	4	4	1	6	3	5	2	2	3	18	1	2	5	20	2	1	2	2	0.29	inf
-1	0	-1	1	-2	0	0	-1	1	-3	-2	-2	-1	-2	-2	4	0	1	0	-3	5	5	2	8	1	4	6	4	3	2	4	3	1	2	2	36	6	2	4	1	0.43	inf
0	-2	4	1	-2	0	0	0	5	-3	-2	-1	-2	-3	-3	1	0	-2	0	-2	7	2	17	9	1	5	5	6	12	1	3	3	1	1	1	12	6	1	3	4	0.34	inf
-5	-2	-4	-7	-1	-3	-7	-8	-3	-2	6	-4	0	2	-7	-5	-3	0	-1	-1	1	3	1	0	2	1	0	0	1	2	67	1	2	8	0	1	2	2	2	3	1.40	inf
-1	2	0	-3	-2	1	-1	-2	-1	1	-1	3	0	-2	-4	-1	2	-2	-1	0	6	11	4	1	1	6	4	3	1	10	7	16	2	1	0	5	14	1	2	5	0.21	inf
-1	4	-1	-1	-1	2	1	-1	0	-1	-2	2	-2	-2	-5	0	1	-2	0	-1	5	24	3	3	1	7	7	4	2	4	4	10	1	2	0	6	7	1	3	6	0.31	inf
-9	-3	-3	-4	-9	-3	-7	-9	11	-10	-9	-8	-1	-8	-9	-4	-9	-9	-2	-9	0	2	1	1	0	1	0	0	89	0	0	0	2	0	0	1	0	0	1	0	4.13	inf
-2	1	-3	-5	-3	5	0	-4	1	0	1	2	5	-2	-6	-2	-2	-1	0	-1	4	7	1	0	1	22	6	1	3	6	11	10	12	2	0	3	2	1	3	4	0.53	inf
-3	6	-1	-3	-8	-1	-4	-3	1	-1	-2	3	0	-4	-4	-2	-4	-7	-2	-1	2	45	3	2	0	2	1	2	3	4	5	17	2	1	1	3	1	0	2	4	1.05	inf
-3	-1	-3	-4	-2	-2	-3	-4	-2	4	0	-1	0	-4	-5	1	4	-3	-4	2	2	4	1	1	1	2	1	1	1	25	8	5	2	1	1	10	22	0	0	13	0.62	inf
-3	-4	-2	-7	-7	-3	-3	-7	11	-7	-5	-3	-7	-3	-7	-6	-7	-7	-1	-5	3	1	2	0	0	1	2	1	80	0	2	2	0	1	0	0	0	0	2	1	3.43	inf
-2	-2	0	-2	2	-1	-3	-4	3	-3	-3	-2	-2	-4	-3	1	6	-2	-3	-2	3	3	4	2	4	3	2	1	6	2	3	3	1	1	1	11	45	1	1	3	0.92	inf
-2	-1	-1	0	-1	-3	0	6	-3	-2	-5	1	-3	-7	0	-2	-4	-7	-7	-3	4	4	3	5	1	1	5	50	1	3	1	7	1	0	5	3	1	0	0	2	0.93	inf
-2	-1	-2	1	-2	-1	6	-3	-1	-2	-3	1	-3	-5	-3	-1	-1	-3	-3	-1	3	3	2	8	1	2	45	3	1	2	3	8	1	1	1	4	4	0	1	5	0.79	inf
-4	3	-2	-3	-7	0	-3	-3	0	-5	-5	7	-2	-3	-2	-2	-3	-7	-3	-3	1	16	2	1	0	3	2	3	2	1	2	54	1	1	3	3	2	0	1	2	1.33	inf
-2	-1	-4	-3	-4	-1	-3	-5	-1	-2	-2	-1	-3	-3	7	-2	-3	-7	-4	-2	3	4	1	2	0	3	2	1	1	2	5	4	1	1	60	4	2	0	1	3	1.56	inf
-6	-8	-3	-6	-3	-5	-8	-6	5	-4	-3	-6	-5	6	-6	-5	-5	1	8	-6	1	0	1	0	1	1	0	1	11	1	3	0	0	29	1	1	1	2	46	1	2.23	inf
0	1	-1	-2	-2	1	2	-3	-1	-1	-2	4	-2	-2	0	0	0	-3	-2	-1	6	8	3	2	1	7	12	2	2	4	4	23	1	2	4	7	5	0	1	5	0.26	inf
-8	-11	-10	-11	12	-10	-11	-10	-10	-9	-6	-11	-9	-2	-10	-5	-9	-10	-4	-9	0	0	0	0	94	0	0	0	0	0	1	0	0	2	0	1	0	0	1	0	4.79	inf
-1	-2	2	1	-3	0	2	-2	2	-4	-4	2	-3	-4	3	2	1	-4	-4	-4	4	1	8	6	1	4	11	4	4	1	2	14	1	1	15	13	8	0	0	1	0.39	inf
-2	-1	-2	1	-3	0	3	-2	1	1	0	0	0	1	-4	-1	-1	-1	1	1	2	3	1	9	1	4	22	3	3	8	8	5	2	5	1	5	3	1	5	11	0.24	inf
-7	-3	-9	-9	12	-9	-9	-8	-9	-8	-8	-9	-8	-8	-9	-4	-8	-8	-8	-8	0	2	0	0	93	0	0	0	0	0	0	0	0	0	0	2	0	0	0	0	4.63	inf
-3	-2	0	1	-3	-1	-2	6	0	-7	-4	-2	-5	-6	0	-1	-3	-3	-6	-4	2	2	5	7	1	3	3	54	2	0	2	3	0	0	5	5	2	0	0	2	1.09	inf
-2	3	-5	-6	-4	0	-2	-6	-4	-5	-2	7	-2	-1	-7	-2	-2	-3	1	-4	3	14	1	0	0	3	3	1	1	1	5	53	1	3	0	3	3	0	5	1	1.29	inf
3	2	-1	-2	2	-1	-3	1	-2	-2	-3	0	-1	-3	-3	2	2	-3	-3	-1	22	10	2	2	4	3	2	9	1	2	2	5	1	1	2	14	13	0	1	4	0.32	inf
-5	-10	-10	-10	0	-6	-10	-7	-8	-6	-5	-10	-4	9	-10	-4	-2	-6	3	-6	1	0	0	0	2	0	0	0	0	0	1	0	0	80	0	2	3	0	8	0	3.04	inf
1	2	0	-3	0	-2	-3	-2	-2	-2	-3	2	1	-2	-2	3	2	-6	1	-2	9	10	5	1	2	1	2	3	1	2	2	11	4	2	2	24	12	0	4	3	0.36	inf
-4	4	-1	-1	1	4	-2	-2	3	-5	-3	-1	-4	-2	-6	1	1	2	0	-3	1	24	3	4	2	21	2	3	6	1	3	4	0	2	0	9	9	3	3	2	0.66	inf
0	2	1	-5	-1	0	-1	-3	1	-3	-2	3	-2	-3	0	3	-2	-3	-1	-3	6	11	6	0	1	3	3	2	3	1	4	19	1	1	6	24	2	0	2	2	0.44	inf
0	-1	0	3	0	0	0	-1	0	-4	-4	-2	-6	-3	-1	4	-1	-2	-1	-4	7	3	4	15	2	4	5	5	2	1	2	3	0	1	4	33	4	1	3	1	0.50	inf
-1	-2	4	1	-2	1	0	-1	4	-4	-2	-2	-2	-2	-5	3	1	-6	0	-2	6	2	16	7	1	5	6	5	10	1	4	2	1	2	0	19	7	0	3	3	0.40	inf
-7	-5	-10	-10	-3	-7	-9	-10	-3	-3	6	-5	1	2	-9	-9	-8	-3	0	-2	0	1	0	0	1	0	0	0	1	1	78	1	3	8	0	0	0	0	3	3	1.96	inf
-1	2	0	-2	-4	1	-1	-3	0	1	-1	2	-1	-2	-4	0	2	-3	0	-1	6	11	4	2	0	6	3	2	2	9	7	15	2	2	0	8	14	0	3	4	0.21	inf
-1	4	-1	-2	-2	2	0	-4	-2	0	-3	3	0	-5	-5	0	0	-7	-1	-1	4	25	3	3	1	9	6	2	1	5	3	18	2	0	0	7	6	0	2	4	0.50	inf
-10	-9	-8	-10	0	-8	-9	-11	12	-12	-11	-9	-10	-10	-11	-9	-10	-11	-1	-12	0	0	0	0	2	0	0	0	96	0	0	0	0	0	0	0	0	0	2	0	4.77	inf
-4	2	-5	-6	-4	5	0	-6	0	1	1	2	5	-2	-7	-3	-2	-2	-1	0	1	9	0	0	0	23	5	0	2	8	14	11	12	2	0	1	3	1	2	6	0.66	inf
-5	6	-1	-3	-9	-1	-2	-6	-2	-4	-3	5	-5	-8	-5	-4	-2	-5	-4	-6	1	41	3	1	0	3	2	1	1	1	3	35	0	0	1	1	3	0	1	0	1.48	inf
-2	0	-1	-5	-1	-3	-4	-3	-1	3	-1	1	1	-3	-6	1	4	-3	-5	1	2	4	3	0	1	1	1	2	1	17	5	9	3	1	0	11	28	0	0	9	0.56	inf
-5	-6	-7	-7	5	-4	-6	-5	11	-4	-4	-5	-5	-5	-10	-5	-5	-10	-2	-1	1	0	0	0	10	1	0	1	74	1	2	1	0	1	0	1	1	0	1	4	3.20	inf
1	-2	-2	-5	-3	-3	-2	-2	7	-6	-5	-2	-2	-7	-4	2	5	-8	-5	-5	10	3	2	0	1	1	3	4	21	0	1	2	1	0	1	14	35	0	0	0	1.14	inf
-3	2	-1	-1	-2	1	2	5	1	-7	-7	1	-5	-8	-1	-1	-4	-8	-7	-4	2	13	3	4	1	5	11	40	3	0	0	8	0	0	3	5	1	0	0	1	0.85	inf
-3	2	-1	-1	-9	0	6	-5	-4	-8	-8	3	-2	-4	-5	-3	-4	-8	-2	-5	3	12	3	3	0	4	53	1	0	0	0	15	1	1	0	1	1	0	2	1	1.38	inf
-5	2	-1	-5	-4	-3	-1	-6	-6	-3	0	7	-2	-3	-2	-4	-4	-8	-7	-3	0	11	3	0	1	1	4	0	0	2	9	60	1	1	2	1	1	0	0	2	1.45	inf
-4	-6	-6	-8	-9	-7	-6	-8	-4	-7	-5	-3	-3	-7	8	-1	1	-2	-9	-2	2	0	0	0	0	0	0	0	1	0	2	2	1	0	74	6	8	1	0	3	2.35	inf
-7	-8	-9	-9	-8	-8	-9	-9	-7	-1	3	-9	-1	9	-9	-8	-7	-5	-3	-1	0	0	0	0	0	0	0	0	0	3	23	0	1	68	0	0	0	0	0	5	2.43	inf
