-2	-3	-4	-5	-3	-3	-4	-5	-4	2	3	-3	7	-1	-4	-3	-2	-3	-2	1	0	0	0	0	0	0	0	0	0	11	27	0	55	0	0	0	0	0	0	6	1.01	inf
4	-3	-2	-3	-3	1	-2	-1	-3	-3	-3	-2	0	-3	-3	3	0	-3	2	-2	43	0	0	0	0	6	0	3	0	0	0	0	3	0	0	33	3	0	7	0	0.65	inf
-1	-4	-4	-4	-5	-1	-4	-5	0	-5	-5	-2	2	-6	8	-3	1	-6	-5	-2	4	0	0	0	0	2	0	0	2	0	0	2	6	0	72	0	8	0	0	3	1.94	inf
4	-3	-1	3	-3	0	0	0	-3	-4	-4	-1	0	-4	-3	2	-2	-5	-4	-2	42	0	2	18	0	4	4	7	0	0	0	2	3	0	0	15	0	0	0	3	0.56	inf
3	-1	-1	-1	-3	1	-2	-3	-3	-2	0	-2	1	0	-1	2	2	-4	-3	-1	34	2	2	2	0	8	0	0	0	0	9	0	4	4	2	15	15	0	0	2	0.34	inf
-1	-1	1	3	0	-1	0	-1	1	-3	-1	-2	-2	0	1	0	0	-2	4	-1	2	2	6	18	2	2	5	6	4	0	6	0	0	4	8	6	7	0	18	4	0.23	inf
-1	-1	-3	0	-4	1	-2	-2	-3	-3	0	-1	5	-1	1	2	0	-3	3	-3	2	3	0	4	0	9	2	3	0	0	9	2	20	2	6	21	5	0	13	0	0.39	inf
2	-3	-3	-4	4	-2	-2	-3	3	-3	-2	-2	-3	-4	0	2	4	-5	-4	1	17	0	0	0	10	1	2	0	7	0	2	2	0	0	4	18	26	0	0	11	0.56	inf
2	-1	-1	-4	-4	-1	-1	-4	-4	-5	-3	-3	-4	-4	5	4	0	-5	1	-4	15	3	3	0	0	2	3	0	0	0	3	0	0	0	28	32	6	0	6	0	0.82	inf
1	-3	0	-3	1	-1	-2	3	-1	-1	0	-3	1	1	-2	0	0	-3	3	-1	14	0	4	0	3	3	2	22	1	2	12	0	4	6	1	7	4	0	12	3	0.22	inf
-1	-2	0	0	-5	1	-2	-1	-4	-3	-5	-2	0	-2	6	1	-2	-6	-2	-5	5	2	4	4	0	6	1	5	0	1	0	2	3	2	50	12	1	0	1	0	1.13	inf
-1	2	-3	-4	1	1	-2	-2	-3	-1	2	-2	0	0	2	-1	0	-3	1	1	5	14	0	0	3	7	1	3	0	1	24	1	2	5	10	3	7	0	5	9	0.20	inf
0	-2	0	-1	-4	0	-3	4	-3	-4	-2	-2	-3	-1	1	2	-1	-4	-2	-1	9	2	4	4	0	5	0	37	0	0	4	1	0	3	6	15	3	0	1	6	0.45	inf
-1	-1	-2	-1	-4	-2	-3	-1	-1	2	0	-3	0	-2	4	1	-1	-4	0	2	4	3	1	3	0	1	0	5	2	13	8	0	2	1	26	10	3	0	4	14	0.41	inf
0	-1	1	2	0	0	0	-1	0	-3	-1	2	-1	-4	1	2	0	-4	-2	-2	6	2	8	11	2	4	4	5	2	1	6	16	1	0	7	20	4	0	1	1	0.22	inf
0	-2	-2	-2	-2	-3	0	3	-1	-2	-1	-2	-3	0	0	1	1	-3	3	0	7	1	1	1	1	0	5	22	1	1	6	2	0	3	6	12	9	0	13	9	0.24	inf
2	-2	-2	0	-1	2	2	0	0	-1	-3	-2	2	-2	-1	2	-2	1	-3	-1	17	2	1	5	1	9	13	7	2	3	1	1	6	2	2	20	0	2	0	5	0.24	inf
-1	-1	1	3	-1	-2	1	-1	4	-4	-4	-3	-4	-1	0	3	0	-5	-1	-3	3	4	6	19	1	1	8	4	9	1	1	0	0	3	5	25	6	0	2	1	0.43	inf
0	-2	-3	-3	0	-1	-1	-2	-1	-2	0	-3	-2	0	3	4	1	-4	2	-2	6	2	0	1	2	3	3	2	1	2	8	1	1	4	14	34	7	0	7	2	0.44	inf
1	-3	-2	-4	0	-2	-2	-3	-1	-2	1	0	0	-1	4	2	-1	-5	-2	0	14	1	2	0	2	1	1	2	1	1	13	6	2	3	25	15	3	0	1	6	0.46	inf
0	-2	-2	-3	4	-3	-2	1	-3	-1	1	-2	-2	3	1	0	0	0	1	1	6	2	1	1	11	1	3	10	0	3	12	2	0	15	7	6	6	1	4	9	0.21	inf
1	-3	1	-3	-4	-1	-1	4	1	-4	-1	-2	1	0	2	2	-2	-5	-2	-3	10	1	6	0	0	3	3	29	4	0	6	2	4	4	9	16	1	0	1	1	0.41	inf
-1	1	-2	-3	-1	1	0	-3	2	-3	-3	0	-1	-1	5	0	-1	-5	2	-2	6	9	1	1	1	5	6	2	4	1	2	6	1	2	33	7	3	0	6	3	0.61	inf
0	-3	-1	-4	2	1	-1	-3	-2	-3	-3	-4	0	-5	6	2	-1	-1	0	-2	9	1	3	1	4	8	3	1	1	2	2	0	3	0	37	15	3	1	4	3	0.80	inf
2	-2	-3	-4	-2	1	-1	2	1	-2	-2	-2	-2	1	0	1	-1	0	3	-1	16	1	1	0	1	6	4	18	3	2	3	1	1	5	4	12	3	1	13	4	0.27	inf
-1	-2	-2	-2	-1	2	-1	5	1	-6	-3	0	-2	-5	0	0	0	-5	0	-5	5	1	2	2	1	9	5	43	3	0	2	4	1	0	6	6	5	0	4	0	0.67	inf
1	-1	0	-1	-2	-1	-1	2	2	-3	-3	0	1	-1	0	2	1	-4	1	-1	11	3	4	3	1	3	2	14	5	0	1	6	4	3	4	19	8	0	5	6	0.19	inf
0	1	-2	0	-5	2	-2	3	1	-4	-3	-2	-1	-2	3	1	-1	-1	-1	-2	7	7	1	5	0	11	1	21	3	0	3	1	1	1	17	10	3	1	2	3	0.39	inf
1	-1	1	-1	-2	-1	-2	1	1	-2	-1	-2	-3	-1	0	2	0	-4	1	0	15	3	8	4	1	3	1	13	3	1	7	0	0	3	5	16	5	0	6	6	0.15	inf
1	-2	-1	-1	-2	1	-2	2	-1	-3	0	-1	0	2	0	1	-1	1	-1	-1	10	2	3	4	1	6	1	19	2	0	9	3	2	12	6	10	4	2	1	4	0.16	inf
0	-2	0	-2	0	2	0	-1	2	-1	0	-2	-2	-1	1	2	1	-4	0	-1	6	1	4	1	2	11	4	5	5	3	10	0	1	3	6	19	10	0	3	5	0.17	inf
2	-1	-1	-2	-3	0	-1	0	1	-1	0	-2	-1	0	1	0	0	-1	3	-1	21	3	3	2	0	5	3	9	3	4	8	1	1	3	8	7	5	1	12	4	0.16	inf
-1	-1	-1	-2	-6	1	-2	0	1	-6	-5	-3	-3	0	6	0	-2	-6	-1	-2	6	3	3	3	0	7	3	7	3	0	1	1	1	4	44	8	3	0	2	2	0.95	inf
1	0	-2	0	2	0	-1	1	1	-4	-2	-2	-4	-1	1	3	0	0	2	-2	9	4	1	5	5	4	3	10	3	0	3	1	0	2	8	23	6	1	7	3	0.25	inf
2	0	0	-2	-4	0	-1	-1	0	-2	0	0	-1	0	0	2	0	-4	0	-2	15	4	5	2	0	5	3	4	2	1	12	5	1	5	5	21	4	0	3	2	0.15	inf
1	-3	-2	-1	-3	0	-2	-1	1	-4	-2	-3	-1	-5	6	1	-1	-7	-3	-3	10	2	2	3	1	4	3	6	3	1	4	1	2	1	44	10	3	0	1	2	0.94	inf
2	0	-3	-2	2	0	-1	0	0	-1	0	-2	0	1	1	1	-1	-3	3	-1	19	5	0	1	4	4	3	8	2	3	8	1	2	5	6	11	3	0	11	3	0.18	inf
2	-1	-1	-2	-1	1	-2	1	-1	-2	-4	-2	-4	-2	3	2	0	-2	1	-2	15	3	3	2	1	6	1	11	2	2	1	1	0	2	17	19	6	1	5	3	0.37	inf
1	-3	-3	-3	0	-2	-3	1	0	-1	0	-2	0	3	-1	0	1	-3	2	0	10	1	1	1	2	2	1	9	2	3	11	1	2	15	2	8	10	0	9	8	0.20	inf
3	-1	2	-2	-3	-1	-2	0	1	-3	-2	0	-2	-2	2	2	-1	-5	-2	-3	22	3	12	2	0	3	2	7	4	1	5	5	1	2	12	14	2	0	1	1	0.31	inf
2	0	-2	-1	1	2	-2	1	1	-4	-2	-3	-1	-3	3	0	0	-5	-1	-1	19	5	1	3	3	11	2	11	3	0	4	1	1	1	15	8	6	0	2	4	0.32	inf
3	-1	-2	-1	0	0	0	-1	-1	-2	1	-1	-3	-2	0	2	-1	-4	-1	-1	24	2	1	4	2	4	5	5	2	2	12	3	0	1	5	16	3	0	3	4	0.19	inf
-1	-1	-2	-1	-2	-1	0	1	0	0	1	-1	1	1	1	0	-1	0	0	0	4	3	1	3	1	3	6	12	2	4	19	3	4	6	6	8	3	1	3	7	0.06	inf
1	-1	0	-1	-3	-2	-3	4	-1	-3	-2	-3	-4	-3	0	2	-2	-1	-3	-1	12	3	5	4	0	2	1	33	2	1	4	1	0	1	5	17	2	1	1	5	0.49	inf
2	-3	-2	0	2	0	-1	0	0	-3	-2	-1	-1	-1	2	2	1	-4	-1	-1	19	1	1	5	4	4	4	8	3	1	3	4	1	3	9	15	8	0	2	5	0.20	inf
0	-1	1	2	0	0	0	-1	0	-1	0	-2	-1	1	0	1	-1	-3	0	0	8	2	6	15	2	3	6	5	3	3	10	1	1	7	5	10	4	0	3	7	0.08	inf
0	-1	-1	1	0	1	3	1	2	-3	-1	-1	-3	-1	1	1	-1	-2	0	-1	7	2	2	6	2	6	18	9	6	1	6	3	0	3	7	10	4	1	3	4	0.17	inf
0	-1	-1	2	-1	1	3	-1	-1	-4	-2	-2	-1	-4	1	2	0	-2	0	-2	7	3	2	12	2	6	20	6	1	0	5	2	2	0	7	15	5	1	4	2	0.28	inf
1	0	-2	-4	0	1	-2	3	1	-2	-1	-1	-2	-3	1	1	-2	-2	0	-1	14	5	1	0	2	6	3	26	4	2	6	4	1	1	6	9	2	0	4	4	0.28	inf
2	0	-1	1	-1	-1	-1	1	-1	-2	-2	0	0	-3	-1	2	-1	0	-1	-2	17	6	3	7	1	2	4	12	1	2	3	4	2	1	4	20	4	1	3	3	0.19	inf
0	1	-2	-2	-3	1	-2	-2	3	-3	-2	0	-2	0	2	2	1	0	3	-3	8	8	1	2	0	8	1	3	7	1	4	4	1	4	11	14	8	1	12	2	0.31	inf
0	0	-5	-1	0	0	-2	-3	0	-2	-2	-3	-2	-3	6	-2	-1	-6	1	-1	7	5	0	3	2	4	2	2	2	2	5	1	1	1	45	3	4	0	5	4	0.95	inf
1	2	0	2	-3	2	0	-1	-2	-4	-1	1	0	-3	0	2	0	-2	-2	-2	10	14	4	10	1	8	5	5	1	0	5	7	2	1	4	14	5	0	2	3	0.20	inf
0	-2	-2	-2	3	-1	0	-1	-3	1	0	-3	0	-1	2	1	1	-1	-1	1	9	2	2	1	6	3	7	5	0	7	8	1	2	3	11	9	9	1	2	12	0.15	inf
2	0	0	-1	0	-1	-1	0	-1	-4	-3	0	-2	-5	2	3	0	-1	-1	-2	14	6	5	3	2	3	4	7	1	0	3	6	1	0	10	25	4	1	2	3	0.30	inf
0	-1	-5	-3	-1	-1	-2	-2	-5	0	0	-2	-1	-2	5	0	1	-5	0	0	8	3	0	1	1	3	3	3	0	4	8	2	2	2	33	8	8	0	4	5	0.57	inf
1	-1	-1	-2	0	1	-1	1	0	-3	-3	-1	-1	-3	0	3	1	-5	1	-2	11	3	3	2	2	7	4	9	3	1	2	3	1	1	5	25	9	0	6	3	0.29	inf
0	-3	-2	0	-1	-1	0	-2	0	-3	0	-4	0	-3	4	2	-1	-5	1	0	8	1	2	6	1	3	6	4	2	1	9	0	3	1	22	18	3	0	5	6	0.36	inf
1	-3	-3	-4	3	1	-2	-2	0	-1	2	-2	-1	1	-2	0	1	-4	2	0	14	1	1	0	5	6	2	3	3	3	20	2	1	7	2	6	10	0	8	7	0.24	inf
-1	-1	-6	-4	-2	-2	-4	-1	-4	-7	-5	-2	-4	-7	7	3	-1	-7	-2	-4	5	3	0	1	1	2	1	5	0	0	1	3	0	0	50	19	4	0	2	2	1.37	inf
0	-2	-4	-4	0	-1	-1	1	1	-3	-1	-2	-2	6	-2	-1	-2	-4	3	-3	9	3	1	1	2	3	4	12	3	1	7	2	1	33	2	5	2	0	8	2	0.65	inf
1	0	1	-2	-3	-2	-3	2	1	-3	-3	-3	-3	-2	1	4	-1	-3	0	-2	12	5	6	2	0	2	1	14	3	1	3	1	0	2	7	31	3	0	3	2	0.44	inf
0	-3	-2	-2	-1	0	-1	-2	0	3	0	-2	0	-1	0	0	0	-2	1	2	8	1	2	2	1	4	4	3	2	17	9	3	2	2	5	8	4	0	4	18	0.18	inf
-1	0	1	1	-2	1	3	-1	0	-3	-4	1	-1	-2	0	2	-1	-5	-1	-3	5	5	7	9	1	6	21	5	3	2	2	7	2	2	5	14	3	0	2	2	0.29	inf
2	0	0	1	0	1	0	-1	1	-3	-4	-2	-1	-4	1	3	0	-5	-2	-1	17	5	4	9	2	6	5	5	3	1	2	1	1	1	7	22	5	0	2	4	0.28	inf
0	-3	-2	-2	-2	-1	-3	-2	2	3	2	-2	0	-1	2	-1	-1	-2	-1	1	9	1	2	2	1	2	1	3	5	18	22	2	2	2	10	4	4	0	2	8	0.28	inf
-1	-1	-3	-3	0	-1	-2	-1	0	0	3	-2	4	0	1	-1	-3	-4	3	-1	5	4	1	2	2	3	2	5	2	4	27	2	11	3	8	4	1	0	9	4	0.31	inf
2	-1	0	-1	0	-1	-1	2	-1	-3	-2	-2	-1	-4	1	2	0	-2	-1	-1	16	3	5	3	2	3	4	16	2	1	4	1	2	0	8	18	6	1	2	4	0.25	inf
0	1	1	2	-3	1	0	-1	3	-2	-1	-1	-3	-2	0	2	-1	-3	-1	-3	7	7	5	14	0	6	5	5	7	3	6	3	0	2	6	16	4	0	2	2	0.20	inf
-1	1	0	0	1	1	1	-1	4	-2	-2	0	-2	-2	1	1	0	-3	0	-3	5	8	5	4	3	7	10	4	11	2	5	6	1	1	7	10	6	0	4	2	0.20	inf
0	1	0	0	-2	1	0	0	2	-2	-1	1	-2	-1	3	0	-1	-3	0	-2	7	7	3	5	1	7	5	7	6	2	7	8	1	3	14	8	3	0	3	3	0.16	inf
0	0	-1	0	-2	0	1	-1	3	-2	0	0	-2	-4	3	1	-1	-3	0	-2	6	5	3	4	1	4	8	4	8	2	9	7	1	0	17	11	3	0	3	3	0.23	inf
-1	0	-3	-1	-2	0	-2	-2	0	-3	-2	-3	0	-1	6	2	-1	-6	1	-4	6	5	1	4	1	4	2	4	2	2	4	1	2	3	35	16	3	0	5	1	0.72	inf
1	0	-1	-3	2	-1	-1	3	-1	-4	-1	0	-2	-3	2	1	1	-1	-1	-2	10	6	2	1	4	2	4	23	1	1	6	5	1	1	9	10	9	1	2	2	0.26	inf
2	-1	-1	-1	0	0	0	1	3	-1	-1	-1	-2	-2	-1	1	0	-1	0	-1	19	4	2	4	2	5	7	9	7	3	5	3	1	1	3	11	7	1	3	4	0.13	inf
1	0	-1	1	-1	1	0	0	1	-3	-1	1	-2	-2	2	0	-1	-1	0	-2	10	5	3	7	1	8	7	6	4	1	6	9	1	1	12	7	3	1	4	3	0.14	inf
0	0	0	1	-3	2	1	0	0	-2	-1	0	-3	-2	3	0	-1	-2	-1	-2	9	5	5	7	0	9	10	8	2	2	6	4	0	2	14	8	4	1	2	2	0.18	inf
1	-1	-1	-1	-3	0	0	0	-1	-4	-2	-2	-1	-1	2	3	2	-5	1	-2	11	3	3	4	0	3	5	6	1	1	3	2	2	3	12	20	12	0	5	2	0.26	inf
2	-1	-1	-2	-1	-1	-2	2	-3	-2	0	-3	0	-1	3	2	-1	-3	-3	-2	16	3	3	3	1	3	2	13	1	3	8	1	2	3	15	17	4	0	1	2	0.30	inf
0	-2	-2	-2	1	-1	0	-2	-1	-1	2	-2	0	2	2	0	0	-4	1	0	7	2	2	1	3	3	6	4	1	2	23	2	2	8	10	7	6	0	5	6	0.17	inf
2	0	-2	-2	-4	0	-2	1	0	-3	-1	-2	0	-3	2	2	1	-5	0	-1	17	5	2	2	0	4	2	12	2	1	7	1	2	1	11	15	9	0	3	5	0.25	inf
0	0	-2	-2	-3	0	-1	0	2	-2	-5	-2	-6	-3	5	2	-1	-2	-4	-3	9	5	2	3	1	5	5	7	4	2	1	2	0	1	33	13	4	1	1	2	0.66	inf
2	0	-1	-1	-3	-1	-1	0	2	-3	0	-1	0	-1	0	2	1	-2	-1	-1	16	5	3	4	0	3	4	8	6	1	9	3	2	2	4	17	8	0	2	4	0.14	inf
1	1	-1	-1	0	0	1	0	2	-2	0	0	-1	-2	1	1	-1	-2	0	-2	10	7	3	3	2	3	11	8	6	2	10	5	1	2	8	10	4	0	3	3	0.10	inf
0	-2	0	1	1	0	-1	1	3	-2	-2	-2	-2	-1	3	1	1	-2	1	-2	9	2	3	7	3	4	3	12	7	2	3	2	1	3	14	10	8	1	4	2	0.24	inf
1	0	-1	-1	-1	0	-2	0	2	-1	0	-1	0	0	-1	1	0	3	1	1	12	5	3	3	1	4	2	7	6	3	8	2	2	5	4	9	7	4	5	10	0.07	inf
0	0	-1	0	0	2	-1	0	3	-2	-1	0	-1	0	2	1	0	-4	0	-2	8	4	2	5	2	10	2	7	7	2	6	4	2	4	9	12	6	0	3	3	0.14	inf
2	-1	-1	0	0	0	-1	0	-2	-3	-2	-1	-4	-2	3	2	-1	-5	1	-2	15	3	2	4	2	4	3	7	1	2	4	3	0	2	18	18	4	0	5	2	0.32	inf
2	-2	-1	-2	-1	0	-1	-1	0	-3	-1	-2	0	-1	3	2	1	-5	0	-1	16	2	3	2	1	4	4	5	2	1	5	2	2	3	17	14	8	0	4	4	0.27	inf
1	-2	0	-2	2	-1	-2	3	1	-3	-2	-1	0	1	1	1	-1	-4	0	0	9	2	4	2	4	2	3	21	4	1	5	4	2	6	8	9	3	0	4	7	0.19	inf
1	-2	-1	-1	-2	-1	-1	3	1	-3	-2	-1	-1	-1	2	1	0	-1	0	-2	12	2	2	3	1	3	4	20	4	1	4	3	2	3	10	13	7	1	3	3	0.23	inf
1	-1	0	0	-1	1	-1	1	0	-1	-1	-2	-1	-1	1	1	1	-4	-1	-1	14	3	4	5	1	6	3	9	3	4	7	2	2	3	7	13	8	0	2	4	0.09	inf
1	-1	-1	0	-1	0	-1	1	1	-2	0	-1	-1	-1	1	1	0	-4	1	-1	13	3	2	5	1	5	4	13	4	2	8	3	1	2	7	13	4	0	5	5	0.11	inf
1	1	-1	0	0	1	0	0	2	-3	-1	-1	-2	-2	0	2	0	-4	2	-2	11	9	2	5	2	7	6	6	5	1	7	2	1	1	4	16	6	0	7	2	0.15	inf
0	1	0	-1	0	0	-1	-1	3	-1	-1	0	-1	-2	3	1	-1	-5	-1	-3	6	7	4	4	2	4	4	5	8	5	6	5	1	1	17	13	4	0	2	2	0.25	inf
1	0	-1	-1	-1	0	-2	0	0	-1	2	-2	0	-1	0	1	0	-1	1	-1	12	5	2	3	2	4	2	7	2	2	24	2	2	3	5	10	4	1	5	4	0.11	inf
0	0	0	-2	0	0	-3	4	0	-2	-1	-1	-2	-3	1	2	-2	-3	-1	-1	8	5	4	2	2	4	1	29	2	2	5	4	1	1	8	13	2	0	3	4	0.34	inf
0	-1	-1	-2	1	0	-1	-1	1	-1	1	-1	0	0	1	1	0	-3	1	1	8	3	3	2	3	5	3	5	3	2	16	3	2	3	7	11	7	0	5	9	0.07	inf
-1	0	0	-1	-5	0	0	0	1	-3	-2	-1	-3	-3	4	2	0	-6	-1	-2	5	6	5	4	0	5	6	6	3	1	3	3	0	1	24	18	5	0	2	3	0.43	inf
0	-2	-2	-2	0	2	-1	0	-1	-3	-1	-2	0	-1	5	0	-1	0	-2	-2	8	3	2	2	2	11	3	7	2	1	7	3	3	3	30	6	4	1	1	4	0.49	inf
2	-1	-2	0	0	1	-1	3	2	-2	-1	-1	-1	-2	0	-1	0	-5	0	-3	17	3	2	5	2	6	4	23	5	2	6	3	2	1	6	5	6	0	3	1	0.26	inf
0	-1	-1	1	-1	1	0	1	0	-2	-2	0	0	-2	1	1	1	-1	1	-2	8	3	3	8	1	7	6	11	2	1	4	5	2	2	6	13	8	1	6	2	0.13	inf
1	-2	-1	-1	-1	-1	-1	0	1	0	2	-2	-1	1	1	0	-2	-4	1	0	12	2	2	3	1	3	3	6	4	4	23	2	1	5	6	9	2	0	6	6	0.12	inf
1	-2	1	-1	0	1	-2	3	1	-2	-2	-2	-4	-1	2	0	-1	-5	-1	-2	11	2	6	4	2	6	3	25	4	2	3	2	0	2	12	7	3	0	2	3	0.31	inf
2	-1	-1	-2	-1	0	-1	1	1	-2	-1	-1	-2	1	0	2	0	-4	0	-1	15	3	3	2	1	5	3	13	4	2	7	3	1	7	5	15	5	0	4	3	0.14	inf
1	-1	0	0	-3	1	-1	-1	0	-5	-2	-2	-3	-2	5	0	-2	-7	-5	-4	11	3	5	6	1	6	5	5	2	0	5	3	1	2	34	8	3	0	0	1	0.65	inf
0	0	-1	1	1	1	1	0	2	-2	0	-1	-1	-1	1	1	-1	1	0	-1	7	6	3	8	3	8	9	6	5	1	9	3	1	2	7	11	2	2	3	5	0.08	inf
2	-2	-1	0	2	-1	-1	0	1	-2	0	-1	0	-1	1	1	-1	-3	1	0	19	1	3	5	4	2	4	7	3	2	10	3	2	2	7	12	3	0	5	7	0.12	inf
0	-1	-1	0	-1	0	1	0	1	-2	-2	-2	-3	-3	5	1	-1	0	-3	-4	8	3	3	5	1	4	8	7	3	3	4	2	1	1	29	11	4	2	1	1	0.48	inf
1	-2	-1	-2	2	0	0	0	3	-3	-1	-2	-2	0	2	2	0	-3	1	-2	13	2	3	2	4	4	6	8	6	1	6	2	1	4	11	15	5	0	6	3	0.19	inf
0	-1	0	0	-1	0	0	0	2	-2	-2	-1	-1	0	1	2	0	-4	1	-1	6	3	4	6	1	3	6	8	5	2	4	3	1	4	6	20	5	0	6	5	0.13	inf
-1	-1	-3	-1	-1	1	-1	-1	-1	-2	-2	-2	-1	1	5	1	0	-6	-1	-3	6	3	1	4	1	6	3	6	1	3	5	2	1	6	30	12	5	0	2	2	0.50	inf
1	1	1	-2	0	0	0	-1	1	-2	-1	-1	-2	0	1	1	0	1	1	-1	11	10	6	1	2	4	5	5	3	2	7	3	1	4	8	13	4	2	6	4	0.10	inf
0	-3	-3	-2	-2	0	-1	1	-1	-1	0	-1	0	-4	5	0	-2	-1	-3	-2	8	1	1	3	1	4	4	11	2	3	10	3	2	1	31	8	2	1	1	2	0.52	inf
0	-2	0	0	0	0	0	-1	1	-1	1	-1	0	0	1	1	0	-2	1	0	6	2	4	5	2	4	5	5	4	3	15	2	2	4	9	10	6	0	6	8	0.06	inf
1	-1	-2	0	2	0	-1	4	0	-4	-2	-2	0	-4	3	0	-2	-1	-3	-2	11	3	2	6	4	5	5	28	2	1	5	2	2	0	13	5	2	1	1	2	0.41	inf
0	-1	-1	0	1	-1	-1	1	4	-3	-2	-1	0	-1	1	1	-1	0	2	-2	8	4	3	4	3	3	4	13	10	0	4	4	3	3	7	11	4	1	9	3	0.17	inf
0	-1	1	0	0	0	0	0	2	-1	1	-1	0	0	1	0	0	-3	1	-1	9	3	6	6	2	5	7	9	6	2	13	1	2	5	7	7	5	0	4	2	0.06	inf
1	0	0	0	-1	0	-1	1	1	-3	-1	-1	-2	-2	1	3	0	-1	0	-3	10	4	5	5	1	3	3	10	4	1	6	3	1	2	7	24	6	1	3	1	0.21	inf
1	0	0	-1	-2	2	0	0	0	-2	-1	-1	-1	-1	1	2	0	-1	-1	0	11	6	4	3	1	9	5	6	2	2	7	2	1	3	8	15	4	1	2	7	0.11	inf
1	-1	0	-1	-1	1	-1	2	-1	-1	-2	-1	-3	-2	2	2	-1	-2	0	-2	11	3	4	4	1	6	4	16	1	3	4	3	0	2	10	17	4	1	4	3	0.19	inf
0	-1	-1	-2	-2	-1	0	3	0	-3	-2	-1	-2	-3	2	2	1	-1	-1	-3	8	2	3	2	1	3	7	20	3	1	5	4	1	1	10	17	8	1	2	1	0.27	inf
0	-1	0	-1	-1	-1	-1	-1	1	1	1	-2	-1	0	1	0	0	-1	0	1	10	3	4	2	1	2	5	5	4	7	15	1	1	4	6	8	6	1	4	10	0.04	inf
0	-1	-1	0	1	1	0	0	-1	-1	0	-1	0	-1	1	1	0	-3	1	-1	8	2	2	4	4	6	8	6	1	2	13	4	2	2	8	11	6	0	6	5	0.08	inf
1	1	-1	0	0	1	1	0	-1	-2	-1	1	0	-2	2	1	-1	-1	-1	-1	10	7	2	5	2	5	10	8	1	1	5	8	3	1	10	10	3	1	2	3	0.11	inf
1	-1	0	0	-1	0	0	-1	0	-1	0	0	0	-1	1	1	0	0	0	0	10	3	5	4	2	3	6	5	2	3	9	5	2	3	8	12	6	1	3	8	0.05	inf
0	-2	1	0	-2	0	0	-1	-1	-3	-2	-1	-2	1	5	1	0	-5	-1	-2	6	2	6	5	1	4	6	6	2	2	4	3	1	5	30	10	5	0	2	2	0.47	inf
0	1	1	1	-3	1	2	0	-1	-2	-2	-1	-1	-2	0	2	0	2	0	-2	7	7	7	7	1	5	13	9	2	3	3	2	2	2	4	16	4	3	3	2	0.16	inf
0	0	3	3	-1	0	0	1	0	-3	-2	-1	-3	-2	0	1	0	-3	-2	-1	6	4	14	16	1	3	5	11	2	1	4	3	0	1	5	11	5	0	2	5	0.22	inf
1	-1	-1	-1	0	0	-1	1	0	-2	-2	-1	-1	-3	0	3	1	-2	-1	-1	13	3	3	3	2	3	4	9	2	2	5	3	2	1	5	25	9	1	2	4	0.22	inf
0	-1	-1	-1	0	1	0	-1	-2	-2	0	0	0	0	1	2	-1	-1	2	-1	7	3	2	3	2	5	5	5	1	1	10	6	2	4	7	20	4	1	7	4	0.12	inf
0	-1	-2	0	2	-2	-1	0	-2	-1	0	-1	0	2	2	1	0	-4	0	0	8	3	2	5	5	1	3	6	0	2	12	3	2	11	10	13	4	0	3	8	0.14	inf
-1	1	0	-1	0	0	0	-1	3	-2	-2	2	-2	-4	2	2	0	-5	-1	-2	5	7	4	3	2	4	6	6	6	2	5	16	1	0	10	15	4	0	2	3	0.22	inf
1	-1	2	-1	2	0	0	1	0	-3	-2	0	-2	-2	1	1	0	-1	-1	-1	11	4	10	3	5	3	7	11	2	1	3	6	1	2	8	12	5	1	2	4	0.15	inf
0	0	1	0	-1	2	2	0	-1	-3	-1	0	2	-2	0	1	-1	-4	0	-2	9	5	6	6	1	9	13	6	1	1	7	4	6	2	4	13	4	0	3	2	0.15	inf
-1	0	0	0	3	1	0	0	1	-1	-3	0	-2	-1	0	2	1	-4	-1	-2	5	6	5	6	6	6	5	7	4	4	2	4	1	3	4	19	9	0	2	3	0.17	inf
0	-2	0	0	-3	-1	1	-1	-3	-3	-2	1	-3	-4	4	2	-1	1	-2	-3	8	2	5	5	1	3	9	5	1	1	4	9	1	0	21	15	4	2	1	2	0.37	inf
0	0	0	0	0	1	1	-1	0	-1	0	0	-1	-2	1	1	0	-4	-1	-1	7	4	3	6	2	7	12	5	3	3	13	6	1	1	6	10	4	0	2	4	0.08	inf
0	0	-1	0	-3	1	0	-1	1	-2	-1	2	0	-1	2	0	0	-3	0	-1	8	4	3	4	0	7	7	4	4	1	6	14	3	3	11	8	4	0	4	4	0.14	inf
0	-1	-1	-1	-3	1	0	-1	3	-4	-3	1	-2	-2	5	0	-1	-4	-3	-3	7	3	2	3	0	6	5	5	6	1	3	7	1	2	34	7	5	0	1	2	0.64	inf
0	0	-1	0	-1	3	2	0	-1	-1	0	-1	-2	-4	1	1	0	-4	-2	0	6	6	2	4	1	14	13	7	1	4	10	2	0	0	7	9	5	0	1	6	0.15	inf
-1	2	-2	-1	-2	0	0	0	0	0	1	-1	1	0	-1	0	0	-1	0	0	4	12	1	3	0	4	7	6	2	5	17	3	4	3	3	5	7	1	3	8	0.06	inf
0	-2	0	0	-3	1	0	-1	1	-2	-1	-1	-2	2	0	1	1	1	3	-3	7	2	5	5	0	7	7	5	3	2	6	4	0	8	4	10	10	2	13	1	0.17	inf
1	0	-1	1	0	-1	-1	-1	0	-3	-3	1	-4	-3	5	0	-3	-5	-3	-3	11	5	3	9	2	3	4	5	2	1	3	8	0	1	34	6	1	0	1	1	0.66	inf
0	-2	1	-1	-4	-3	-1	-2	-1	-2	-1	-3	-3	-1	-3	0	-3	10	3	-3	7	2	7	3	0	1	4	4	1	3	7	2	0	2	2	7	1	35	9	2	1.23	inf
-1	-2	-1	-2	-1	-2	0	-2	-2	0	2	0	6	0	-1	-1	0	-1	-3	1	5	2	3	2	1	2	5	4	1	4	17	5	23	3	3	5	5	1	1	9	0.36	inf
-1	1	1	1	-2	2	1	0	1	-3	-2	2	-1	-1	-2	0	-1	1	1	-2	5	7	6	7	1	9	9	6	3	1	4	14	1	2	2	7	4	2	6	2	0.17	inf
0	0	0	1	2	-1	2	0	-1	-2	-2	1	-1	-3	-1	2	0	-4	-3	0	5	4	4	8	5	2	16	6	1	1	4	8	1	1	2	18	6	0	0	7	0.18	inf
1	-1	-1	-1	-2	-1	1	-1	0	-3	-1	0	-2	-3	4	1	1	-3	-3	-1	11	3	3	4	1	3	8	5	2	1	7	6	1	1	21	9	11	0	0	4	0.28	inf
0	4	0	0	-1	0	2	-1	3	-3	-2	1	-3	-2	-1	1	0	-4	0	-2	6	21	3	5	1	3	12	4	6	1	4	7	0	2	3	10	5	0	4	3	0.26	inf
0	-1	0	0	-1	1	0	0	-1	0	0	-1	0	1	-1	1	0	-1	1	-1	9	2	4	5	1	6	5	8	1	5	10	2	3	8	2	13	3	1	6	4	0.04	inf
1	-2	2	-1	-3	0	-1	0	1	-3	-3	-2	-2	-2	0	4	1	-1	-1	-2	9	2	10	3	0	5	4	6	3	1	3	1	1	2	4	31	8	1	3	3	0.35	inf
0	1	1	2	0	-1	0	0	1	-2	-2	0	-2	-3	3	1	0	-3	-2	-2	8	7	6	11	2	2	5	6	4	3	3	4	1	1	13	13	7	0	1	3	0.19	inf
0	1	0	0	-1	0	0	0	0	-2	-2	0	-1	-3	4	1	0	0	-2	-1	6	7	4	5	1	4	7	6	2	2	3	6	2	1	20	13	6	2	1	4	0.26	inf
-1	-1	0	0	-3	0	1	0	-2	-3	-1	0	-1	-4	4	2	-1	-3	-3	-2	6	3	4	5	0	4	10	7	1	1	6	6	1	1	24	15	3	0	1	2	0.39	inf
1	-1	-1	0	-1	0	0	1	0	-1	-1	0	0	-1	1	1	0	0	-1	-1	10	2	2	5	1	4	6	12	3	4	5	5	4	2	7	15	6	2	2	4	0.08	inf
0	2	0	1	-3	1	1	-1	-1	-3	-2	1	-1	-3	0	2	0	-4	-2	-2	7	14	4	8	0	7	10	5	1	1	4	7	1	1	4	15	7	0	2	3	0.18	inf
-1	2	0	0	-2	1	0	0	1	-2	-1	0	0	-2	0	1	0	0	-1	-1	5	15	4	6	1	5	7	9	5	1	6	6	2	1	6	10	4	1	2	6	0.10	inf
0	1	0	-1	-1	0	0	0	-1	0	0	0	0	0	2	1	0	0	0	0	5	8	4	3	1	2	7	6	1	7	11	4	2	4	9	13	5	1	3	5	0.05	inf
1	0	1	2	-2	1	0	1	0	-3	-2	0	-2	-3	0	2	0	-3	-2	-2	9	4	8	12	1	5	5	10	3	1	3	5	1	1	4	21	5	0	1	2	0.22	inf
-1	1	1	1	-1	0	1	0	-2	-3	-2	0	-1	-2	4	1	0	-1	-2	-3	3	7	6	8	2	4	8	6	1	1	5	5	1	2	24	10	4	1	1	2	0.36	inf
-1	-1	-1	1	-2	0	1	0	0	-2	-2	-1	-1	-1	4	1	0	-1	0	-2	4	3	3	9	1	5	10	7	2	2	5	3	2	2	20	11	5	1	4	2	0.25	inf
1	-1	0	0	0	0	0	1	1	-2	-1	0	0	-2	1	1	0	-1	-1	-1	12	3	4	6	2	4	6	14	4	1	7	6	2	1	7	10	5	1	2	4	0.08	inf
1	-1	0	1	3	0	0	1	0	-1	-1	-1	0	-1	1	1	0	-2	-1	-1	12	3	3	8	7	5	4	12	2	2	6	3	3	2	6	12	4	0	2	4	0.09	inf
0	0	2	1	-1	1	0	1	-1	-2	-1	0	-1	-2	1	1	0	0	0	-1	9	3	10	7	1	6	7	10	1	1	5	6	2	1	6	10	6	1	4	5	0.09	inf
0	0	0	0	-1	0	0	1	0	-1	0	-1	0	-1	2	0	0	2	1	0	5	4	3	4	1	6	4	11	2	3	11	3	3	2	10	7	4	4	5	7	0.06	inf
-1	2	0	1	0	1	1	1	-1	-2	-1	0	-1	-2	0	1	0	-3	-1	-2	4	12	5	9	2	6	8	12	1	2	6	6	1	1	4	12	5	0	3	3	0.12	inf
-1	1	0	0	-3	1	0	0	2	-3	-2	3	-2	-2	1	1	0	-2	-1	-2	3	7	4	5	0	7	5	9	5	1	4	20	1	2	8	10	4	0	2	2	0.20	inf
0	0	1	0	-2	0	-1	0	2	-2	-2	1	-1	-1	2	0	0	-1	0	-2	10	5	8	5	0	5	3	8	7	1	3	10	2	2	12	6	5	1	5	3	0.14	inf
-1	3	0	-1	-1	1	0	1	0	-4	-3	3	-2	-3	1	0	-1	-4	-3	-2	4	19	3	3	2	7	6	9	2	0	2	24	1	1	8	6	2	0	0	2	0.37	inf
-1	3	-1	-1	-3	0	0	-2	-2	-3	-2	4	-2	-4	-1	1	1	-4	-3	-2	3	15	2	3	0	3	5	3	1	2	3	32	1	0	3	10	11	0	1	2	0.47	inf
-1	3	1	-2	-4	1	0	0	1	-3	-2	2	-1	-4	0	1	0	-4	-1	-2	4	18	6	2	0	8	5	9	3	1	3	16	1	0	5	10	6	0	2	3	0.26	inf
-4	7	-4	-3	-7	-1	-3	-5	0	-5	-6	5	-3	-3	-3	-3	-3	-6	-3	-6	1	54	0	2	0	2	1	1	2	0	0	30	1	1	1	2	1	0	1	0	1.62	inf
-4	6	-3	-5	-6	-2	-4	-2	-2	-4	-5	5	-5	-5	-4	-3	-4	-3	-2	-5	1	45	1	0	0	1	0	3	1	1	1	41	0	1	1	1	0	0	1	0	1.61	inf
-1	1	1	-3	-3	0	-1	-1	2	-2	-2	3	1	-3	3	0	0	-4	-1	-1	4	8	7	0	1	4	3	5	5	3	2	22	3	0	14	8	6	0	2	4	0.30	inf
-2	8	-5	-5	-6	-2	-4	-6	-4	-6	-3	0	-5	-6	-4	-4	-5	-3	-2	-6	3	82	0	0	0	1	1	0	0	0	3	4	0	0	1	1	0	1	2	0	2.28	inf
-2	-2	-3	-4	1	0	-4	-4	-1	-2	-1	-1	-3	-3	-1	-2	6	-1	-4	0	3	2	0	1	3	5	1	1	1	2	5	3	1	1	4	2	58	1	0	7	1.06	inf
1	2	0	-3	-1	-1	-2	-3	-1	1	-1	-1	-1	-2	1	1	2	-4	-3	1	15	13	5	1	1	1	1	1	1	8	4	3	1	1	8	12	14	0	0	10	0.23	inf
-4	-5	-5	-4	-2	-5	-2	-6	0	2	1	-2	-2	7	-4	-5	-3	0	5	-3	1	0	0	1	1	0	2	0	2	10	12	3	1	45	1	0	1	1	17	1	1.32	inf
-1	-3	0	-2	-5	-3	0	-4	-1	-5	-5	0	-5	-6	-4	4	6	-6	-5	-5	4	1	4	2	0	0	5	1	2	0	1	5	0	0	1	27	47	0	0	0	1.14	inf
0	1	0	1	-4	0	0	-1	1	-3	-3	2	-2	-4	1	1	1	-5	-2	-2	9	9	5	9	0	4	6	4	4	1	1	16	1	0	8	10	10	0	1	2	0.26	inf
0	-1	0	0	-3	2	3	-2	2	-2	-1	0	-2	1	-2	0	-1	1	2	-1	8	2	3	4	0	9	22	3	6	2	6	5	0	5	2	7	3	2	9	3	0.22	inf
-2	-4	-3	-5	-3	8	-1	-7	-3	-3	-5	-4	-5	-7	-6	-3	-2	-7	-2	-2	3	0	1	0	1	80	3	0	1	1	1	0	0	0	0	2	3	0	1	3	2.40	inf
-2	1	-5	-6	-5	-3	-5	-5	-5	2	4	0	-1	-4	-5	-2	1	-5	-3	1	3	9	0	0	0	1	0	1	0	11	45	6	1	0	0	3	10	0	1	10	0.71	inf
0	2	-1	0	-1	2	2	-2	1	-2	0	1	-1	-1	-2	0	-1	-2	0	-1	7	12	3	5	1	9	14	3	3	2	12	9	1	2	1	5	3	0	3	5	0.13	inf
2	1	-3	-2	-2	1	4	-3	-2	0	-2	-2	-1	-1	-4	-1	1	-5	-3	1	17	9	1	1	1	5	29	1	1	5	4	1	1	3	0	2	9	0	1	8	0.39	inf
-6	-7	-7	-8	-6	-6	-7	-8	-7	-3	6	-7	2	-2	-7	-7	-4	2	-5	-4	0	0	0	0	0	0	0	0	0	0	89	0	4	2	0	0	1	3	0	0	2.11	inf
-5	0	0	-2	-7	1	7	-6	-2	-5	-2	1	-3	-5	-5	-4	-4	-7	-4	-6	0	4	5	1	0	5	67	0	1	1	4	9	1	1	0	1	1	0	1	0	1.58	inf
1	3	1	0	-3	1	0	-2	-1	-4	-3	4	-1	-3	-4	0	-1	-5	-3	-4	10	16	8	6	0	5	5	2	2	1	2	28	2	1	0	8	3	0	1	0	0.49	inf
1	1	-2	-2	1	-1	4	-4	0	-1	-2	-1	0	0	-4	1	0	1	1	0	10	7	2	0	3	2	28	0	2	4	4	3	2	4	0	10	5	2	5	7	0.29	inf
-7	-7	-8	-8	-7	-8	-8	-8	0	-5	-5	-8	-5	9	-8	-4	-7	-4	3	-6	0	0	0	0	0	0	0	0	2	0	0	0	0	86	0	1	0	0	10	0	3.10	inf
1	1	0	0	-1	3	2	-2	4	-2	0	1	0	-2	-4	-1	-2	-4	-2	-2	10	7	4	5	1	13	14	2	10	1	9	10	2	2	0	5	1	0	1	2	0.26	inf
0	1	0	-1	0	1	1	-2	0	-1	-1	2	0	2	-3	-1	0	-3	-1	-1	8	9	4	2	2	7	12	1	2	4	5	14	2	12	0	3	6	0	2	4	0.16	inf
-3	-3	6	0	3	2	0	-3	2	-4	-5	0	-5	-6	-5	0	1	0	-5	-6	2	1	40	5	7	9	5	2	4	1	1	6	0	0	0	7	10	1	0	0	0.97	inf
-1	3	0	-3	-1	3	-2	-2	4	-4	-5	2	2	-6	4	-1	-2	-6	-5	-3	5	14	5	1	1	15	1	3	9	1	0	13	5	0	19	5	2	0	0	2	0.63	inf
-5	0	-1	-7	-2	-3	-6	-7	3	-4	-4	2	-2	2	-7	-4	-2	-4	8	-6	1	4	3	0	1	1	0	0	6	1	2	11	1	6	0	1	3	0	61	0	1.96	inf
-6	-7	-7	-7	-7	-6	-7	-8	-7	1	4	-6	0	-2	7	-6	-6	-7	-6	-1	0	0	0	0	0	0	0	0	0	8	33	0	2	2	51	0	0	0	0	5	1.76	inf
-1	-5	2	4	0	-3	-1	-2	-5	-5	-4	-2	-5	-6	-3	3	4	-2	-3	-1	4	0	10	20	2	1	3	3	0	0	1	2	0	0	1	24	24	1	1	4	0.71	inf
0	3	-1	0	-1	0	0	0	0	0	-2	1	-1	-2	1	1	-1	-1	-2	0	6	20	1	4	1	2	4	6	2	7	4	10	2	1	9	9	2	1	1	7	0.16	inf
0	1	-1	2	-2	2	2	-2	1	-3	-3	1	-3	-1	1	0	-1	-1	0	-2	9	9	2	10	1	9	15	2	3	1	2	10	0	2	8	6	3	1	3	2	0.23	inf
-1	4	-1	1	-2	2	4	-5	-2	-1	-2	1	1	-6	-5	-2	0	-6	-5	-2	4	21	2	6	1	7	29	0	1	3	3	8	4	0	0	2	6	0	0	3	0.62	inf
-4	7	-5	-6	-1	-1	-5	-7	-2	1	-2	3	-1	-3	-7	-5	-6	-1	-6	-3	1	61	0	0	1	2	0	0	1	9	4	15	2	1	0	0	0	1	0	1	1.65	inf
0	0	-1	0	1	1	2	-2	1	0	0	0	1	-1	-3	-1	0	2	0	-1	10	6	3	3	3	7	17	3	3	5	8	5	3	3	0	4	6	3	3	4	0.10	inf
-1	1	0	0	1	3	4	-2	1	-2	-2	0	1	-1	-4	-1	-1	2	0	-2	4	6	3	4	3	12	27	3	4	3	3	6	4	3	0	4	3	3	3	3	0.34	inf
-5	-6	-7	-7	-5	-6	-7	-8	-7	3	5	-2	2	0	-7	-3	-5	-6	-1	1	0	0	0	0	0	0	0	0	0	18	61	3	4	3	0	3	0	0	3	7	1.33	inf
6	-2	-6	-6	1	-5	-5	-2	-6	-2	-3	-5	-5	-2	-6	2	-2	-7	-6	-2	68	2	0	0	2	0	0	3	0	2	2	0	0	2	0	14	2	0	0	2	1.43	inf
0	3	1	-1	-4	1	1	-2	4	-2	0	1	0	-2	-4	0	-1	0	-1	-1	10	17	6	3	0	6	9	2	10	2	8	7	3	1	0	7	3	1	2	3	0.23	inf
0	0	-1	-2	-1	2	2	-3	-1	-1	-1	2	1	-2	-3	1	0	0	-2	-1	9	5	3	2	1	8	17	1	1	3	7	12	4	1	1	12	5	1	1	4	0.20	inf
-2	-6	-6	-7	2	-6	-7	-4	-1	0	5	-6	0	-2	-7	-3	3	-6	-5	-1	3	0	0	0	4	0	0	1	1	5	57	0	2	2	0	2	20	0	0	3	1.19	inf
-3	-1	4	0	2	0	-1	4	1	-6	-4	1	-2	-6	-5	0	-3	-6	-3	-4	1	3	25	6	5	5	3	29	4	0	1	7	1	0	0	8	1	0	1	1	0.72	inf
-5	-6	-7	-8	-5	-6	-7	-8	-7	2	6	-4	4	-4	-7	-6	-5	-6	-2	0	0	0	0	0	0	0	0	0	0	9	75	1	9	0	0	0	0	0	1	4	1.69	inf
-2	-2	0	0	-3	-1	1	-3	-2	-5	-4	-1	-2	-6	2	3	5	-6	-5	-4	2	2	3	5	1	2	8	1	1	0	1	3	1	0	11	23	37	0	0	1	0.77	inf
-3	-1	-2	1	-6	-1	5	-5	-2	-4	-2	1	0	-4	3	-3	-1	-6	-3	-2	1	3	1	6	0	2	46	0	1	1	4	8	3	1	15	1	4	0	1	3	0.86	inf
0	5	-1	0	-2	-1	1	-4	-4	-3	-3	1	-3	-5	-3	1	2	-6	-3	-3	7	36	2	5	1	2	8	1	0	1	2	9	0	0	1	10	14	0	0	2	0.65	inf
-3	2	-1	-5	-3	7	-1	-6	-2	-5	-6	-1	-5	-7	-6	-3	-1	-7	-6	2	1	12	3	0	1	58	2	0	1	0	0	3	0	0	0	1	4	0	0	14	1.57	inf
-5	-7	-7	-8	-5	-7	-7	-8	-8	5	-2	-7	-3	-5	-7	-6	-2	-7	-6	6	0	0	0	0	0	0	0	0	0	33	3	0	0	0	0	0	2	0	0	63	1.96	inf
-2	2	-2	-2	-6	4	-1	-3	-4	-3	-5	5	-2	-6	-5	-1	-1	-6	-1	-3	3	12	1	2	0	21	3	1	0	2	0	42	1	0	0	4	3	0	2	2	0.97	inf
-4	-5	3	-5	-4	-4	-5	-4	-2	5	-2	-2	-1	0	-5	-2	1	-6	-4	4	0	0	14	0	0	0	0	1	1	31	1	3	1	3	0	2	9	0	0	36	0.91	inf
-8	-8	-9	-10	-8	-7	-8	-8	-8	-8	-7	-8	-7	0	-9	-8	-8	13	-3	-8	0	0	0	0	0	0	0	0	0	0	0	0	0	4	0	0	0	96	0	0	5.08	inf
-7	-7	-8	-8	-7	-8	-8	-8	-6	-5	-4	-8	-5	9	-8	-7	-7	-4	1	-3	0	0	0	0	0	0	0	0	0	0	0	0	0	95	0	0	0	0	3	2	3.24	inf
-2	-3	-3	-4	3	8	-2	-3	-1	-4	-6	1	1	-7	-5	-1	-3	-6	-4	-6	3	0	0	0	6	66	1	2	1	1	0	8	4	0	0	5	2	0	0	0	1.68	inf
-6	-3	9	-2	-7	-2	-2	-5	0	-8	-8	-3	-7	-7	-6	-4	-3	-8	-6	-7	0	1	90	1	0	1	2	0	2	0	0	1	0	0	0	0	1	0	0	0	2.70	inf
-1	7	-3	-5	-3	-1	-3	-5	0	-6	-6	2	-5	-6	-5	-2	-3	-6	-2	-6	5	72	1	0	1	2	1	0	2	0	0	12	0	0	0	2	1	0	1	0	1.76	inf
-4	8	-5	-6	-7	-3	-4	-6	-4	-7	-3	-1	-5	-7	-6	-5	-5	1	-6	-7	1	94	0	0	0	0	0	0	0	0	2	1	0	0	0	0	0	2	0	0	2.66	inf
3	1	-2	-4	1	1	-2	-3	-3	-1	-2	-2	5	-2	-4	0	1	-4	1	-2	33	7	1	0	4	8	1	0	0	3	1	1	19	1	0	6	7	0	5	2	0.50	inf
-3	4	-2	-4	-6	0	-1	-3	0	-5	-5	6	-4	-6	-4	-2	-3	-5	-4	-5	2	24	2	0	0	3	3	1	2	0	0	59	0	0	0	2	1	0	0	0	1.36	inf
-1	-3	-2	0	2	1	1	-2	1	0	1	-2	2	0	-4	0	-2	8	1	-2	4	1	1	5	4	6	9	2	3	5	12	1	5	3	0	7	2	23	4	1	0.55	inf
-4	5	-4	-3	-6	-2	-2	-5	-4	-2	-5	6	-3	-6	-5	-4	-4	-6	-5	-5	0	30	0	1	0	1	1	0	0	2	0	63	1	0	0	0	1	0	0	0	1.73	inf
-2	5	0	-3	-6	-1	-2	-3	-2	-3	-4	6	-4	-6	-2	-2	-2	-6	-5	-5	2	33	4	1	0	2	1	1	1	2	1	49	0	0	1	1	2	0	0	0	1.26	inf
-1	1	0	1	-3	3	1	-2	1	0	0	0	1	-2	-2	0	-1	2	-2	-1	3	6	4	8	0	20	9	2	4	6	9	6	4	1	1	6	3	3	0	5	0.17	inf
-1	1	2	-2	-3	3	2	-1	2	-1	-1	1	0	-2	-3	0	1	-1	-1	-2	3	5	11	1	0	18	15	3	5	3	5	10	2	2	1	5	8	1	2	2	0.25	inf
0	2	0	1	-2	2	2	-1	2	-4	-3	3	-1	-4	-2	0	-1	-4	-3	-3	8	12	4	6	1	9	15	5	5	0	2	23	2	0	1	5	2	0	0	0	0.38	inf
1	1	0	1	-2	0	1	-1	-1	-1	0	1	1	-2	0	1	0	-3	-2	0	13	7	5	7	1	3	11	4	1	3	10	9	4	1	3	10	3	0	0	5	0.08	inf
-1	1	1	1	-1	2	3	1	0	-3	-3	1	-1	-3	0	0	-1	-2	-3	-3	3	7	7	9	2	10	21	10	1	1	2	9	2	1	4	6	2	1	0	1	0.28	inf
0	0	1	-1	0	1	0	-1	0	0	1	0	1	-1	0	0	-1	3	0	0	9	5	10	1	3	8	4	5	2	6	15	4	3	2	4	4	3	4	3	4	0.05	inf
-1	0	0	1	-4	2	3	0	0	-3	-1	1	1	-3	1	0	0	-4	-1	-2	5	3	4	8	0	11	19	6	2	0	7	7	5	0	7	5	4	0	2	2	0.22	inf
0	1	0	-1	-3	2	1	0	0	-2	-1	2	-1	-2	1	1	0	-3	-1	-2	8	8	5	3	0	9	8	6	3	2	7	16	1	1	7	10	4	0	2	1	0.16	inf
0	0	-1	-1	-1	0	-1	0	-1	0	2	-1	1	-1	1	0	0	-2	-1	0	8	5	3	4	1	6	4	7	1	5	23	2	3	3	6	8	5	0	1	5	0.05	inf
0	2	1	-1	-3	1	1	0	0	-3	-2	2	-3	-1	0	1	-1	-4	-2	-1	8	13	6	3	0	6	9	5	3	1	3	17	0	3	5	10	3	0	1	4	0.21	inf
0	1	1	-1	-1	1	0	0	0	-1	0	0	0	-1	0	1	0	-2	0	-1	10	7	6	3	1	5	6	9	3	2	11	4	3	2	4	11	5	0	3	4	0.04	inf
2	-2	-1	-1	2	1	2	1	1	-3	-3	0	0	-4	0	1	0	-3	-2	-2	19	1	2	3	4	8	12	11	4	1	2	5	3	0	3	13	6	0	1	2	0.22	inf
1	0	1	0	2	0	0	1	2	-2	-2	0	-2	-2	0	1	0	-3	-1	-1	17	4	8	4	4	4	5	12	6	1	3	4	1	1	5	10	4	0	2	6	0.12	inf
0	0	2	1	-2	0	1	0	-1	-2	-2	1	-1	-1	1	1	0	0	-1	-1	7	4	10	6	1	3	11	7	1	2	4	9	2	3	7	12	4	1	2	3	0.11	inf
0	-1	1	-1	-4	0	-1	0	-2	-4	-3	0	-2	-2	5	1	0	-4	0	-3	10	3	8	4	0	5	4	6	0	0	3	5	1	2	28	9	7	0	4	1	0.46	inf
0	0	-1	-1	-1	0	-1	-1	1	0	1	0	2	-1	0	1	0	-3	-2	1	5	5	1	2	1	4	2	6	4	6	19	4	7	3	4	13	4	0	1	8	0.07	inf
0	0	-1	-1	0	-1	-1	-1	-1	-1	2	-2	0	0	1	1	0	-3	-1	-1	6	4	2	4	2	3	3	4	2	3	30	2	2	4	7	13	7	0	2	3	0.13	inf
-1	-3	-1	-1	0	-2	-1	-3	1	-1	-2	-1	-1	-2	6	1	-1	-4	2	-2	4	1	3	3	2	1	5	1	3	4	4	3	1	1	39	13	3	0	6	3	0.74	inf
0	-1	-2	1	-3	1	0	1	-1	-3	-2	-2	0	-1	5	1	-1	-5	-2	-2	6	3	1	8	1	7	7	13	1	1	4	1	2	2	27	11	2	0	1	2	0.46	inf
2	0	0	-1	-3	-1	-1	1	0	-1	-1	-2	1	-2	2	1	0	-4	-2	0	18	6	3	4	0	1	4	9	3	2	7	1	5	1	10	11	5	0	1	8	0.15	inf
1	-1	-1	-1	1	0	-1	0	-1	-2	0	-1	3	-2	1	2	0	-4	-2	0	13	4	1	2	4	5	3	6	1	1	11	2	9	1	9	15	5	0	1	5	0.15	inf
0	0	0	-1	-1	0	0	-1	1	-1	0	-1	0	1	1	1	0	-2	0	0	7	4	5	4	1	5	4	4	5	2	10	3	2	8	7	11	5	0	4	9	0.04	inf
0	0	0	1	-1	-1	0	2	0	-3	-2	-2	-1	-4	2	2	0	-4	-1	-1	7	6	4	7	2	3	5	17	2	1	3	1	2	0	10	19	5	0	2	4	0.23	inf
0	-1	-1	0	-1	0	0	0	1	0	0	-1	0	0	1	1	0	0	-1	0	9	4	2	5	1	4	4	6	4	5	13	2	3	5	7	11	7	1	2	5	0.04	inf
0	-1	-1	-1	1	1	0	0	2	-3	-1	-2	0	-1	4	2	1	-5	-2	-2	6	2	3	3	3	7	5	6	5	0	5	1	2	3	19	19	8	0	1	3	0.31	inf
0	-2	-1	-1	1	0	-1	-1	0	-1	1	-1	-1	1	0	1	1	-1	1	-1	9	1	2	4	3	5	2	5	3	4	16	2	1	6	4	15	8	1	6	4	0.07	inf
-2	-2	-3	-1	-3	-3	-2	-2	0	-3	-2	-3	-1	-4	7	-1	-3	-7	-4	-2	3	2	1	3	1	1	2	4	2	2	5	2	2	1	59	5	1	0	1	4	1.43	inf
0	-1	-1	-1	3	0	0	-1	-1	0	1	-1	1	-1	1	0	-1	2	1	0	7	4	2	3	7	6	5	5	1	4	17	3	3	2	8	6	3	3	6	7	0.08	inf
0	-1	1	0	-2	0	-1	3	-1	-3	-1	-2	-1	-2	0	1	0	-2	1	-1	7	4	6	6	1	4	3	27	1	1	6	1	2	1	5	11	5	0	5	4	0.24	inf
1	-2	0	-1	-2	0	-1	2	-1	-2	-1	-1	-1	0	0	3	0	-2	-1	-2	10	1	3	3	1	5	4	18	1	2	7	3	1	3	5	22	5	1	3	3	0.20	inf
0	-2	-2	-2	-5	1	-1	-2	-1	-4	-4	-3	-5	-5	7	0	-2	-4	-3	-2	7	2	2	3	0	5	4	4	1	1	2	1	0	1	51	8	3	0	1	3	1.18	inf
1	-1	0	0	0	1	0	0	-1	0	0	0	1	-1	1	1	0	0	0	0	13	2	4	4	2	6	6	6	1	4	10	4	4	2	6	11	4	1	3	6	0.04	inf
1	-2	-2	1	-1	-1	-1	0	-1	0	0	-2	-1	-2	4	1	-1	2	-2	0	14	2	1	7	1	3	2	6	1	5	8	1	2	1	19	12	4	3	1	7	0.25	inf
0	-2	-1	-1	-2	0	0	-1	-1	1	0	-2	1	-1	2	0	0	-2	0	1	8	2	2	4	1	5	6	5	2	9	11	1	4	2	13	5	6	0	3	11	0.10	inf
0	-2	1	0	0	1	0	1	1	-1	-1	-1	0	-1	2	1	0	-2	-1	-2	8	2	7	4	2	6	5	10	3	3	8	4	3	2	9	15	7	0	2	2	0.10	inf
1	-2	1	-1	-1	-2	0	-1	1	-3	-1	-2	-1	-2	3	2	1	-5	-2	-1	14	1	8	3	2	1	6	5	4	1	6	2	2	2	14	16	7	0	1	4	0.23	inf
2	-1	0	-2	-2	0	-2	-1	0	-3	0	-2	2	-3	2	2	0	0	0	0	17	4	6	2	1	5	1	3	2	0	9	1	5	0	10	16	5	1	3	8	0.19	inf
1	-2	0	-1	-1	0	-1	0	0	-4	-3	-2	0	-2	2	3	1	-1	-1	-2	14	2	4	3	1	5	4	8	2	0	3	2	3	2	12	21	10	1	2	2	0.27	inf
1	-1	1	-1	-3	1	0	3	0	-4	-2	-1	-3	-3	0	2	0	-2	-1	-2	9	3	5	3	0	6	5	22	2	1	4	2	0	1	4	19	6	1	3	3	0.27	inf
2	-2	-1	-1	-2	0	-1	0	-1	-1	0	-1	0	-3	0	2	1	-3	1	0	18	1	2	3	1	5	3	6	1	3	10	2	3	1	5	18	8	0	5	5	0.16	inf
0	-3	-2	-3	-2	-2	-1	1	2	-5	-1	-3	0	-1	2	4	-1	-5	0	-2	6	1	1	1	1	2	3	12	4	0	7	1	2	3	11	37	3	0	3	2	0.51	inf
-1	-1	-1	-2	0	0	-2	-2	0	0	2	-2	3	0	1	0	0	-3	1	0	4	2	2	3	2	4	3	3	3	5	26	2	7	3	7	9	5	0	6	5	0.16	inf
-1	-2	-1	-1	-1	0	0	-2	1	-3	0	-3	0	1	3	1	-2	3	4	0	4	2	3	3	1	5	6	3	4	1	8	1	3	6	13	9	2	4	14	7	0.25	inf
0	1	-1	-2	-2	0	-2	4	-3	-4	-3	-3	-1	-4	3	1	1	-5	-1	-1	8	7	3	2	1	4	3	29	1	1	2	1	2	1	14	8	8	0	3	4	0.42	inf
1	-1	-2	-2	-2	-2	0	-2	0	-3	-2	-1	-3	-2	4	3	1	-5	0	-2	11	3	1	2	1	2	5	3	3	1	4	3	1	1	24	19	10	0	3	3	0.47	inf
2	-2	-2	-4	2	0	-2	1	-5	-5	-3	-4	-3	-3	3	3	1	-1	-1	-3	17	2	1	0	5	3	2	9	0	0	2	0	1	1	16	27	9	1	2	2	0.56	inf
1	-3	1	0	1	-2	-2	1	2	-2	-1	-3	-1	0	0	2	0	-4	2	-2	11	1	7	5	3	1	2	13	6	3	6	0	1	4	5	18	5	0	8	2	0.20	inf
-1	-6	-3	-3	-4	-2	-5	-3	-2	-4	-5	-4	-2	-3	7	2	-1	-3	-4	-3	5	0	1	1	0	2	0	2	1	1	1	1	1	2	59	15	3	0	1	2	1.61	inf
-2	-3	-5	-3	-1	-1	-2	-1	1	-4	0	-4	-1	5	2	-1	-2	5	3	-1	3	1	0	2	2	2	2	5	3	0	9	1	2	26	12	4	2	8	11	4	0.63	inf
0	0	-1	-2	-3	4	-2	-1	2	-5	-2	-3	0	0	4	2	-1	-3	-1	-4	7	5	2	1	0	17	1	5	6	0	3	1	3	4	19	18	4	0	3	1	0.49	inf
1	2	0	-2	-4	3	0	-1	1	-2	-3	0	-1	-3	3	1	0	-1	-1	-1	10	11	5	2	0	13	4	4	3	2	2	4	2	1	16	9	4	1	3	5	0.28	inf
1	-3	3	-1	-2	0	-2	-1	1	-4	-2	-2	-1	-2	3	2	0	-5	1	-3	13	1	13	2	1	4	2	5	3	1	3	2	1	1	18	18	5	0	4	1	0.40	inf
1	-2	0	-2	2	2	-1	0	-2	-3	-1	-1	1	-2	-1	2	1	-5	-3	0	13	2	4	1	5	11	2	8	1	1	7	2	4	1	3	20	9	0	0	6	0.22	inf
-1	0	-1	-4	0	-1	-3	-3	0	-1	3	-2	3	1	-1	1	1	1	1	0	4	5	2	0	2	3	1	1	2	3	28	1	7	5	4	10	8	2	5	5	0.23	inf
-2	-6	-2	-3	-3	-1	-4	-4	-2	-4	-1	-3	-3	-3	7	2	-1	-7	-2	-4	4	0	2	1	1	3	1	1	1	1	6	1	1	1	56	14	3	0	2	1	1.46	inf
0	-1	-2	-3	0	0	-2	1	0	1	0	-1	1	-1	1	0	1	-3	1	1	7	3	0	1	2	4	2	12	3	9	11	2	3	3	6	8	8	0	5	11	0.07	inf
1	-4	0	0	-1	2	-1	-2	-1	-2	-2	-3	-1	-3	4	1	-1	-1	1	0	11	0	5	6	2	10	4	3	2	2	3	1	1	1	23	12	3	1	5	6	0.37	inf
-2	-5	-3	-2	-6	0	-4	0	-2	-3	-5	-4	2	-4	7	0	0	-6	-2	-4	4	0	1	2	0	5	1	7	1	1	1	1	5	1	55	8	5	0	1	1	1.38	inf
-1	-2	-1	-3	-2	1	-3	-1	0	0	1	-3	2	1	3	1	1	-3	2	1	4	2	2	1	1	6	0	4	2	4	12	0	5	5	14	13	7	0	7	9	0.19	inf
0	-2	-1	-2	-1	-2	-4	4	-2	-4	-1	-3	2	0	1	2	0	-4	-2	-2	5	2	3	2	2	1	0	36	1	0	8	0	5	4	7	15	5	0	1	3	0.46	inf
0	-3	-2	-1	-2	-2	-1	-1	0	1	3	-3	3	-1	1	0	1	-3	-1	0	10	0	2	3	1	2	3	5	2	6	29	0	9	1	7	7	8	0	2	5	0.20	inf
-2	-2	1	-3	-1	-1	-3	-2	6	-4	-1	-3	-3	1	0	-1	1	0	5	-3	3	1	6	1	1	2	1	4	22	0	8	1	0	6	4	5	10	1	22	1	0.66	inf
2	-3	1	-2	-4	-1	-2	1	0	-2	-3	-1	2	-4	1	3	2	-5	-4	-1	15	0	7	1	0	3	1	8	2	1	1	2	7	0	7	25	15	0	0	4	0.40	inf
3	-2	1	0	0	1	-2	0	1	-3	-3	-2	-1	-3	0	2	1	-5	-2	-1	28	1	8	5	2	6	0	8	4	0	2	1	1	1	3	17	10	0	1	3	0.33	inf
0	-4	-2	-3	-5	-1	-4	-4	4	-3	-5	-3	-5	-3	6	1	1	-5	2	-5	9	0	2	1	0	3	0	1	12	1	1	1	0	1	42	13	7	0	6	0	1.09	inf
-1	-4	-2	-4	-4	0	-4	-3	-3	-2	0	-4	4	-1	5	0	0	-1	3	1	3	0	2	0	0	4	0	2	0	1	10	0	10	2	28	7	7	1	12	11	0.60	inf
2	-4	-1	-4	-4	-4	-4	5	-4	-5	-3	-4	-1	-3	-2	2	1	-5	-3	-2	19	0	3	0	0	0	0	45	0	0	2	0	2	1	2	15	7	0	1	3	0.84	inf
0	-3	1	-3	-4	1	-1	-2	3	0	-2	-3	0	3	-1	-1	-1	2	5	-2	10	0	7	0	0	8	4	3	7	5	1	0	2	10	2	3	4	3	29	2	0.50	inf
1	-4	2	-2	-4	-2	-3	3	-4	-5	-5	-3	-2	-5	2	4	0	-5	-5	-4	13	0	10	1	0	1	0	21	0	0	0	0	1	0	10	38	5	0	0	0	0.74	inf
0	-3	1	-4	-3	0	-3	-2	-3	1	2	-3	6	-1	-2	-1	-2	1	-3	1	9	0	7	0	0	4	0	3	0	7	24	0	29	2	2	3	1	2	0	7	0.48	inf
-2	-1	-2	-1	-1	-1	-3	-1	3	-3	-2	-3	-2	5	0	2	-1	-1	4	-2	2	3	0	4	1	2	0	4	8	0	2	0	0	29	4	17	3	0	20	2	0.51	inf
-3	-3	2	-1	-5	1	-2	0	8	-5	-5	-3	-4	-3	1	-1	-3	-4	3	-5	0	0	11	3	0	8	0	7	49	0	0	0	0	0	8	4	0	0	10	0	1.20	inf
-1	-3	-4	-4	2	-1	-3	-4	-4	2	4	-3	3	-1	-4	-3	-2	-3	-2	1	4	0	0	0	4	3	0	0	0	9	61	0	10	0	0	0	0	0	0	8	0.61	inf
1	-2	3	-1	-2	-1	-1	-1	-2	-3	-3	-1	-2	-3	-2	4	3	-4	-3	-2	6	0	16	0	0	0	0	0	0	0	0	0	0	0	0	49	29	0	0	0	0.59	inf
