-1	-2	-2	-3	-2	-1	-2	-3	-2	1	2	-2	6	0	-3	-2	-1	-2	-1	1	0	0	0	0	0	0	0	0	0	0	0	0	100	0	0	0	0	0	0	0	0.41	inf
1	0	-1	1	-2	1	4	-1	-1	-3	-3	0	-2	-3	-1	0	-1	-3	-2	-2	27	0	0	0	0	0	73	0	0	0	0	0	0	0	0	0	0	0	0	0	0.49	inf
-1	-1	0	4	-4	1	4	-2	0	-3	-3	0	-2	-3	-1	0	-1	-3	-2	-3	0	0	0	36	0	0	64	0	0	0	0	0	0	0	0	0	0	0	0	0	0.68	inf
-2	-2	-3	-4	-1	-2	-3	-4	-3	1	4	-3	3	0	-3	-3	-1	-2	-1	1	0	0	0	0	0	0	0	0	0	0	92	0	8	0	0	0	0	0	0	0	0.46	inf
1	-2	-2	-2	-1	-1	-1	-2	-2	0	1	-1	0	-1	3	0	2	-3	-2	0	22	0	0	0	0	0	0	0	0	0	23	0	0	0	18	0	29	0	0	8	0.26	inf
0	-3	-3	-3	-1	-2	-3	-3	-3	3	1	-2	1	-1	-3	-2	0	-3	-1	4	0	0	0	0	0	0	0	0	0	0	0	0	0	0	0	0	0	0	0	100	0.39	inf
-1	0	0	1	-4	2	5	-2	0	-3	-3	1	-2	-3	-1	0	-1	-3	-2	-3	0	0	0	0	0	0	100	0	0	0	0	0	0	0	0	0	0	0	0	0	0.78	inf
0	-3	-3	-3	-1	-2	-3	-3	-3	3	1	-2	1	-1	-3	-2	0	-3	-1	4	0	0	0	0	0	0	0	0	0	0	0	0	0	0	0	0	0	0	0	100	0.39	inf
-2	6	-1	-2	-4	1	0	-2	0	-3	-2	2	-2	-3	-2	-1	-1	-3	-2	-3	0	100	0	0	0	0	0	0	0	0	0	0	0	0	0	0	0	0	0	0	0.80	inf
0	-2	-1	-2	-2	-2	-2	5	-2	-2	0	-2	-1	-2	-2	-1	-2	-2	-3	-2	0	0	0	0	0	0	0	77	0	0	23	0	0	0	0	0	0	0	0	0	0.65	inf
1	-1	1	3	-1	0	0	-1	-1	-3	-3	0	-2	-3	-1	4	1	-3	-2	-2	0	0	0	23	0	0	0	0	0	0	0	0	0	0	0	77	0	0	0	0	0.43	inf
-2	-1	6	1	-3	0	0	-1	0	-3	-4	0	-2	-3	-2	1	0	-4	-2	-3	0	0	100	0	0	0	0	0	0	0	0	0	0	0	0	0	0	0	0	0	0.79	inf
0	-2	-1	-1	-3	-2	-2	6	-2	-4	-4	-2	-3	-3	-2	0	-2	-3	-3	-3	0	0	0	0	0	0	0	100	0	0	0	0	0	0	0	0	0	0	0	0	1.08	inf
4	-2	-2	-2	-1	-1	-1	0	-2	-1	-2	-1	-1	-2	-1	1	0	-3	-2	0	100	0	0	0	0	0	0	0	0	0	0	0	0	0	0	0	0	0	0	0	0.44	inf
-2	-3	-3	-4	-3	-3	-3	-3	0	0	0	-3	0	6	-4	-2	-2	1	4	-1	0	0	0	0	0	0	0	0	0	0	0	0	0	77	0	0	0	0	23	0	0.74	inf
-2	-2	-2	-3	-3	-2	-2	-3	2	-2	-1	-2	-1	3	-3	-2	-2	2	7	-1	0	0	0	0	0	0	0	0	0	0	0	0	0	0	0	0	0	0	100	0	0.95	inf
-1	2	0	-1	-3	1	1	-2	-1	-3	-3	5	-2	-3	-1	0	-1	-3	-2	-2	0	0	0	0	0	0	0	0	0	0	0	100	0	0	0	0	0	0	0	0	0.56	inf
2	-2	-1	-2	-2	-2	-2	5	-2	-2	-2	-1	-2	-3	-2	0	-1	-3	-3	-1	30	0	0	0	0	0	0	63	0	0	0	0	0	0	0	0	0	0	0	7	0.58	inf
-2	-2	-2	-3	-3	2	-1	-3	-1	-1	0	-2	0	6	-3	-2	-2	0	2	-1	0	0	0	0	0	23	0	0	0	0	0	0	0	77	0	0	0	0	0	0	0.51	inf
-1	-3	-3	-3	-1	-2	-3	-3	-3	3	1	-2	2	-1	-3	-2	0	-3	-1	4	0	0	0	0	0	0	0	0	0	21	0	0	7	0	0	0	0	0	0	71	0.34	inf
-1	2	0	-1	-3	1	0	-2	-1	-2	-2	4	-1	-3	-1	0	2	-3	-2	-2	0	0	0	0	0	0	0	0	0	0	0	77	0	0	0	0	23	0	0	0	0.41	inf
1	-2	1	5	-3	-1	1	-1	-1	-3	-3	-1	-3	-3	-1	0	-1	-4	-3	-2	23	0	0	77	0	0	0	0	0	0	0	0	0	0	0	0	0	0	0	0	0.66	inf
0	-3	-3	-3	-1	-2	-3	-3	-3	3	1	-2	1	-1	-3	-2	0	-3	-1	4	0	0	0	0	0	0	0	0	0	0	0	0	0	0	0	0	0	0	0	100	0.39	inf
1	-1	0	-1	-2	0	0	-2	7	-3	-3	-1	-2	-2	-2	0	-1	-3	1	-2	23	0	0	0	0	0	0	0	77	0	0	0	0	0	0	0	0	0	0	0	0.65	inf
-1	0	0	3	-4	1	5	-2	0	-3	-3	0	-2	-3	-1	0	-1	-3	-2	-3	0	0	0	23	0	0	77	0	0	0	0	0	0	0	0	0	0	0	0	0	0.70	inf
-2	-2	1	6	-4	0	1	-1	-1	-3	-4	-1	-3	-4	-2	0	-1	-4	-3	-3	0	0	0	100	0	0	0	0	0	0	0	0	0	0	0	0	0	0	0	0	0.98	inf
1	-1	0	-1	-1	0	-1	2	-1	-3	-3	-1	-2	-3	-1	4	1	-3	-2	-2	0	0	0	0	0	0	0	23	0	0	0	0	0	0	0	77	0	0	0	0	0.44	inf
-1	-3	-3	-3	-1	-3	-3	-4	-3	3	2	-3	1	0	-3	-2	-1	-2	-1	3	0	0	0	0	0	0	0	0	0	52	29	0	0	0	0	0	0	0	0	18	0.35	inf
-1	-2	-1	-2	-1	-1	-1	-2	-2	-1	-1	-1	-1	3	-2	1	4	-1	0	0	0	0	0	0	0	0	0	0	0	0	0	0	0	23	0	0	77	0	0	0	0.35	inf
0	-3	-3	-3	-1	-2	-3	-3	-3	3	1	-2	1	-1	-3	-2	0	-3	-1	4	0	0	0	0	0	0	0	0	0	18	0	0	0	0	0	0	0	0	0	82	0.37	inf
0	-1	-1	-2	-1	-1	-1	-2	-2	1	0	-1	0	2	-1	0	2	-1	0	2	10	1	1	1	0	1	1	2	0	1	2	1	1	19	1	2	23	0	1	31	0.09	inf
-2	-2	-2	-2	-2	-2	-2	-2	-1	0	0	-2	0	6	-2	-2	-2	1	3	-1	2	1	1	1	0	1	1	2	0	1	2	1	1	78	1	2	1	0	1	1	0.48	inf
-1	0	0	3	-4	1	5	-2	0	-3	-3	0	-2	-3	-1	0	-1	-3	-2	-3	0	0	0	23	0	0	77	0	0	0	0	0	0	0	0	0	0	0	0	0	0.70	inf
-1	-1	5	1	-2	0	-1	-1	0	-1	-2	-1	-1	-3	-2	0	0	-4	-2	1	0	0	77	0	0	0	0	0	0	0	0	0	0	0	0	0	0	0	0	23	0.45	inf
-2	-1	5	3	-3	0	0	-1	0	-3	-4	0	-3	-3	-2	0	0	-4	-2	-3	0	0	77	23	0	0	0	0	0	0	0	0	0	0	0	0	0	0	0	0	0.69	inf
-2	-3	-3	-4	-3	-2	-3	2	-2	-3	-2	-3	-2	0	-3	-2	-2	10	1	-3	0	0	0	0	0	0	0	23	0	0	0	0	0	0	0	0	0	77	0	0	1.77	inf
-1	0	-1	-1	-2	5	1	-2	0	-1	-1	1	0	-3	-2	0	-1	-2	-2	1	0	0	0	0	0	77	0	0	0	0	0	0	0	0	0	0	0	0	0	23	0.43	inf
0	-1	-1	-1	-3	2	0	-2	-1	-3	-3	0	-2	-3	6	1	0	-3	-2	-2	0	0	0	0	0	22	0	0	0	0	0	0	0	0	60	18	0	0	0	0	1.08	inf
-1	0	0	2	-4	2	5	-2	0	-3	-3	1	-2	-3	-1	0	-1	-3	-2	-3	0	0	0	8	0	0	92	0	0	0	0	0	0	0	0	0	0	0	0	0	0.74	inf
-1	5	0	-1	-3	1	0	-2	0	-3	-2	2	-2	-3	-2	1	0	-3	-2	-2	0	70	0	0	0	0	0	0	0	0	0	7	0	0	0	23	0	0	0	0	0.54	inf
-1	1	0	-1	-3	5	2	-2	0	-3	-2	3	-1	-3	-1	0	-1	-2	-2	-2	0	0	0	0	0	77	0	0	0	0	0	23	0	0	0	0	0	0	0	0	0.60	inf
-1	-3	-3	-3	-1	-2	-3	-4	-1	3	1	-2	1	1	-3	-2	-1	-1	3	3	0	0	0	0	0	0	0	0	0	48	0	0	0	0	0	0	0	0	23	29	0.30	inf
-1	-2	-2	-2	-3	-1	-1	-2	-2	-3	-3	-1	-3	-4	8	-1	-1	-4	-3	-3	0	0	0	0	0	0	0	0	0	0	0	0	0	0	100	0	0	0	0	0	2.09	inf
-2	-3	-3	-4	-3	-3	-3	-3	-1	0	0	-3	0	7	-4	-3	-2	1	3	-1	0	0	0	0	0	0	0	0	0	0	0	0	0	100	0	0	0	0	0	0	0.81	inf
-1	-1	2	1	-2	-1	-1	2	5	-1	-2	-1	-1	-2	-2	-1	-1	-3	0	0	0	0	21	8	0	0	0	18	30	0	0	0	0	0	0	0	0	0	0	23	0.23	inf
-2	-1	3	5	-3	1	3	-1	0	-3	-4	0	-3	-3	-2	0	-1	-4	-3	-3	0	0	23	48	0	0	29	0	0	0	0	0	0	0	0	0	0	0	0	0	0.63	inf
0	-3	-3	-3	-1	-2	-3	-3	-3	3	1	-2	1	-1	-3	-2	0	-3	-1	4	0	0	0	0	0	0	0	0	0	0	0	0	0	0	0	0	0	0	0	100	0.39	inf
-2	6	-1	-2	-4	1	0	-2	0	-3	-2	2	-2	-3	-2	-1	-1	-3	-2	-3	0	100	0	0	0	0	0	0	0	0	0	0	0	0	0	0	0	0	0	0	0.80	inf
-2	-2	-3	-4	-2	-2	-3	-4	-2	1	3	-3	2	4	-3	-2	-1	-1	1	0	0	0	0	0	0	0	0	0	0	0	62	0	8	30	0	0	0	0	0	0	0.39	inf
-1	-2	-2	-2	-3	-1	-1	-2	-2	-3	-3	-1	-3	-4	8	-1	-1	-4	-3	-3	0	0	0	0	0	0	0	0	0	0	0	0	0	0	100	0	0	0	0	0	2.09	inf
-1	-2	-2	-2	-3	-1	-1	-2	-2	-3	-3	-1	-3	-4	8	-1	-1	-4	-3	-3	0	0	0	0	0	0	0	0	0	0	0	0	0	0	100	0	0	0	0	0	2.09	inf
-1	-2	-2	-1	-3	0	2	-2	-2	-2	-1	-1	-2	-3	7	-1	-1	-3	-3	-2	0	0	0	0	0	0	23	0	0	0	8	0	0	0	69	0	0	0	0	0	1.27	inf
1	-1	-1	0	-2	0	2	-1	-1	-2	-2	0	-2	-3	4	1	0	-3	-2	-1	18	0	0	0	0	0	23	0	0	0	0	0	0	0	29	22	0	0	0	8	0.47	inf
-1	-2	1	4	-3	-1	0	3	-2	-3	-3	-1	-2	-3	-2	0	1	-3	-3	-2	0	0	0	48	0	0	0	30	0	0	0	0	0	0	0	0	23	0	0	0	0.47	inf
-1	-2	-3	-3	-2	-2	-3	-3	0	2	0	-2	0	2	-3	-2	-1	1	5	2	0	0	0	0	0	0	0	0	0	29	0	0	0	0	0	0	0	0	48	23	0.38	inf
-1	1	4	1	-3	1	2	-1	0	-3	-3	2	-2	-3	-2	0	0	-3	-2	-3	0	0	48	0	0	0	23	0	0	0	0	29	0	0	0	0	0	0	0	0	0.46	inf
-1	2	-1	-1	-3	1	0	-2	-1	-1	-1	4	-1	-3	-1	-1	-1	-3	-2	1	0	0	0	0	0	0	0	0	0	0	0	77	0	0	0	0	0	0	0	23	0.32	inf
1	-1	0	3	-3	1	4	-1	-1	-3	-3	0	-2	-3	-1	0	-1	-3	-2	-2	23	0	0	30	0	0	48	0	0	0	0	0	0	0	0	0	0	0	0	0	0.47	inf
-2	-3	-3	-3	-2	-3	-3	-4	-3	4	1	-3	1	3	-3	-3	-1	-1	0	2	0	0	0	0	0	0	0	0	0	77	0	0	0	23	0	0	0	0	0	0	0.36	inf
0	-1	3	1	-2	0	2	-1	0	-2	-2	0	-2	-3	-1	2	2	-3	-2	-2	0	0	30	0	0	0	23	0	0	0	0	0	0	0	0	21	26	0	0	0	0.34	inf
-1	0	0	1	-4	2	5	-2	0	-3	-3	1	-2	-3	-1	0	-1	-3	-2	-3	0	0	0	0	0	0	100	0	0	0	0	0	0	0	0	0	0	0	0	0	0.78	inf
0	0	0	-1	-2	-1	-1	5	-2	-3	-3	-1	-2	-3	-2	1	-1	-3	-3	-3	0	7	0	0	0	0	0	70	0	0	0	0	0	0	0	22	0	0	0	0	0.67	inf
-2	-2	1	5	-3	0	1	-2	-1	-2	-1	-1	2	-2	-2	-1	-1	-4	-3	-2	0	0	0	77	0	0	0	0	0	0	0	0	23	0	0	0	0	0	0	0	0.60	inf
-1	0	0	1	-4	2	5	-2	0	-3	-3	1	-2	-3	-1	0	-1	-3	-2	-3	0	0	0	0	0	0	100	0	0	0	0	0	0	0	0	0	0	0	0	0	0.78	inf
0	-3	-3	-3	-1	-2	-3	-3	-3	3	1	-2	1	-1	-3	-2	0	-3	-1	4	0	0	0	0	0	0	0	0	0	0	0	0	0	0	0	0	0	0	0	100	0.39	inf
-1	0	0	1	-4	2	5	-2	0	-3	-3	1	-2	-3	-1	0	-1	-3	-2	-3	0	0	0	0	0	0	100	0	0	0	0	0	0	0	0	0	0	0	0	0	0.78	inf
0	-3	-3	-3	-1	-2	-3	-3	-3	3	1	-2	1	-1	-3	-2	0	-3	-1	4	0	0	0	0	0	0	0	0	0	0	0	0	0	0	0	0	0	0	0	100	0.39	inf
-2	-2	-2	-3	-3	-2	-2	-3	1	-1	-1	-2	-1	4	-3	-2	-2	2	7	-1	0	0	0	0	0	0	0	0	0	0	0	0	0	23	0	0	0	0	77	0	0.81	inf
1	-1	0	-1	-1	0	0	-1	-1	-2	-2	0	-1	-2	-1	4	3	-3	-2	-1	0	0	0	0	0	0	0	0	0	0	0	0	0	0	0	77	23	0	0	0	0.43	inf
-2	6	-1	-2	-4	1	0	-2	0	-3	-2	2	-2	-3	-2	-1	-1	-3	-2	-3	0	100	0	0	0	0	0	0	0	0	0	0	0	0	0	0	0	0	0	0	0.80	inf
4	-1	-1	-2	-1	-1	-1	0	-2	-1	-2	-1	-1	-2	-1	1	2	-3	-2	0	77	0	0	0	0	0	0	0	0	0	0	0	0	0	0	0	23	0	0	0	0.35	inf
-2	-1	6	1	-3	0	0	-1	0	-3	-4	0	-2	-3	-2	1	0	-4	-2	-3	0	0	100	0	0	0	0	0	0	0	0	0	0	0	0	0	0	0	0	0	0.79	inf
-1	-1	1	5	-4	1	4	-2	-1	-3	-3	0	-3	-4	-1	0	-1	-4	-3	-3	0	0	0	52	0	0	48	0	0	0	0	0	0	0	0	0	0	0	0	0	0.72	inf
-1	3	0	-1	-3	4	1	-2	0	-3	-2	3	-1	-3	-1	0	-1	-3	-2	-2	0	23	0	0	0	48	0	0	0	0	0	30	0	0	0	0	0	0	0	0	0.51	inf
-1	0	0	1	-4	2	5	-2	0	-3	-3	1	-2	-3	-1	0	-1	-3	-2	-3	0	0	0	0	0	0	100	0	0	0	0	0	0	0	0	0	0	0	0	0	0.78	inf
-1	-2	-2	-2	-2	-1	-1	-2	-2	-2	-3	-1	-2	-3	7	0	2	-4	-3	-2	0	0	0	0	0	0	0	0	0	0	0	0	0	0	77	0	23	0	0	0	1.48	inf
-1	-4	-3	-4	9	-3	-4	-3	-3	-1	-1	-3	-2	-3	-3	-1	-1	-3	-3	-1	0	0	0	0	100	0	0	0	0	0	0	0	0	0	0	0	0	0	0	0	1.33	inf
0	-3	-1	-2	6	-2	-3	5	-2	-3	-3	-2	-2	-3	-2	-1	-1	-3	-3	-2	0	0	0	0	30	0	0	70	0	0	0	0	0	0	0	0	0	0	0	0	0.80	inf
-3	-3	-4	-5	-3	-2	-3	-3	-3	-3	-2	-3	-2	1	-4	-3	-3	11	2	-3	0	0	0	0	0	0	0	0	0	0	0	0	0	0	0	0	0	100	0	0	2.45	inf
-2	-3	-4	-4	3	-2	-3	-3	-3	-3	-2	-3	-2	1	-4	-3	-2	11	2	-3	0	0	0	0	10	0	0	0	0	0	0	0	0	0	0	0	0	90	0	0	2.15	inf
-1	-2	-3	-4	-1	-2	-3	-4	-3	2	4	-3	2	0	-3	-2	-1	-2	-1	2	0	0	0	0	0	0	0	0	0	0	77	0	0	0	0	0	0	0	0	23	0.39	inf
4	-2	-1	-2	-1	-1	-1	3	-2	-2	-2	-1	-1	-3	-1	1	0	-3	-2	-1	77	0	0	0	0	0	0	23	0	0	0	0	0	0	0	0	0	0	0	0	0.41	inf
-1	3	-1	-1	-3	1	0	-2	-1	1	-1	4	-1	-2	-2	-1	-1	-3	-2	0	0	18	0	0	0	0	0	0	0	23	0	59	0	0	0	0	0	0	0	0	0.29	inf
0	-3	-3	-3	-1	-2	-3	-3	-3	3	1	-3	1	-1	-3	-2	0	-3	-1	4	0	0	0	0	0	0	0	0	0	23	0	0	0	0	0	0	0	0	0	77	0.37	inf
-1	5	0	-2	-4	1	0	-2	0	-3	-2	3	-1	-3	-2	-1	-1	-3	-2	-3	0	77	0	0	0	0	0	0	0	0	0	23	0	0	0	0	0	0	0	0	0.68	inf
-1	-2	-2	-3	-2	-1	-2	-3	-2	1	2	-2	6	0	-3	-2	-1	-2	-1	1	0	0	0	0	0	0	0	0	0	0	0	0	100	0	0	0	0	0	0	0	0.44	inf
-1	2	-2	-3	-2	-1	-2	-3	-2	2	1	0	4	-1	-3	-2	-1	-2	-1	1	0	23	0	0	0	0	0	0	0	30	0	0	48	0	0	0	0	0	0	0	0.22	inf
-1	2	0	-1	-3	1	1	-2	-1	-3	-3	5	-2	-3	-1	0	-1	-3	-2	-2	0	0	0	0	0	0	0	0	0	0	0	100	0	0	0	0	0	0	0	0	0.56	inf
2	-2	-1	-2	-2	-2	-2	5	-2	-3	-3	-1	-2	-3	-2	0	-1	-3	-3	-2	23	0	0	0	0	0	0	77	0	0	0	0	0	0	0	0	0	0	0	0	0.78	inf
-1	0	0	3	-4	2	5	-2	0	-3	-3	1	-2	-3	-1	0	-1	-3	-2	-3	0	0	0	18	0	0	82	0	0	0	0	0	0	0	0	0	0	0	0	0	0.71	inf
-2	-3	-3	-4	-2	-3	-3	-3	-2	2	1	-3	0	6	-4	-3	-2	0	2	0	0	0	0	0	0	0	0	0	0	23	0	0	0	77	0	0	0	0	0	0	0.58	inf
-2	-2	-2	-3	-3	-2	-2	-3	2	-2	-1	-2	-1	3	-3	-2	-2	2	7	-1	0	0	0	0	0	0	0	0	0	0	0	0	0	0	0	0	0	0	100	0	0.95	inf
1	-2	-3	-3	-1	-2	-2	-2	-3	2	0	-2	0	-1	-2	-1	0	-3	-1	4	23	0	0	0	0	0	0	0	0	0	0	0	0	0	0	0	0	0	0	77	0.27	inf
-1	-3	-3	-3	-1	-3	-3	-4	-3	4	1	-3	1	0	-3	-2	-1	-3	-1	3	0	0	0	0	0	0	0	0	0	77	0	0	0	0	0	0	0	0	0	23	0.39	inf
1	0	-1	1	-3	1	5	-2	0	-3	-3	0	-2	-3	-1	0	-1	-3	-2	-2	23	0	0	0	0	0	77	0	0	0	0	0	0	0	0	0	0	0	0	0	0.54	inf
-2	-2	-2	-3	-3	-2	-2	-3	2	-2	-1	-2	-1	3	-3	-2	-2	2	7	-1	0	0	0	0	0	0	0	0	0	0	0	0	0	0	0	0	0	0	100	0	0.95	inf
4	-2	-2	-2	-1	-1	-1	0	-2	1	-1	-1	0	-2	-1	1	0	-3	-2	1	77	0	0	0	0	0	0	0	0	23	0	0	0	0	0	0	0	0	0	0	0.27	inf
4	-2	-1	-2	-1	-1	-1	3	-2	-2	-2	-1	-1	-3	-1	1	0	-3	-2	-1	77	0	0	0	0	0	0	23	0	0	0	0	0	0	0	0	0	0	0	0	0.41	inf
-1	-3	-3	-4	8	-3	-4	-3	-3	-1	-1	-3	-1	3	-3	-1	-1	-1	0	-1	0	0	0	0	77	0	0	0	0	0	0	0	0	23	0	0	0	0	0	0	0.94	inf
-2	-1	1	6	-4	0	3	-2	-1	-3	-4	0	-3	-4	-2	0	-1	-4	-3	-3	0	0	0	77	0	0	23	0	0	0	0	0	0	0	0	0	0	0	0	0	0.82	inf
4	-1	-1	-2	-1	-1	-1	0	-2	-1	-2	-1	-1	-2	-1	1	2	-3	-2	0	77	0	0	0	0	0	0	0	0	0	0	0	0	0	0	0	23	0	0	0	0.35	inf
0	-1	0	-1	-1	-1	-1	-1	-2	-1	-2	-1	-1	-2	-1	2	4	-3	-2	0	0	0	0	0	0	0	0	0	0	0	0	0	0	0	0	23	77	0	0	0	0.44	inf
-2	-2	-2	-3	-3	-2	-2	-3	2	-2	-1	-2	-1	3	-3	-2	-2	2	7	-1	0	0	0	0	0	0	0	0	0	0	0	0	0	0	0	0	0	0	100	0	0.95	inf
-1	-1	5	1	-2	0	0	-1	0	-3	-3	0	-2	-3	-2	1	2	-4	-2	-2	0	0	77	0	0	0	0	0	0	0	0	0	0	0	0	0	23	0	0	0	0.58	inf
-1	0	0	1	-4	2	5	-2	0	-3	-3	1	-2	-3	-1	0	-1	-3	-2	-3	0	0	0	0	0	0	100	0	0	0	0	0	0	0	0	0	0	0	0	0	0.78	inf
-1	-3	-3	-3	-1	-3	-3	-4	-3	4	2	-3	1	0	-3	-3	-1	-3	-1	3	0	0	0	0	0	0	0	0	0	100	0	0	0	0	0	0	0	0	0	0	0.43	inf
0	-3	-3	-3	5	-3	-3	-3	-3	2	0	-3	0	-1	-3	-2	0	-3	-2	4	0	0	0	0	23	0	0	0	0	0	0	0	0	0	0	0	0	0	0	77	0.38	inf
0	-1	0	0	-1	0	2	-2	-1	-1	-2	0	-1	-2	-1	1	4	-3	-2	-1	0	0	0	0	0	0	23	0	0	0	0	0	0	0	0	0	77	0	0	0	0.41	inf
-2	-3	-3	-4	-2	-3	-3	-4	-2	2	3	-3	1	3	-3	-3	-1	-1	1	1	0	0	0	0	0	0	0	0	0	30	41	0	0	29	0	0	0	0	0	0	0.35	inf
-1	-1	0	2	-4	1	4	2	-1	-3	-3	0	-2	-3	-1	0	-1	-3	-2	-3	0	0	0	7	0	0	70	23	0	0	0	0	0	0	0	0	0	0	0	0	0.55	inf
-2	6	-1	-2	-4	1	0	-2	0	-3	-2	2	-2	-3	-2	-1	-1	-3	-2	-3	0	100	0	0	0	0	0	0	0	0	0	0	0	0	0	0	0	0	0	0	0.80	inf
-2	-2	-4	-4	-1	-2	-3	-4	-3	2	4	-3	2	0	-3	-3	-1	-2	-1	1	0	0	0	0	0	0	0	0	0	0	100	0	0	0	0	0	0	0	0	0	0.49	inf
-2	6	-1	-2	-4	1	0	-2	0	-3	-2	2	-2	-3	-2	-1	-1	-3	-2	-3	0	100	0	0	0	0	0	0	0	0	0	0	0	0	0	0	0	0	0	0	0.80	inf
2	-2	-1	-1	-2	-1	-1	-1	-2	-2	-3	-1	-2	-3	6	2	0	-3	-2	-2	23	0	0	0	0	0	0	0	0	0	0	0	0	0	48	30	0	0	0	0	0.84	inf
0	-1	-2	-3	-1	-1	-1	-3	-3	2	0	1	0	-1	-2	-1	0	-3	-1	3	0	0	0	0	0	0	0	0	0	0	0	23	0	0	0	0	0	0	0	77	0.21	inf
-2	-1	6	1	-3	0	0	-1	0	-3	-4	0	-2	-3	-2	1	0	-4	-2	-3	0	0	100	0	0	0	0	0	0	0	0	0	0	0	0	0	0	0	0	0	0.79	inf
0	-1	0	-1	-2	3	0	-1	-1	-3	-3	0	-2	-3	5	2	0	-3	-2	-2	0	0	0	0	0	29	0	0	0	0	0	0	0	0	39	32	0	0	0	0	0.71	inf
-1	-1	6	1	-3	0	0	-1	0	-3	-4	0	-2	-3	-2	1	0	-4	-2	-3	0	0	90	0	0	0	0	0	0	0	0	0	0	0	0	10	0	0	0	0	0.70	inf
-1	1	-1	-1	-3	1	0	-2	-1	-3	-3	4	-2	-3	5	0	-1	-3	-2	-2	0	0	0	0	0	0	0	0	0	0	0	59	0	0	31	10	0	0	0	0	0.63	inf
-1	-2	-1	-2	-2	-1	-1	-2	-2	-1	0	-1	-1	-2	5	0	2	-3	-2	-1	0	0	0	0	0	0	0	0	0	0	18	0	0	0	45	7	29	0	0	0	0.70	inf
3	-2	-2	-3	-1	-2	-2	-1	-2	2	0	-2	0	-1	-2	0	0	-3	-2	2	48	0	0	0	0	0	0	0	0	23	0	0	0	0	0	0	0	0	0	29	0.20	inf
0	0	0	-1	-1	0	-1	-2	-2	-1	-2	2	-1	-2	-1	1	4	-3	-2	0	0	0	0	0	0	0	0	0	0	0	0	21	0	0	0	0	79	0	0	0	0.39	inf
1	2	-1	-1	-2	1	0	-1	-1	-2	-2	4	-1	-3	-1	0	-1	-3	-2	-2	23	0	0	0	0	0	0	0	0	0	0	77	0	0	0	0	0	0	0	0	0.39	inf
-1	0	4	1	-3	0	0	2	0	-3	-3	2	-2	-3	-2	1	0	-3	-2	-3	0	0	44	8	0	0	0	18	0	0	0	23	0	0	0	7	0	0	0	0	0.39	inf
1	-1	0	-1	-1	0	-1	-1	-1	-2	-2	-1	-1	-2	-1	3	4	-3	-2	-1	0	0	0	0	0	0	0	0	0	0	0	0	0	0	0	48	52	0	0	0	0.41	inf
-2	-3	-3	-4	-3	-3	-3	-3	-1	0	0	-3	0	7	-4	-3	-2	1	3	-1	0	0	0	0	0	0	0	0	0	0	0	0	0	100	0	0	0	0	0	0	0.81	inf
-2	-2	-1	-3	-3	-1	-2	-3	5	-1	-1	-2	-1	5	-3	-2	-2	1	4	-2	0	0	0	0	0	0	0	0	30	0	0	0	0	48	0	0	0	0	23	0	0.55	inf
-1	2	0	-1	-3	3	1	-2	-1	-3	-3	4	-1	-3	-1	0	-1	-3	-2	-2	0	0	0	0	0	23	0	0	0	0	0	77	0	0	0	0	0	0	0	0	0.51	inf
-1	-3	-3	-3	6	-3	-3	-3	-3	2	0	-3	0	3	-3	-2	-1	-1	0	2	0	0	0	0	29	0	0	0	0	8	0	0	0	23	0	0	0	0	0	40	0.35	inf
0	0	0	-1	-1	0	0	-2	-1	-1	-2	2	-1	-3	-1	1	4	-3	-2	-1	0	0	0	0	0	0	0	0	0	0	0	30	0	0	0	0	70	0	0	0	0.36	inf
-1	-2	-3	-4	-1	-2	-3	-3	-3	2	3	-2	3	0	-3	-2	-1	-2	-1	2	0	0	0	0	0	0	0	0	0	0	52	0	18	0	0	0	0	0	0	29	0.33	inf
1	-2	0	5	-3	-1	1	-1	-2	-3	-3	-1	-3	-3	4	0	-1	-4	-3	-2	18	0	0	59	0	0	0	0	0	0	0	0	0	0	23	0	0	0	0	0	0.65	inf
0	-3	-3	-3	-1	-2	-3	-3	-3	3	1	-2	1	-1	-3	-2	0	-3	-1	4	0	0	0	0	0	0	0	0	0	0	0	0	0	0	0	0	0	0	0	100	0.39	inf
-1	-2	-2	-2	-3	-1	-1	-2	-2	-3	-3	-1	-3	-4	8	-1	-1	-4	-3	-3	0	0	0	0	0	0	0	0	0	0	0	0	0	0	100	0	0	0	0	0	2.09	inf
-1	0	0	1	-4	2	5	-2	0	-3	-3	1	-2	-3	-1	0	-1	-3	-2	-3	0	0	0	0	0	0	100	0	0	0	0	0	0	0	0	0	0	0	0	0	0.78	inf
-2	-1	1	6	-4	0	3	-2	-1	-3	-4	0	-3	-4	-2	0	-1	-4	-3	-3	0	0	0	77	0	0	23	0	0	0	0	0	0	0	0	0	0	0	0	0	0.82	inf
-2	-2	-4	-4	-1	-2	-3	-4	-3	2	4	-3	2	0	-3	-3	-1	-2	-1	1	0	0	0	0	0	0	0	0	0	0	100	0	0	0	0	0	0	0	0	0	0.49	inf
-2	6	-1	-2	-4	1	0	-2	0	-3	-2	2	-2	-3	-2	-1	-1	-3	-2	-3	0	100	0	0	0	0	0	0	0	0	0	0	0	0	0	0	0	0	0	0	0.80	inf
-1	0	0	1	-4	4	5	-2	0	-3	-3	1	-2	-3	-1	0	-1	-3	-2	-3	0	0	0	0	0	30	70	0	0	0	0	0	0	0	0	0	0	0	0	0	0.66	inf
2	-1	-1	-1	-1	0	2	-1	-1	-1	0	0	3	-2	-1	1	0	-2	-2	0	40	0	0	0	0	0	23	0	0	0	0	0	30	0	0	8	0	0	0	0	0.17	inf
1	-3	-3	-3	8	-2	-3	-2	-3	-1	-1	-3	-1	-3	-2	0	-1	-3	-2	-1	23	0	0	0	77	0	0	0	0	0	0	0	0	0	0	0	0	0	0	0	0.93	inf
3	-1	-1	-1	-1	2	0	0	-1	-2	-2	0	-1	-3	-1	2	0	-3	-2	-1	51	0	0	0	0	23	0	0	0	0	0	0	0	0	0	26	0	0	0	0	0.31	inf
-1	1	4	0	-3	1	0	-1	0	-3	-3	3	-2	-3	-2	0	0	-3	-2	-3	0	0	48	0	0	0	0	0	0	0	0	52	0	0	0	0	0	0	0	0	0.47	inf
-1	-1	0	4	-4	1	4	-2	-1	-3	-3	0	-3	-4	-1	0	-1	-4	-3	-3	0	0	0	45	0	0	55	0	0	0	0	0	0	0	0	0	0	0	0	0	0.70	inf
0	-1	4	0	-2	0	-1	2	0	-3	-3	-1	-2	-3	-2	2	0	-3	-2	-3	0	0	48	0	0	0	0	23	0	0	0	0	0	0	0	30	0	0	0	0	0.45	inf
3	-2	-2	-2	-1	-2	-2	-1	-2	2	0	-2	0	-1	-2	0	0	-3	-2	2	51	0	0	0	0	0	0	0	0	23	0	0	0	0	0	0	0	0	0	26	0.21	inf
-2	0	0	-1	-3	0	0	-2	8	-3	-3	-1	-2	-1	-2	-1	-2	-3	2	-3	0	0	0	0	0	0	0	0	100	0	0	0	0	0	0	0	0	0	0	0	0.97	inf
-1	2	0	-1	-3	1	1	-2	-1	-3	-3	5	-2	-3	-1	0	-1	-3	-2	-2	0	0	0	0	0	0	0	0	0	0	0	100	0	0	0	0	0	0	0	0	0.56	inf
-1	-1	1	5	-4	1	4	-2	-1	-3	-3	0	-3	-4	-1	0	-1	-4	-3	-3	0	0	0	51	0	0	49	0	0	0	0	0	0	0	0	0	0	0	0	0	0.71	inf
-2	-3	-3	-4	-3	-3	-3	-3	-1	0	0	-3	0	6	-4	-3	-2	1	4	-1	0	0	0	0	0	0	0	0	0	0	0	0	0	93	0	0	0	0	7	0	0.78	inf
-1	2	0	-1	-3	3	1	-2	-1	-3	-3	4	-1	-3	-1	0	-1	-3	-2	-2	0	0	0	0	0	23	0	0	0	0	0	77	0	0	0	0	0	0	0	0	0.51	inf
-1	3	0	-1	-3	1	1	-2	-1	-3	-3	4	-1	-3	-1	0	-1	-3	-2	-2	0	23	0	0	0	0	0	0	0	0	0	77	0	0	0	0	0	0	0	0	0.54	inf
4	-1	-1	-2	-1	-1	-1	0	-2	-1	-2	-1	-1	-2	-1	1	2	-3	-2	0	77	0	0	0	0	0	0	0	0	0	0	0	0	0	0	0	23	0	0	0	0.35	inf
-1	-3	-3	-3	-1	-2	-3	-4	-3	3	2	-3	1	0	-3	-2	0	-3	-1	3	0	0	0	0	0	0	0	0	0	23	18	0	0	0	0	0	0	0	0	59	0.33	inf
0	-2	0	2	-3	-1	-1	5	-2	-4	-4	-1	-3	-3	-2	0	-2	-3	-3	-3	0	0	0	23	0	0	0	77	0	0	0	0	0	0	0	0	0	0	0	0	0.81	inf
4	-2	-2	-2	-1	-1	-1	0	-2	-1	-2	-1	-1	-2	-1	1	0	-3	-2	0	100	0	0	0	0	0	0	0	0	0	0	0	0	0	0	0	0	0	0	0	0.44	inf
-1	-2	2	-2	5	-2	-2	2	-1	-2	-1	-2	-1	3	-3	-1	-1	-1	0	-2	0	0	18	0	29	0	0	23	0	0	0	0	0	30	0	0	0	0	0	0	0.33	inf
0	3	-1	-2	4	0	-1	-2	-1	0	-1	0	-1	-2	-2	2	0	-3	-2	1	0	29	0	0	18	0	0	0	0	0	0	0	0	0	0	30	0	0	0	23	0.21	inf
-1	-3	-3	-3	5	-3	-3	-3	-3	3	1	-3	1	-1	-3	-2	-1	-3	-2	3	0	0	0	0	23	0	0	0	0	40	0	0	0	0	0	0	0	0	0	38	0.36	inf
-1	-2	2	-1	-2	-1	-1	-2	0	-1	-1	-1	-1	4	-2	1	1	0	2	-1	0	0	23	0	0	0	0	0	0	0	0	0	0	40	0	22	8	0	8	0	0.25	inf
-2	-2	-3	-3	-2	-2	-2	-3	1	-1	1	-2	0	3	-3	-2	-2	2	6	-1	0	0	0	0	0	0	0	0	0	0	18	0	0	8	0	0	0	0	74	0	0.65	inf
-1	-1	3	3	-3	0	0	-1	5	-3	-3	-1	-2	-2	-2	1	0	-3	-1	-3	0	0	18	30	0	0	0	0	29	0	0	0	0	0	0	23	0	0	0	0	0.43	inf
0	2	-1	-2	-2	-1	-1	-2	-2	0	-1	0	-1	-2	4	1	0	-3	-2	0	8	23	0	0	0	0	0	0	0	18	0	0	0	0	29	22	0	0	0	0	0.39	inf
-1	-1	0	3	-3	1	4	-2	-1	-3	-3	0	-2	-3	-1	0	1	-3	-2	-2	0	0	0	23	0	0	59	0	0	0	0	0	0	0	0	0	18	0	0	0	0.52	inf
-1	-1	4	0	-2	-1	-1	-1	-1	-1	1	-1	0	-2	-2	0	2	-3	-2	-1	0	0	48	0	0	0	0	0	0	0	23	0	0	0	0	0	29	0	0	0	0.27	inf
-1	-1	1	2	-2	-1	0	-2	0	-2	-2	-1	-2	0	-2	1	2	0	4	-2	0	0	8	23	0	0	0	0	0	0	0	0	0	0	0	18	21	0	30	0	0.27	inf
1	0	0	0	-2	4	3	-1	0	-3	-2	1	-1	-3	-1	0	-1	-2	-2	-2	23	0	0	0	0	59	18	0	0	0	0	0	0	0	0	0	0	0	0	0	0.45	inf
-2	-2	-4	-4	-1	-2	-3	-4	-3	2	4	-3	2	0	-3	-3	-1	-2	-1	1	0	0	0	0	0	0	0	0	0	0	100	0	0	0	0	0	0	0	0	0	0.49	inf
-1	-3	-3	-3	-1	-2	-3	-3	-2	3	1	-2	3	2	-3	-2	-1	-1	0	2	0	0	0	0	0	0	0	0	0	31	0	0	21	18	0	0	0	0	0	30	0.26	inf
-1	-3	-3	-3	-1	-3	-3	-4	-3	4	1	-3	1	0	-3	-2	-1	-3	-1	3	0	0	0	0	0	0	0	0	0	77	0	0	0	0	0	0	0	0	0	23	0.39	inf
-2	-2	-4	-4	-1	-2	-3	-4	-3	2	4	-3	2	0	-3	-3	-1	-2	-1	1	0	0	0	0	0	0	0	0	0	23	77	0	0	0	0	0	0	0	0	0	0.42	inf
1	-1	1	0	-1	0	0	0	-1	-3	-3	0	-2	-3	-1	4	1	-3	-2	-2	0	0	0	0	0	0	0	0	0	0	0	0	0	0	0	100	0	0	0	0	0.49	inf
2	0	-1	-2	-1	-1	-1	-1	-2	1	-1	1	0	-2	-1	0	1	-3	-2	1	29	0	0	0	0	0	0	0	0	8	0	23	0	0	0	0	18	0	0	22	0.13	inf
-1	-1	3	0	2	-1	-1	-1	-1	-2	-1	-1	-1	2	-2	2	2	-2	0	-1	0	0	30	0	8	0	0	0	0	0	0	0	0	23	0	21	18	0	0	0	0.21	inf
-1	0	0	1	-4	2	5	-2	0	-3	-3	1	-2	-3	-1	0	-1	-3	-2	-3	0	0	0	0	0	0	100	0	0	0	0	0	0	0	0	0	0	0	0	0	0.78	inf
2	-1	-1	-2	-1	-1	-1	-1	4	0	-1	-1	-1	-2	-2	1	0	-3	0	1	40	0	0	0	0	0	0	0	23	0	0	0	0	0	0	8	0	0	0	30	0.18	inf
0	-1	0	-1	-1	-1	-1	-2	-2	-1	-2	-1	-1	-3	3	1	4	-3	-2	-1	0	0	0	0	0	0	0	0	0	0	0	0	0	0	18	7	74	0	0	0	0.51	inf
0	-1	-2	-2	-1	2	-1	-3	-2	2	0	-1	0	-1	-2	0	0	-3	-1	3	0	0	0	0	0	23	0	0	0	22	0	0	0	0	0	8	0	0	0	48	0.17	inf
-1	2	0	-1	-3	1	1	-2	-1	-3	-3	5	-2	-3	-1	0	-1	-3	-2	-2	0	0	0	0	0	0	0	0	0	0	0	100	0	0	0	0	0	0	0	0	0.56	inf
-2	6	-1	-2	-4	1	0	-2	0	-3	-2	2	-2	-3	-2	-1	-1	-3	-2	-3	0	100	0	0	0	0	0	0	0	0	0	0	0	0	0	0	0	0	0	0	0.80	inf
3	-2	-2	-2	-1	-1	-1	-1	-2	0	-1	-1	0	-2	-1	1	0	-3	-2	2	71	0	0	0	0	0	0	0	0	0	0	0	0	0	0	0	0	0	0	29	0.27	inf
0	-1	4	0	-2	0	0	-1	2	-3	-3	0	-2	-3	-1	3	1	-3	-1	-2	0	0	44	0	0	0	0	0	8	0	0	0	0	0	0	49	0	0	0	0	0.43	inf
-1	-2	-3	-3	-1	-1	-3	-3	-2	3	2	-2	5	0	-3	-2	-1	-2	-1	1	0	0	0	0	0	0	0	0	0	29	18	0	52	0	0	0	0	0	0	0	0.33	inf
-2	-2	-4	-4	-1	-2	-3	-4	-3	2	4	-3	2	0	-3	-3	-1	-2	-1	1	0	0	0	0	0	0	0	0	0	0	100	0	0	0	0	0	0	0	0	0	0.49	inf
0	0	0	-1	2	0	-1	2	-1	-1	-2	2	-1	-3	-1	2	0	-3	-2	-1	0	0	0	0	7	0	0	18	0	8	0	23	0	0	0	44	0	0	0	0	0.21	inf
-2	-2	1	6	-4	0	1	-1	-1	-3	-4	-1	-3	-4	-2	0	-1	-4	-3	-3	0	0	0	100	0	0	0	0	0	0	0	0	0	0	0	0	0	0	0	0	0.98	inf
-1	-2	-2	-3	-2	-1	-2	-3	-2	1	2	-2	6	0	-3	-2	-1	-2	-1	1	0	0	0	0	0	0	0	0	0	0	0	0	100	0	0	0	0	0	0	0	0.44	inf
-2	0	0	-1	-3	0	0	-2	8	-3	-3	-1	-2	-1	-2	-1	-2	-3	2	-3	0	0	0	0	0	0	0	0	100	0	0	0	0	0	0	0	0	0	0	0	0.97	inf
-2	-3	-3	-4	-2	-3	-3	-3	-2	0	2	-3	1	6	-4	-3	-2	0	2	0	0	0	0	0	0	0	0	0	0	0	29	0	0	71	0	0	0	0	0	0	0.56	inf
-2	6	-1	-2	-4	1	0	-2	0	-3	-2	2	-2	-3	-2	-1	-1	-3	-2	-3	0	100	0	0	0	0	0	0	0	0	0	0	0	0	0	0	0	0	0	0	0.80	inf
1	-1	3	0	-1	0	0	0	-1	-3	-3	0	-2	-3	-1	4	1	-3	-2	-2	0	0	23	0	0	0	0	0	0	0	0	0	0	0	0	77	0	0	0	0	0.44	inf
-2	-3	-4	-4	-1	-2	-3	-4	-3	3	4	-3	2	0	-3	-3	-1	-2	-1	1	0	0	0	0	0	0	0	0	0	29	71	0	0	0	0	0	0	0	0	0	0.41	inf
-1	5	0	-1	-3	1	0	-2	0	-3	-2	2	-2	-3	-2	1	0	-3	-2	-2	0	77	0	0	0	0	0	0	0	0	0	0	0	0	0	23	0	0	0	0	0.57	inf
0	-1	0	-1	-1	1	0	-1	-1	-2	-2	0	-1	-3	-1	3	4	-3	-2	-1	0	0	0	0	0	11	0	0	0	0	0	0	0	0	0	41	48	0	0	0	0.39	inf
0	1	0	-1	-2	1	0	-1	-1	-2	-2	4	-1	-3	-1	2	2	-3	-2	-2	0	0	0	0	0	0	0	0	0	0	0	59	0	0	0	21	20	0	0	0	0.36	inf
-1	-3	-4	-4	-1	-2	-3	-4	-3	3	4	-3	2	0	-3	-3	-1	-2	-1	2	0	0	0	0	0	0	0	0	0	21	67	0	0	0	0	0	0	0	0	11	0.41	inf
2	-1	-1	-2	-1	-1	-1	-1	-2	0	1	-1	3	-1	-2	2	0	-2	-2	0	21	0	0	0	0	0	0	0	0	0	11	0	29	0	0	38	0	0	0	0	0.19	inf
-2	-2	-4	-4	-2	-2	-3	-4	-3	1	4	-3	2	0	-3	-3	-1	-2	-1	1	0	0	0	0	0	0	0	0	0	0	100	0	0	0	0	0	0	0	0	0	0.57	inf
-1	-2	-3	-4	-2	-1	-3	-3	-2	1	2	-2	7	0	-3	-2	-1	-2	-1	1	0	0	0	0	0	0	0	0	0	4	10	0	86	0	0	0	0	0	0	0	0.57	inf
2	-1	0	-1	-1	0	-1	-1	-1	-1	0	1	0	-2	-1	3	1	-3	-2	-1	16	0	0	0	0	0	0	0	0	0	12	10	4	0	0	57	0	0	0	0	0.25	inf
2	4	-1	-1	-2	1	2	-1	-1	-3	-2	1	-2	-3	-2	0	-1	-3	-2	-2	32	52	0	0	0	0	16	0	0	0	0	0	0	0	0	0	0	0	0	0	0.41	inf
-1	-1	4	0	-2	-1	-1	3	-1	-3	-3	-1	-2	-3	-2	0	2	-3	-2	-2	0	0	42	0	0	0	0	32	0	0	0	0	0	0	0	0	26	0	0	0	0.47	inf
-1	-1	-1	2	-3	1	4	-3	-1	0	-1	0	-1	-3	-2	-1	-1	-3	-2	2	0	0	0	16	0	0	52	0	0	0	0	0	0	0	0	0	0	0	0	32	0.35	inf
-1	-1	-1	1	-4	1	4	-2	-1	-3	-3	0	-2	-4	5	-1	-1	-3	-3	-3	0	0	0	0	0	0	68	0	0	0	0	0	0	0	32	0	0	0	0	0	0.88	inf
3	-1	-2	-2	-1	-1	-1	-1	-2	1	0	1	2	-2	-2	0	0	-3	-2	0	52	0	0	0	0	0	0	0	0	16	0	16	16	0	0	0	0	0	0	0	0.17	inf
2	0	0	-1	-1	0	-1	-1	-2	-2	-2	1	-1	-3	-1	2	3	-3	-2	-1	26	0	0	0	0	0	0	0	0	0	0	16	0	0	0	16	42	0	0	0	0.30	inf
-1	4	0	-1	-3	1	0	-2	-1	-3	-3	5	-2	-3	-2	-1	-1	-3	-2	-3	0	26	0	0	0	0	0	0	0	0	0	74	0	0	0	0	0	0	0	0	0.62	inf
-2	0	0	-1	-3	4	1	-2	6	-3	-2	0	-1	-1	-2	-1	-1	-1	3	-3	0	0	0	0	0	43	0	0	41	0	0	0	0	0	0	0	0	0	16	0	0.60	inf
-1	-3	-4	-4	-1	-2	-3	-4	-3	2	4	-3	2	0	-3	-2	-1	-2	-1	2	0	0	0	0	0	0	0	0	0	0	68	0	0	0	0	0	0	0	0	32	0.41	inf
2	-1	-1	0	-2	1	4	2	-1	-3	-3	0	-2	-3	-1	0	-1	-3	-2	-2	33	0	0	0	0	0	52	16	0	0	0	0	0	0	0	0	0	0	0	0	0.40	inf
0	-2	-1	-2	4	-1	-1	1	-2	-1	0	-1	-1	-2	-2	2	2	-3	-2	-1	0	0	0	0	16	0	0	16	0	0	16	0	0	0	0	33	20	0	0	0	0.23	inf
0	-2	-1	-1	4	-1	-1	-2	-2	0	-1	-1	-1	-2	-2	2	3	-3	-2	0	0	0	0	0	13	0	0	0	0	12	0	0	0	0	0	33	42	0	0	0	0.34	inf
1	2	0	1	-3	1	0	2	-1	-3	-3	3	-2	-3	-2	0	-1	-3	-2	-2	12	14	0	10	0	9	0	22	0	0	0	32	0	0	0	0	0	0	0	0	0.31	inf
-1	-1	-2	-1	-2	3	1	-3	-1	1	2	0	2	-1	-2	-1	-1	-2	-2	0	0	0	0	0	0	30	12	0	0	7	35	6	9	0	0	0	0	0	0	0	0.24	inf
-1	-3	-3	-3	-2	-2	-3	0	-3	3	3	-3	2	0	-3	-2	-1	-2	-2	2	0	0	0	0	0	0	0	9	0	25	38	0	7	0	0	0	0	0	0	22	0.29	inf
2	-1	-1	1	-2	-1	-1	2	-2	-2	-1	1	-1	-2	-1	1	1	-3	-2	-1	30	0	0	10	0	0	0	17	0	0	8	12	0	0	0	13	9	0	0	0	0.19	inf
2	-1	1	-1	-2	-1	0	3	-1	-1	-2	0	-2	-3	-2	1	-1	-3	-2	-1	22	0	11	0	0	0	6	34	0	8	0	5	0	0	0	14	0	0	0	0	0.30	inf
2	1	2	1	-2	0	1	0	-1	-2	-2	1	-2	-3	-1	0	-1	-3	-2	-1	34	11	12	9	0	0	13	4	0	0	0	11	0	0	0	3	0	0	0	3	0.22	inf
-1	-2	-2	-2	-2	0	-2	1	-1	-1	0	-2	-1	4	-2	-1	1	0	3	0	0	0	0	0	0	6	0	16	0	0	4	0	0	29	0	0	17	0	14	10	0.20	inf
-1	0	1	1	-3	3	2	-1	4	-2	-3	1	-2	-3	-2	-1	-1	-3	-1	-1	0	0	6	6	0	28	21	5	21	0	0	4	0	0	0	0	0	0	0	6	0.38	inf
-3	-1	-1	5	-5	1	5	-3	-2	-5	-5	0	-4	-5	-3	-2	-2	-5	-4	-4	0	2	0	44	0	4	43	0	0	0	0	5	0	0	0	0	1	0	0	0	1.11	inf
-2	4	1	2	-4	1	2	-2	1	-4	-4	3	-3	-4	-3	-1	-2	-4	-2	-4	1	25	5	11	0	6	18	1	3	0	0	27	0	0	0	1	0	0	0	0	0.60	inf
-3	-4	-3	-5	-4	-4	-4	-5	1	-1	-2	-4	1	6	-5	-4	-3	2	6	0	1	0	1	0	0	0	0	0	3	2	0	0	4	44	0	0	0	2	37	6	1.35	inf
4	1	-3	-3	-2	-2	-2	-2	-3	1	-1	-2	-2	-3	-3	-1	1	-4	-3	3	43	8	0	1	0	0	1	0	0	8	3	0	0	0	0	2	9	0	0	23	0.43	inf
-1	-4	-5	-5	-3	-4	-4	-5	-5	4	-1	-4	-1	-3	-4	-3	0	-5	-3	5	4	0	0	0	0	0	0	0	0	28	0	0	0	0	0	0	4	0	0	62	1.06	inf
-4	0	-5	-4	-4	-4	-5	-6	-5	-1	6	-4	0	-1	-1	-4	-3	-4	-3	-1	0	7	0	1	0	0	0	0	0	1	87	0	0	0	4	0	0	0	0	0	1.20	inf
-2	-3	-2	-1	-3	0	2	-3	-3	-4	-4	-2	-2	-4	-3	4	4	-5	-4	-3	0	0	0	1	0	4	18	1	0	0	0	0	1	0	0	42	35	0	0	0	0.86	inf
-5	-4	-2	8	-6	-3	0	-4	-4	-6	-7	-3	-6	-6	-4	-3	-4	-7	-6	-6	0	0	0	97	0	0	3	0	0	0	0	0	0	0	0	0	0	0	0	0	2.39	inf
-1	-5	-5	-5	-3	-5	-5	-5	-2	7	0	-5	1	2	-5	-4	-3	-4	-2	0	5	0	0	0	0	0	0	0	1	75	6	0	3	9	0	0	0	0	0	0	1.27	inf
-2	-3	-4	-2	-3	2	-2	-4	-4	0	4	-3	3	0	-4	-2	-2	-3	-3	0	2	0	0	3	0	12	1	0	0	2	59	0	10	3	0	4	0	0	0	4	0.65	inf
-2	-4	-3	-4	-5	-4	-4	7	-4	-6	-6	-1	-5	-1	-5	-2	-4	-5	-5	-5	0	0	0	0	0	0	0	92	0	0	0	3	0	3	0	1	0	0	0	0	1.95	inf
-3	-1	-3	-2	-5	-2	-2	-4	-3	-2	2	6	-2	-4	-4	-3	-3	-5	-4	-2	0	0	0	1	0	0	0	0	0	1	24	72	1	0	0	0	0	0	0	2	1.20	inf
0	-4	-5	-5	-2	-4	-1	-5	-5	2	-1	-4	-2	-3	-4	-3	-2	-5	-3	6	9	0	0	0	0	0	5	0	0	8	1	0	0	0	0	0	0	0	0	76	1.15	inf
5	-4	-3	0	0	-3	-3	-1	-4	1	-3	-3	-2	-4	-3	-1	0	-5	-4	-2	73	0	0	5	2	0	0	2	0	9	1	0	0	0	0	2	4	0	0	0	0.94	inf
0	-5	-1	-4	-5	-4	-5	7	-5	-6	-6	-4	-5	-6	-5	-2	-4	-5	-6	-5	5	0	2	0	0	0	0	93	0	0	0	0	0	0	0	1	0	0	0	0	2.00	inf
-2	-1	-3	-3	-4	-2	-1	-4	-4	-3	-2	-3	-3	-5	-4	1	7	-5	-4	-3	0	3	0	0	0	1	3	0	0	0	2	0	0	0	0	8	82	0	0	0	1.48	inf
0	2	0	3	-4	1	2	0	3	-4	-4	1	-3	-4	-2	1	0	-4	-2	-3	8	12	1	21	0	5	17	5	8	0	0	7	0	0	0	9	4	0	1	0	0.38	inf
-1	-1	2	1	-4	0	2	4	-2	-4	-4	2	-3	-4	-3	0	-1	-4	-3	-3	3	1	9	10	0	3	17	33	0	0	0	16	0	0	0	4	2	0	0	1	0.50	inf
0	-4	-3	-4	-4	-3	-4	-3	-4	-3	-4	-3	1	-5	-4	0	7	-5	-4	-2	6	0	0	0	0	0	0	1	0	1	0	0	4	0	0	4	83	0	0	1	1.59	inf
5	-4	2	0	-3	-3	-3	0	-3	-4	-4	-3	-3	-5	-3	1	-2	-5	-4	-3	72	0	10	4	0	0	0	4	0	0	0	0	0	0	0	9	1	0	0	0	1.04	inf
-3	-4	-5	-5	1	-4	-5	-5	-4	3	4	-4	1	3	-5	-4	-1	-3	-1	0	0	0	0	0	4	0	0	0	0	19	57	0	2	12	0	0	2	0	1	3	0.87	inf
-4	-2	-3	-4	-6	8	-1	-5	-3	-6	-5	1	-4	-6	-4	-3	-4	-5	-5	-5	0	0	0	0	0	93	0	0	0	0	0	7	0	0	0	0	0	0	0	0	2.40	inf
-3	-4	-5	-6	-4	1	-4	-6	-4	0	1	-4	9	-2	-5	-4	-4	-4	-4	-1	1	0	0	0	0	8	0	0	0	4	9	0	74	1	0	0	0	0	0	3	1.96	inf
0	-4	-2	8	-6	-3	-1	-4	-4	-5	-3	-4	-5	-6	-4	-3	-4	-7	-6	-5	10	0	0	87	0	0	0	0	0	0	3	0	0	0	0	0	0	0	0	0	1.99	inf
-3	1	-4	-5	-3	-4	-4	-1	-5	6	0	-4	3	-3	-5	-3	1	-5	-4	0	0	9	0	0	0	0	0	4	0	61	3	0	10	0	0	0	10	0	0	2	0.94	inf
-4	-1	-1	-4	-6	-2	-2	-4	-4	-6	-5	7	-4	-6	-4	-3	-1	-6	-5	-5	0	0	3	0	0	0	0	0	0	0	0	95	0	0	0	0	3	0	0	0	2.00	inf
-2	-4	-5	-5	-3	-1	-5	-5	-5	6	2	-3	-1	-2	-5	-4	-1	-5	-3	3	1	0	0	0	0	3	0	0	0	56	15	1	0	0	0	0	2	0	0	23	1.01	inf
0	-1	0	3	-3	1	2	0	0	-3	-3	1	-2	-4	1	1	1	-4	-3	-2	7	1	2	19	0	7	14	6	2	0	0	9	0	0	7	10	13	0	0	1	0.32	inf
-2	-5	-1	-4	-5	-3	-5	7	-5	-6	-6	-4	-5	-6	-5	-2	-4	-5	-6	-6	1	0	2	0	0	1	0	94	0	0	0	0	0	0	0	2	0	0	0	0	2.11	inf
-3	-5	-5	-5	-3	-4	-5	-4	-5	6	2	-4	-1	-2	-5	-4	-2	-4	-3	3	0	0	0	0	0	0	0	1	0	64	16	0	0	0	0	0	1	0	0	17	1.18	inf
-1	-3	0	-1	-3	-2	-2	-3	-3	-1	-2	-2	0	-4	2	2	5	-5	-4	-2	3	0	4	4	0	1	2	0	0	3	2	0	3	0	10	16	52	0	0	2	0.72	inf
2	2	0	-1	-3	1	2	-1	-1	-2	-2	3	-2	-2	0	0	-1	-3	-1	-1	23	12	4	0	0	7	14	2	1	1	3	20	0	1	3	3	1	0	2	3	0.26	inf
0	-1	-1	0	-3	1	2	-2	-1	2	-1	1	1	-2	-2	0	-1	-4	-2	1	9	1	2	6	0	6	18	1	1	22	2	8	3	0	1	5	2	0	0	11	0.16	inf
4	-3	-3	0	0	0	0	-3	-3	3	-1	-2	-1	-3	-3	-1	-1	-4	-2	1	42	0	0	5	1	4	6	0	0	22	3	1	1	0	0	2	3	0	1	9	0.40	inf
-3	-3	-5	-5	-3	-2	-4	-6	-5	1	5	-4	4	-1	-5	-4	-3	-4	-3	0	0	1	0	0	0	2	1	0	0	7	70	0	14	1	0	0	0	0	0	4	1.09	inf
1	0	1	3	-4	2	4	-1	-1	-4	-3	1	-3	-4	-3	0	-1	-4	-3	-3	12	3	7	17	0	11	29	4	1	1	1	10	0	0	0	3	2	0	0	0	0.48	inf
0	0	-2	-1	-5	6	3	-3	-1	-5	-5	1	-3	-5	-3	-1	-1	-5	-4	-4	9	3	0	1	0	51	22	1	1	0	0	8	0	0	0	2	3	0	0	0	1.07	inf
6	-1	-3	1	-3	-2	-1	-2	-4	-4	-3	1	-3	-5	-3	-1	-2	-5	-4	-3	76	2	0	7	0	1	3	0	0	0	2	8	0	0	0	1	0	0	0	0	1.06	inf
0	3	-2	0	-4	1	2	-3	-1	-3	-3	4	0	-4	-1	-1	0	-4	-2	-1	5	16	0	4	0	4	15	0	1	1	1	33	3	0	3	3	6	0	1	5	0.42	inf
3	-4	-3	-3	2	-3	-2	6	-4	-5	-5	-3	-4	-5	-4	-1	-3	-5	-5	-4	31	0	0	1	5	0	1	59	0	0	0	0	0	0	0	3	0	0	0	0	1.22	inf
-2	7	-3	-1	-3	-2	-3	-2	-3	-6	-5	0	-4	-5	-5	-3	0	-5	-4	-5	2	84	0	3	0	0	0	4	0	0	0	1	0	0	0	0	6	0	0	0	1.76	inf
-2	-1	-3	-2	-3	-2	-1	-4	-3	2	4	-2	4	2	-4	-3	-1	-3	-1	0	2	3	1	2	0	1	4	1	0	10	46	1	13	9	0	1	3	0	2	1	0.47	inf
-3	1	0	-2	-5	0	-1	-4	9	-5	-5	0	-3	1	-5	-3	-1	-4	2	-5	2	6	3	1	0	3	3	0	61	0	0	5	0	5	0	0	5	0	7	0	1.55	inf
-4	-6	-6	-6	-4	-6	-6	-7	-6	8	-1	-5	-2	-3	-6	-5	-2	-5	-4	1	0	0	0	0	0	0	0	0	0	94	1	0	0	0	0	0	1	0	0	4	2.00	inf
-4	-5	-6	-6	-4	-4	-5	-6	-5	1	6	-5	1	-2	-5	-4	-4	-4	1	-2	0	0	0	0	0	0	0	0	0	4	88	0	2	0	0	1	0	0	5	0	1.42	inf
-1	-2	2	4	-4	-1	2	3	-2	-5	-4	0	-4	-5	-3	1	-2	-5	-4	-4	3	0	11	24	0	1	17	28	0	0	1	6	0	0	0	9	0	0	0	0	0.60	inf
-2	-1	-1	-2	-4	1	3	-2	1	1	-1	3	-1	-3	-3	-2	-1	-4	-3	1	1	1	1	0	0	6	24	3	3	11	5	28	0	0	0	1	1	0	0	13	0.37	inf
-4	-4	-5	-3	-4	-4	-5	-6	-5	1	0	-4	10	0	-5	-3	-2	-4	-3	-1	0	0	0	2	0	0	0	0	0	6	4	0	79	3	0	2	2	0	0	2	2.12	inf
1	-1	3	1	-3	1	1	-2	1	-2	0	0	0	-3	0	0	0	-3	0	-2	14	1	19	7	0	5	13	1	3	1	13	6	2	0	4	3	5	0	3	1	0.17	inf
0	-1	0	0	-4	3	4	-3	-1	-4	-4	3	-3	-5	-2	0	-1	-4	-3	-2	9	1	3	4	0	12	36	1	1	0	1	23	0	0	1	4	2	0	0	3	0.60	inf
4	-3	-3	-4	2	-1	-2	-2	-2	-1	-2	-3	-2	-4	-3	0	2	-4	-3	3	43	0	0	0	5	3	2	1	1	2	0	0	0	0	0	4	16	0	0	25	0.57	inf
-2	-4	-5	-5	1	-3	-4	-5	-5	6	2	-2	1	-2	-2	-4	-3	-4	-3	2	2	0	0	0	4	1	1	0	0	58	20	3	2	0	2	0	0	0	0	9	0.91	inf
1	-1	0	2	1	0	1	0	-2	-3	-4	1	-3	-4	3	2	0	-4	-3	-3	13	2	2	11	4	3	7	6	0	1	0	8	0	0	16	22	5	0	0	0	0.35	inf
1	0	-1	0	-3	2	3	-1	-1	-2	-3	3	-2	-4	-1	0	0	-4	-3	-2	15	2	1	2	0	8	26	5	1	1	0	20	0	0	2	7	6	0	0	1	0.36	inf
2	-4	-4	-4	-4	-3	-3	-2	1	-1	-4	-3	-2	-5	7	1	-1	-5	-3	-2	18	0	0	0	0	0	0	2	4	5	0	0	1	0	55	10	3	0	0	1	1.29	inf
-2	7	1	0	-5	-1	-1	-4	-2	-3	-4	2	-3	-5	-2	-2	-3	-5	-4	-2	2	64	6	5	0	1	2	0	0	2	1	10	0	0	2	2	0	0	0	3	1.14	inf
1	-1	0	0	-3	0	2	0	-2	-1	-3	1	-2	-3	2	1	2	-4	-3	-1	14	1	3	5	0	3	16	8	0	4	0	10	0	0	9	11	14	0	0	4	0.23	inf
-1	-2	1	3	-3	1	4	-3	-1	-3	-2	-1	2	-1	-3	0	-1	-4	0	-3	4	0	6	15	1	3	42	0	1	1	3	1	7	3	0	5	2	0	4	1	0.51	inf
-2	-3	-3	-4	-3	-2	-2	-4	-4	3	4	-2	2	0	-2	0	-2	-3	-2	1	1	0	1	0	0	1	2	0	0	16	45	1	6	3	1	10	1	0	0	11	0.47	inf
0	-1	-1	1	-4	1	3	-2	-1	-4	-4	2	-3	-4	0	3	-1	-5	-3	-3	6	1	1	8	0	5	22	1	1	0	0	17	0	0	5	32	0	0	0	0	0.54	inf
-3	-3	1	-4	-4	-3	-3	-4	5	-3	-2	-2	-3	4	-3	-3	0	0	6	-2	1	1	9	0	0	0	0	0	18	1	3	2	0	19	1	1	5	0	38	3	1.02	inf
6	-4	-4	-4	-3	-3	-3	-2	-4	-3	-1	-3	-3	-4	-3	0	0	-5	-4	-1	80	0	0	0	0	0	0	0	0	0	5	1	0	0	0	5	6	0	0	4	1.19	inf
-3	-5	-5	-4	-6	-4	0	-5	-5	-4	-6	-4	-5	-7	8	-3	-2	-7	-6	-5	1	0	0	0	0	0	6	0	0	1	0	0	0	0	90	0	2	0	0	0	2.69	inf
-3	5	-1	1	-5	1	3	-4	0	-4	-4	3	-3	-5	-3	-1	-1	-5	-4	-4	0	38	1	6	0	5	25	0	2	0	1	15	0	0	0	2	3	0	0	1	0.79	inf
-2	-3	-3	-4	-3	-1	-3	-4	0	4	0	-3	2	0	-4	-1	2	-4	-2	2	0	0	0	0	0	3	0	0	3	38	5	0	5	4	0	5	19	0	1	17	0.53	inf
-2	-4	-5	-5	-3	-3	-4	-5	-4	5	1	-4	5	3	-5	-4	-1	-3	-1	1	2	0	0	0	0	0	0	0	0	41	10	0	23	12	0	0	2	0	1	7	0.87	inf
-2	1	1	-1	-2	4	0	-3	0	-3	-3	4	-2	-3	-3	1	1	-1	-3	-3	0	7	8	1	1	21	4	0	2	1	1	30	1	1	0	9	12	1	0	0	0.50	inf
-3	-5	-5	-6	-3	-5	-5	-6	-6	6	-1	-5	0	-2	-5	-4	-2	-5	-4	4	0	0	0	0	0	0	0	0	0	65	1	0	1	0	0	0	1	0	0	31	1.43	inf
-1	-2	3	3	-4	-1	-1	-3	1	-4	-4	1	-3	-3	5	-1	-1	-5	-4	-3	4	1	14	19	0	1	1	1	4	0	1	12	0	1	36	2	2	0	0	1	0.84	inf
-2	0	-3	-3	-4	0	-2	-3	-3	1	-3	1	-2	-4	5	-2	0	-5	-4	2	1	6	1	0	0	5	2	1	0	9	0	11	0	0	38	1	7	0	0	18	0.75	inf
-3	-1	3	6	-5	-1	3	-3	-3	-5	-5	-2	-5	-5	-4	0	-2	-6	-5	-5	1	3	13	52	0	1	23	0	0	0	0	1	0	0	0	5	0	0	0	0	1.17	inf
-2	0	-3	-3	-3	-1	-2	-4	-2	-3	0	6	-1	0	-4	-1	-3	-5	-4	-3	2	2	0	0	0	1	0	0	0	1	10	73	2	4	0	3	0	0	0	1	1.13	inf
-3	-6	-6	-4	-4	-5	-6	-6	-6	7	-1	-5	-2	-3	-5	-5	-3	-5	-4	2	1	0	0	1	0	0	0	0	0	86	0	0	0	0	0	0	0	0	0	12	1.76	inf
-1	5	-2	-3	-5	-2	-3	4	-2	-2	-4	2	-4	-5	-1	-1	-3	-5	-2	-3	3	39	1	0	0	0	0	37	1	3	0	10	0	0	2	2	0	0	1	2	0.85	inf
0	-1	0	5	-4	-1	3	-3	-2	-1	-1	1	0	-4	-3	-1	-1	-5	-4	-2	8	3	2	36	0	0	21	0	0	3	7	8	3	0	0	3	4	0	0	2	0.50	inf
-2	-5	-5	-5	-3	-4	-5	-6	-5	4	1	-3	-1	-3	-5	-4	-2	-5	-3	6	1	0	0	0	0	0	0	0	0	22	12	1	0	0	0	0	0	0	0	64	1.18	inf
-4	-6	-6	-4	-4	-6	-6	-7	-6	8	-1	-6	-2	-3	-6	-5	-3	-6	-4	0	0	0	0	1	0	0	0	0	0	97	0	0	0	0	0	0	1	0	0	1	2.08	inf
-3	-5	-3	-4	-5	-5	-5	7	-5	-7	-7	-4	-6	-6	-5	-3	-4	-5	-6	-6	0	0	0	0	0	0	0	100	0	0	0	0	0	0	0	0	0	0	0	0	2.37	inf
-1	0	-3	-3	-5	1	-2	-4	-3	-5	-5	4	-4	-5	6	1	0	-5	-4	-4	4	4	0	0	0	5	0	0	0	0	0	26	0	0	45	12	5	0	0	0	1.17	inf
-1	-3	0	-3	-3	-3	-4	6	-4	-6	-6	1	-5	-5	-4	-1	-2	-5	-5	-5	3	1	5	0	0	0	0	77	0	0	0	8	0	0	0	3	2	0	0	0	1.45	inf
-3	-5	-3	-4	-5	-5	-5	7	-5	-7	-7	-4	-6	-6	-5	-3	-4	-5	-6	-6	0	0	0	0	0	0	0	100	0	0	0	0	0	0	0	0	0	0	0	0	2.37	inf
1	1	-3	-3	-5	-1	1	-4	-3	-5	-5	6	-4	-5	-3	0	-3	-5	-4	-4	11	7	0	0	0	0	7	0	0	0	0	68	0	0	0	7	0	0	0	0	1.16	inf
-2	-3	2	-3	-3	0	-3	-4	-3	2	-1	-2	2	-3	-4	-2	4	-4	-3	3	0	0	13	0	0	4	0	0	0	10	2	2	7	0	0	0	34	0	0	27	0.59	inf
-4	-6	-6	-6	-4	-5	-6	-6	-6	7	-1	-5	-2	-3	-6	-5	-3	-5	-4	2	0	0	0	0	0	0	0	0	0	90	0	0	0	0	0	0	0	0	0	10	1.92	inf
-3	5	3	-1	-5	2	-2	-4	-2	-5	-5	4	-4	-5	-4	-2	-2	-5	-4	-5	0	41	18	1	0	11	0	0	0	0	0	26	0	0	0	0	1	0	0	0	1.06	inf
2	0	-1	0	-4	2	3	2	-2	-4	-4	2	-2	-4	-3	1	-2	-4	-3	-3	17	2	1	3	0	9	25	14	0	0	0	14	1	0	0	14	0	0	0	0	0.44	inf
-4	-5	-6	-6	-4	-5	-6	-6	-6	7	2	-5	0	-3	-5	-5	-3	-5	-4	0	0	0	0	0	0	0	0	0	0	81	16	0	1	0	0	0	0	0	0	1	1.65	inf
-2	-3	-3	-4	4	2	-3	-4	-4	4	-2	-3	-2	-3	-4	-1	4	-4	-2	2	0	0	0	0	10	11	0	0	0	26	0	0	0	0	0	4	29	0	1	18	0.62	inf
0	-2	-2	3	-5	0	6	-3	-3	-5	-5	0	-4	-5	-3	-1	-3	-5	-4	-5	9	0	0	17	0	1	63	0	0	0	0	5	0	0	0	3	0	0	0	0	1.20	inf
0	0	-2	2	-4	2	4	-3	-2	-4	-3	3	-3	-4	-3	-1	0	-4	-3	-2	9	4	0	9	0	7	40	0	0	0	1	20	0	0	0	1	6	0	1	2	0.61	inf
-2	-3	-2	-3	-3	-3	-3	-3	-1	-3	-3	-3	-2	-1	-3	3	6	-4	-1	-3	1	0	1	0	0	0	0	0	2	0	1	0	1	2	0	19	69	0	2	0	1.21	inf
-2	-3	2	-1	-4	-3	-3	6	-1	-5	-5	-2	-4	-4	-3	-1	-3	-4	-4	-4	1	0	9	3	0	0	1	75	1	0	1	2	0	0	0	3	1	0	0	1	1.36	inf
0	-1	-1	-1	1	-1	-1	-1	-2	0	-1	-1	-1	-2	-1	0	2	-2	-1	3	7	3	2	3	4	2	4	3	1	2	4	3	1	1	2	3	21	0	1	32	0.18	inf
3	-2	-2	-1	-1	-1	-1	-1	-2	0	-1	-1	-1	1	-1	0	1	-2	-1	1	37	1	1	2	1	1	3	3	1	6	2	1	1	7	1	6	12	0	1	13	0.22	inf
-1	2	0	0	-3	2	2	-2	-2	-1	-3	4	-2	-3	-2	0	0	-3	-3	-2	3	10	3	3	0	7	14	1	0	4	1	38	0	1	1	6	6	0	0	1	0.44	inf
-3	-5	-5	-4	1	-5	-5	-6	-6	7	0	-5	-1	-3	-5	-4	-3	-5	-4	3	0	0	0	1	3	0	0	0	0	71	2	0	0	0	0	0	0	0	0	23	1.43	inf
-2	0	2	6	-5	-1	2	-3	-3	-3	-4	0	-4	-5	-3	0	-1	-1	-2	-4	2	5	9	54	0	1	11	0	0	1	1	4	0	0	0	6	2	1	1	0	0.93	inf
-3	-5	-3	-4	-4	-5	-5	-6	-5	7	0	-2	0	-3	-5	-4	-1	-5	-4	2	1	0	1	1	0	0	0	0	0	78	2	3	1	0	0	0	3	0	0	10	1.41	inf
-2	-1	1	3	-5	1	5	-1	-2	-4	-4	0	-2	-3	-3	0	-2	-5	-4	-4	2	2	5	18	0	3	50	4	0	1	0	4	1	1	0	8	1	0	0	0	0.80	inf
-2	-3	0	6	-5	2	2	0	-3	-4	-4	-2	-4	-5	-1	-1	-3	-5	-4	-3	2	0	2	57	0	9	14	6	0	1	1	0	0	0	2	4	0	0	0	1	1.03	inf
-3	-3	0	7	-5	-1	2	-2	-3	-5	-5	-1	-4	-5	-3	0	-1	-5	-5	-4	0	0	3	66	0	1	12	2	0	0	1	2	0	0	0	7	3	0	0	1	1.27	inf
-2	-2	1	-2	-5	-2	-4	7	-4	-6	-6	-3	-5	-5	-4	-3	-4	-5	-5	-5	1	2	7	1	0	1	0	85	0	0	0	0	0	0	0	0	0	0	0	0	1.73	inf
-1	1	0	1	-3	-1	0	-3	-3	0	-1	1	-2	-3	-3	0	4	-4	-2	-1	3	8	3	8	0	1	5	0	0	4	6	10	0	0	0	4	43	0	1	4	0.41	inf
-2	-4	-2	-4	-2	-2	-4	-4	-4	4	0	0	-1	-3	-4	-3	-2	-4	-3	5	1	0	2	0	0	2	0	1	0	23	5	6	1	0	0	1	1	0	0	57	0.85	inf
-2	0	1	-2	-3	-1	-2	-2	-1	-2	-1	3	0	2	-3	1	2	-2	3	-2	1	4	9	0	0	1	0	2	1	0	3	26	2	11	0	9	16	0	12	2	0.30	inf
-3	-5	-3	-5	-3	-4	-5	-4	-5	6	1	-4	-1	-2	-5	-4	-2	-5	-3	3	1	0	2	0	0	0	0	1	0	66	9	1	0	1	0	0	2	0	0	17	1.14	inf
3	-2	-1	-2	0	-2	-2	0	-2	-1	-2	-2	0	1	1	2	0	-3	1	-1	33	0	2	1	1	0	1	6	0	2	1	0	3	8	8	21	5	0	6	3	0.29	inf
3	1	-1	-2	-1	0	-1	0	-1	-3	-3	0	-3	-4	-1	4	-1	-4	-3	-2	29	8	1	1	1	2	1	7	2	1	0	6	0	0	1	37	2	0	0	1	0.45	inf
1	-1	0	0	-2	0	1	-1	0	-1	-1	-1	-1	-3	1	2	2	-3	-2	0	10	2	3	3	0	4	13	3	3	3	5	2	0	0	7	20	14	0	0	8	0.16	inf
-2	-2	3	5	-4	-1	2	-1	-2	-2	-3	-1	-3	-4	-3	1	-1	-4	-3	-3	1	0	13	46	0	1	11	4	0	3	3	2	0	0	0	11	1	0	0	1	0.72	inf
2	-2	-1	-2	-3	-1	-2	5	-3	-2	-3	-1	-1	-3	0	0	-2	-3	-3	-1	16	1	2	1	0	2	2	54	0	1	1	2	2	0	4	4	1	0	0	5	0.67	inf
0	-1	1	0	-2	0	3	-2	2	0	0	0	3	-2	0	-1	0	-2	-2	-1	8	1	6	3	0	2	26	2	6	6	6	5	15	1	4	3	4	0	1	2	0.17	inf
1	-2	-2	0	-1	-1	-1	-2	-2	2	0	-1	0	-1	-2	0	0	-2	-2	3	14	1	1	5	0	2	4	2	0	13	3	3	3	1	1	9	2	0	1	33	0.14	inf
2	-1	-1	-1	-1	-1	-1	2	-2	-1	-2	0	-1	-2	3	0	0	-2	-2	-1	24	1	3	3	1	1	3	21	1	2	2	7	2	1	16	4	3	0	1	5	0.26	inf
-1	0	-1	1	-2	1	3	-2	-1	0	-1	1	-1	3	-2	-1	-1	-2	-1	-1	3	4	2	6	0	9	28	2	0	6	3	8	1	17	1	3	1	0	1	4	0.20	inf
1	-1	-2	-2	-2	-1	-1	-2	-2	2	0	1	0	-2	-2	-1	0	-2	-2	3	17	2	1	1	0	1	1	2	0	20	3	15	2	1	1	1	4	0	1	26	0.18	inf
2	-2	-3	-3	-2	-2	-2	-2	0	1	-1	-2	0	4	-3	-1	-1	-1	4	0	23	1	0	1	0	0	2	1	1	10	2	2	1	27	1	1	4	0	18	5	0.39	inf
0	0	0	-1	-2	0	0	-2	-1	1	0	1	1	-2	-1	0	0	-3	-2	1	10	4	6	1	0	2	9	2	1	11	7	12	7	0	3	6	2	0	0	16	0.06	inf
1	-1	-1	0	-3	-1	0	5	-3	-4	-2	-1	-3	-3	0	0	-1	-4	-3	-3	11	2	1	4	0	2	5	54	0	0	3	4	0	1	5	4	2	0	0	0	0.64	inf
1	1	1	-2	-3	-1	-1	-2	-2	0	-2	2	-1	-3	-3	-1	4	-2	-1	0	10	6	6	0	0	0	2	1	0	7	1	16	2	0	0	0	45	1	2	4	0.40	inf
-2	0	-2	-2	-3	1	-2	-4	-2	3	-1	3	-1	-2	-3	-2	-2	-4	-1	3	1	2	1	1	0	9	0	0	0	25	2	23	0	0	0	1	0	0	2	31	0.39	inf
-1	1	2	1	-4	0	4	-2	-1	-3	-2	2	0	-3	-2	-1	0	-4	-2	-2	2	6	12	8	0	2	37	2	0	1	2	15	4	0	0	1	4	0	1	3	0.41	inf
2	2	1	0	-3	0	1	-1	-2	-3	-3	2	-2	-3	-2	2	0	-4	-3	-2	20	13	8	4	0	3	8	3	0	1	1	13	1	0	0	25	2	0	0	0	0.30	inf
-3	-4	-5	-5	-3	-4	-5	-5	-5	6	1	-4	2	-1	-4	-4	-2	-4	-3	3	0	0	0	0	0	0	0	0	0	66	6	0	5	2	0	0	0	0	0	21	1.05	inf
2	-1	0	-1	-2	-1	0	0	-2	0	0	-1	1	-2	-2	0	1	-3	-2	1	28	2	3	2	0	1	9	7	0	3	12	3	7	0	0	2	10	0	0	10	0.12	inf
0	1	4	2	-3	0	0	-2	0	-3	-3	1	1	-4	2	-1	-1	-4	-3	-3	7	8	31	15	0	3	1	0	2	1	0	11	6	0	10	1	3	0	0	0	0.43	inf
2	-3	-3	-3	-2	-2	-1	-2	-2	1	-1	-2	-1	2	3	0	0	-2	2	0	28	0	0	0	0	0	5	0	0	10	2	0	0	13	14	5	6	0	8	8	0.27	inf
-1	1	-1	-2	-3	3	0	3	1	-3	-3	2	-2	-4	0	0	1	-3	-3	-2	3	6	0	0	0	16	3	29	3	0	1	21	0	0	4	3	9	0	0	3	0.38	inf
3	-2	-2	-2	-2	0	1	-2	1	-1	0	0	0	-2	-2	-1	-1	-3	-2	2	37	0	0	0	0	4	10	1	5	1	9	5	3	0	0	2	2	0	0	20	0.23	inf
-2	-3	-2	-4	-2	-2	-3	-4	-3	2	3	-2	2	5	-3	-3	-2	-1	0	1	0	0	2	0	0	2	1	0	0	11	31	2	6	32	0	0	1	0	0	8	0.46	inf
-1	-1	-3	-3	-2	-2	-3	0	-3	3	1	-1	0	-1	-1	-2	-1	-3	-2	3	1	3	0	0	0	0	0	7	0	25	16	3	1	0	2	2	1	0	0	36	0.32	inf
-2	-1	2	2	-4	2	5	-3	-1	-3	-3	0	-1	-4	-2	-1	-2	-4	-3	-3	0	0	12	7	0	7	60	0	0	2	2	4	1	0	0	3	0	0	0	0	0.79	inf
-2	-3	-3	-3	-2	-3	-2	-4	-1	2	1	-2	-1	4	-3	-3	-2	0	5	2	2	0	0	0	0	0	2	1	0	16	9	2	0	22	0	1	0	0	28	15	0.51	inf
-2	-2	-1	-2	-3	-1	-1	3	6	0	-2	-1	1	0	-3	-1	-2	-2	3	-2	1	0	0	0	0	0	3	26	29	7	2	5	5	4	0	2	0	0	15	0	0.50	inf
-1	-2	-2	-2	-2	-2	-3	-3	-3	2	3	-2	2	1	-1	-2	0	-2	-1	1	2	0	3	2	0	1	0	0	0	20	43	3	5	6	3	0	5	0	0	6	0.29	inf
0	-2	2	-1	0	-1	0	1	-2	0	0	-1	0	-2	-2	2	0	-3	-2	1	7	0	12	0	2	0	9	12	0	6	9	0	1	0	0	23	2	0	0	17	0.13	inf
-2	-1	0	-2	-4	0	-1	-3	6	-2	-2	1	-2	0	-3	-1	-1	2	5	-3	0	1	4	0	0	2	3	0	31	2	2	13	0	0	0	2	4	2	32	0	0.75	inf
-2	-3	-4	-4	-2	-3	-3	-4	-4	4	3	-3	1	-1	-4	-3	-2	-3	-2	3	0	0	0	0	0	0	1	0	0	31	42	0	2	0	0	0	0	0	0	22	0.63	inf
-1	0	-1	-2	-1	1	0	1	2	-3	-2	3	-2	-3	-2	3	-1	-3	1	-2	0	1	0	0	1	6	3	11	7	0	3	25	0	0	0	36	0	0	6	1	0.33	inf
-2	1	-1	0	-4	1	5	-3	2	-4	-3	2	-3	-4	-2	1	-1	-4	-3	-3	0	5	0	1	0	2	56	0	7	0	2	15	0	0	0	9	2	0	0	0	0.72	inf
-1	-3	-3	0	-2	-3	-3	0	-3	3	1	-2	1	-1	-3	-2	-1	-3	-2	3	4	0	0	6	0	0	0	10	0	29	15	2	2	0	0	0	0	0	0	31	0.31	inf
0	1	0	3	-3	2	3	-2	-1	-3	-3	1	-2	-4	-2	2	-1	-4	-3	-3	5	9	2	23	0	11	22	0	0	0	0	7	0	0	0	18	2	0	0	0	0.45	inf
-2	0	0	2	-3	4	2	-2	0	-1	-2	1	-2	-2	-2	-1	-1	4	-2	-1	0	3	3	11	0	30	17	1	1	4	0	8	0	2	0	3	3	8	0	6	0.39	inf
0	-1	-2	-2	-2	0	0	-3	-2	1	2	1	1	1	-2	-1	0	-2	-1	1	5	1	0	1	0	3	9	1	0	8	27	11	1	8	1	2	4	0	0	17	0.11	inf
-1	6	-2	-2	-4	0	1	-2	1	-4	-3	1	-3	-4	-3	-1	-2	-4	-3	-3	5	69	0	0	0	0	7	3	3	0	0	6	0	0	0	4	0	0	0	0	0.95	inf
-1	-2	-1	0	-2	-1	-1	-3	-2	2	2	-2	1	0	-3	-2	-1	2	-1	3	1	1	2	8	0	3	4	1	0	16	23	1	4	3	1	1	1	3	0	29	0.22	inf
-2	-1	-1	1	-4	0	5	-3	-2	-3	-2	3	-3	-4	-2	-1	-2	-4	-3	-2	0	0	2	3	0	0	66	0	0	0	4	19	0	0	0	0	0	0	0	3	0.84	inf
-1	4	0	-1	-3	1	-1	-2	0	-1	-1	2	-1	-2	-2	0	0	-3	-2	0	1	31	4	3	0	8	1	1	2	1	6	18	0	0	1	4	6	0	0	13	0.27	inf
-1	-2	-2	-1	-2	-2	-2	-3	-2	3	2	-2	1	1	-2	-2	0	-2	1	2	1	1	1	4	0	1	1	1	0	20	23	1	4	5	1	1	4	0	8	25	0.23	inf
1	-1	0	1	-3	3	3	-1	-1	-3	-2	0	-2	-3	0	0	0	-3	-2	-2	17	1	2	5	0	17	33	3	0	1	4	4	0	0	4	4	3	0	0	1	0.34	inf
0	-2	-2	-2	-2	-2	-2	-2	2	4	0	0	1	-1	-2	-1	1	-3	-1	2	5	1	0	1	0	0	1	3	7	42	3	7	4	0	1	3	9	0	0	13	0.21	inf
-1	-1	0	5	-3	-1	1	-1	-2	-2	-2	0	-1	-3	-1	1	0	-3	-3	-2	1	1	0	50	0	0	9	3	0	1	3	7	3	0	2	12	6	0	0	3	0.51	inf
0	1	-1	2	-3	1	4	-2	-1	-3	-3	1	-2	-4	-2	0	-1	-3	-3	-2	7	8	0	13	0	5	46	0	0	0	0	9	0	0	0	7	0	0	0	3	0.51	inf
-1	1	-1	1	-3	4	2	0	-1	-1	-2	1	-1	-3	-2	0	0	-3	-2	1	0	9	0	6	0	31	12	6	0	2	0	6	0	0	0	3	4	0	0	18	0.27	inf
-1	-1	-2	-3	-2	-2	-3	1	0	0	3	-2	1	1	-3	-2	0	-2	-1	2	0	4	0	0	0	0	0	17	3	0	38	0	2	8	0	0	7	0	0	18	0.20	inf
-1	4	-1	-1	-3	0	1	-1	-1	-1	0	2	-1	-3	-2	-1	-1	-3	-2	0	4	39	0	2	0	0	8	5	0	3	9	17	0	0	0	0	2	0	0	9	0.32	inf
1	-1	-1	0	-2	3	1	-2	0	-1	-1	1	0	-2	-2	0	0	-3	-2	1	18	0	0	4	0	27	9	0	1	2	6	7	3	0	0	6	2	0	0	12	0.19	inf
-1	-3	-1	-1	-2	-2	-3	-1	-3	4	1	-2	0	-1	1	-2	-1	-3	-2	2	0	0	5	3	0	0	0	5	0	40	12	3	0	0	8	0	0	0	0	22	0.28	inf
0	1	-1	2	-3	0	-1	4	-2	-2	-3	1	-3	-4	-2	0	-2	-4	-3	-3	8	13	0	19	0	4	0	43	0	3	0	8	0	0	0	3	0	0	0	0	0.49	inf
1	0	-1	0	-2	0	1	-2	-1	0	0	1	1	-1	-2	2	1	-3	-2	0	12	3	0	6	0	0	10	0	0	4	6	13	7	3	0	21	6	0	0	6	0.09	inf
-1	4	-1	-1	-3	1	0	-1	-1	0	-1	2	-1	0	-2	0	-1	-3	-1	1	4	34	0	4	0	9	3	3	0	6	0	11	0	6	0	4	0	0	0	14	0.22	inf
0	1	0	0	-3	-1	-1	1	-2	-3	-1	0	-2	-3	4	1	0	-4	-3	-2	3	10	5	7	0	0	0	16	0	0	7	7	0	0	30	13	2	0	0	0	0.45	inf
0	2	-2	-3	-2	-1	-2	-1	-1	1	0	0	1	1	-3	-1	-1	-1	3	0	10	18	0	0	0	0	0	4	0	15	5	8	4	6	0	3	0	0	19	7	0.14	inf
0	0	0	2	-2	0	0	0	-2	-1	-1	-1	-1	-3	0	2	2	-3	-2	-1	3	4	3	20	0	4	0	7	0	5	7	0	0	0	4	24	15	0	0	3	0.18	inf
0	-2	3	1	-2	0	0	3	-1	-1	-2	-1	0	-1	-2	0	0	-3	-2	0	3	0	21	6	0	4	3	27	0	3	0	0	3	3	0	6	6	0	0	15	0.21	inf
-2	4	-1	1	-3	0	0	-3	-1	0	-2	3	-2	-3	-2	0	0	-4	-3	-2	0	40	0	12	0	0	4	0	0	10	0	26	0	0	0	4	4	0	0	0	0.47	inf
0	0	0	0	-2	0	0	3	-1	0	-1	-1	-1	0	-2	0	-1	-2	1	0	3	9	3	7	0	4	7	30	0	8	7	0	0	4	0	4	0	0	6	8	0.13	inf
-1	2	-1	-1	-3	0	1	1	0	-1	-1	1	-1	0	0	0	1	-3	-1	0	0	20	0	0	0	0	9	10	2	3	3	14	0	7	5	8	10	0	0	10	0.12	inf
0	0	-1	2	-3	0	2	2	-2	-2	0	1	-1	-3	-2	0	-1	-3	-2	-2	7	4	0	12	0	0	23	18	0	0	17	9	0	0	0	9	0	0	0	0	0.20	inf
-1	2	0	-2	-2	1	-1	-2	-1	-1	-2	2	1	-3	0	2	-1	-3	-2	1	0	18	3	0	0	6	0	0	0	0	0	23	6	0	4	22	0	0	0	18	0.24	inf
-1	3	0	1	-3	0	1	0	-1	-2	0	1	-1	-3	-2	1	1	-3	-2	-2	3	30	3	8	0	0	13	7	0	0	11	4	0	0	0	9	9	0	0	0	0.21	inf
-1	1	-1	-1	-3	0	2	3	2	-3	-2	1	-2	-3	-2	0	-1	-3	-2	-3	1	8	0	0	0	0	19	34	6	0	5	14	0	0	0	8	2	0	0	0	0.32	inf
0	0	-2	-2	2	-1	0	-2	-2	1	0	-1	0	-2	3	0	0	-3	-2	0	7	5	1	1	7	0	9	1	0	16	9	1	4	0	21	7	6	0	0	5	0.22	inf
0	0	2	-1	-2	-1	-1	3	1	-1	-1	0	-1	-2	1	0	0	-2	-2	-2	5	7	14	1	0	1	1	31	5	4	10	7	0	1	8	1	4	0	0	1	0.20	inf
0	-1	-1	-2	-2	-1	-2	1	-1	0	1	0	-1	1	-2	-1	-1	0	4	-1	12	1	3	1	0	1	1	12	0	4	18	8	0	5	1	1	3	0	29	1	0.18	inf
2	-1	0	0	-1	-1	-1	0	-2	0	0	0	-1	-2	0	1	2	-2	-2	-1	23	1	5	5	0	1	1	7	0	6	12	4	0	1	5	5	23	0	0	1	0.12	inf
-1	0	1	-1	1	-1	0	0	-2	0	-1	0	-1	-2	2	1	-1	-3	-2	0	1	5	10	0	5	0	6	7	0	8	8	7	0	0	13	20	0	0	0	7	0.14	inf
1	1	-1	1	-2	0	2	1	-1	-3	-3	1	-2	-3	3	1	-1	-3	-2	-2	14	9	1	7	0	1	15	13	0	1	1	11	0	1	15	9	1	0	0	1	0.28	inf
0	1	0	-1	-2	0	0	0	-1	1	-1	1	-1	-1	-1	0	-1	-1	2	0	9	8	6	1	0	1	8	8	1	12	2	12	1	1	1	7	1	0	12	7	0.05	inf
1	1	1	-1	-2	-1	0	4	-2	-2	-1	1	-2	-3	-2	-1	-1	-2	-2	-2	14	8	6	1	0	1	7	39	0	1	6	10	0	1	1	1	1	0	1	1	0.34	inf
0	-1	-1	1	-2	1	0	-2	-2	-2	-2	1	-2	-2	4	1	1	-3	1	0	6	0	0	8	0	6	4	1	0	0	1	8	0	0	25	11	14	0	7	7	0.37	inf
-1	-1	3	2	-3	0	1	1	1	-2	-3	1	-2	0	-2	0	0	-3	-2	-1	1	0	21	11	0	3	12	10	4	0	1	15	0	5	0	5	4	0	0	6	0.24	inf
0	0	1	1	-2	1	1	0	1	-2	0	-1	-1	-3	0	2	-1	-3	-2	-2	6	6	5	10	0	7	7	8	4	0	14	0	0	0	4	26	0	0	0	0	0.16	inf
-1	1	-1	2	-3	0	3	0	-2	-3	-3	0	1	-3	-2	1	2	-3	-3	-2	1	7	0	12	0	0	33	6	0	0	1	5	5	0	0	13	16	0	0	0	0.37	inf
0	-2	-2	0	-2	0	-2	-2	-2	1	1	-2	3	-2	3	0	0	-3	-2	0	5	0	0	6	0	4	1	1	0	10	18	1	14	0	17	11	7	0	0	3	0.24	inf
-1	1	0	0	-2	-1	0	1	-2	-1	-2	1	-2	-3	1	3	0	-3	-2	-1	0	10	4	5	0	0	3	11	0	3	4	10	0	0	7	33	3	0	0	5	0.21	inf
-2	1	4	1	2	-1	1	1	3	-4	-4	0	-3	-3	0	0	0	-3	0	-3	0	9	28	5	5	0	11	10	9	0	0	4	0	0	4	6	4	0	5	0	0.33	inf
2	-3	1	-2	-2	-2	-2	1	-2	0	-2	-2	-2	0	4	1	0	-3	-2	-2	24	0	8	0	0	0	0	11	0	9	0	0	0	7	27	10	5	0	0	0	0.46	inf
0	0	-1	1	-2	-1	1	0	-2	-2	-1	0	-2	0	0	2	1	-3	-2	-2	7	5	0	6	0	0	13	6	0	0	6	5	0	7	5	30	12	0	0	0	0.20	inf
-2	1	-1	-1	-4	3	3	0	-2	-3	-2	2	-2	-4	3	0	0	-4	-3	-3	0	5	0	0	0	14	32	6	0	0	3	16	0	0	14	4	5	0	0	0	0.48	inf
0	0	-1	1	-3	0	-1	2	-2	-1	-1	0	-2	-3	1	1	2	-3	-3	-2	3	6	0	8	0	4	0	23	0	4	9	5	0	0	8	9	20	0	0	0	0.22	inf
-1	1	0	1	-4	2	4	0	-1	-4	-4	3	-3	-4	1	-1	-2	-4	-3	-3	4	5	5	5	0	6	38	5	0	0	0	27	0	0	5	0	0	0	0	0	0.57	inf
-1	3	2	2	-3	-1	1	-1	-2	-3	-3	0	-2	-4	-2	2	2	-4	-3	-1	0	20	12	10	0	0	11	4	0	0	0	0	0	0	0	25	14	0	0	4	0.36	inf
-1	0	2	2	-3	0	3	1	-2	-3	-3	-1	-3	-4	3	1	-1	-4	-3	-1	0	5	13	10	0	0	26	12	0	0	0	0	0	0	14	14	0	0	0	5	0.40	inf
0	4	1	-2	-3	-1	-1	0	1	-3	-1	2	-2	0	2	-1	-2	-3	-2	-1	7	41	7	0	0	0	0	6	5	0	5	10	0	6	10	0	0	0	0	4	0.38	inf
-2	4	1	-1	-3	0	0	-3	-1	-1	-2	3	-2	-3	1	-1	-1	-3	-2	0	0	31	10	0	0	0	6	0	0	5	1	27	0	0	6	0	0	0	0	12	0.40	inf
-1	1	1	3	-3	1	3	-2	-1	-3	-3	1	-2	-3	3	-1	-1	-3	-2	-3	1	10	7	19	0	7	22	1	0	1	1	10	0	1	13	1	3	0	0	1	0.41	inf
-1	1	0	2	-3	2	2	1	-1	-3	-3	1	-2	-3	1	0	-1	-3	-2	-2	1	6	1	16	0	12	18	15	0	1	2	11	0	1	7	7	1	0	1	1	0.29	inf
0	0	-1	-1	-2	0	0	2	-1	0	0	-1	1	-1	2	-1	-1	-1	1	-1	7	8	1	1	0	4	8	18	1	6	14	1	5	1	11	2	1	0	7	2	0.10	inf
-1	1	2	1	-2	0	1	1	0	-2	-2	1	-2	-1	-1	1	0	-2	1	-2	2	6	15	7	1	1	8	13	1	1	2	13	1	1	1	16	2	0	8	2	0.16	inf
-1	1	2	4	-2	1	0	-1	2	-2	-2	0	-2	-2	1	0	0	-2	-2	-2	2	7	12	35	1	8	2	2	8	1	2	2	1	1	8	2	5	0	1	2	0.36	inf
-1	1	2	0	-2	0	0	0	0	-1	-1	0	1	-1	-1	0	-1	5	1	-1	3	8	20	2	1	1	9	9	1	2	3	2	6	1	2	5	2	10	7	7	0.16	inf
0	-1	2	1	-1	0	1	1	-1	-1	0	-1	-1	-2	-1	1	0	-2	-1	0	7	1	16	8	1	1	9	9	1	1	9	2	1	1	1	18	2	0	1	13	0.10	inf
-1	3	2	-1	-2	0	-1	-2	-1	-1	0	1	-1	-2	1	-1	-1	-2	-1	0	2	30	14	1	1	1	2	2	1	1	12	8	1	1	8	2	2	0	1	11	0.19	inf
1	2	1	1	-2	0	-1	0	2	-1	-1	0	-1	-2	-1	0	-1	-2	-1	0	17	21	11	8	1	1	2	8	7	1	8	2	1	1	1	2	2	0	1	7	0.10	inf
0	-2	0	2	-2	-1	-1	4	-2	-3	-3	-1	-2	-3	1	0	0	-2	-2	-2	8	1	5	14	0	1	1	43	0	1	2	1	0	1	8	5	6	0	1	1	0.42	inf
-1	2	-1	0	-3	1	3	-2	-1	-3	-3	2	-2	-3	3	1	-1	-3	-2	-2	1	13	1	1	0	7	29	1	0	1	1	13	0	1	17	11	1	0	0	1	0.43	inf
-1	-1	1	4	-4	1	2	2	2	-4	-4	1	-3	-4	-2	-1	-2	-4	-3	-3	0	0	3	31	0	6	16	24	6	0	0	12	0	0	0	0	0	0	0	0	0.49	inf
-2	-2	2	5	-4	0	3	-2	-2	-3	-3	-1	-3	-4	-2	-1	-2	-4	-3	-1	0	0	10	50	0	0	29	0	0	0	0	0	0	0	0	0	0	0	0	7	0.79	inf
-1	5	0	-2	-3	0	-1	-2	1	-4	-3	2	-2	-2	-3	2	-1	-3	1	-3	0	50	5	0	0	0	0	0	4	0	0	14	0	0	0	20	0	0	8	0	0.61	inf
-1	1	1	3	-3	2	3	1	-1	-3	-3	1	-2	-3	-2	0	-1	-3	-3	-1	0	7	8	17	0	11	25	13	0	0	0	7	0	0	0	5	0	0	0	8	0.33	inf
-1	-1	2	-1	-3	-1	2	0	-2	-4	-4	1	-3	-4	5	1	0	-4	-3	-3	0	0	12	0	0	0	17	8	0	0	0	9	0	0	35	18	2	0	0	0	0.67	inf
-2	3	-2	-2	-4	0	2	-3	-1	-2	-3	0	-2	-2	5	-2	-2	-2	2	0	0	28	0	0	0	0	21	0	0	0	0	0	0	0	30	0	0	0	13	9	0.62	inf
-1	1	-1	-1	-3	3	1	-3	4	0	-2	0	-1	-2	1	1	-1	-2	2	-2	0	11	0	0	0	25	9	0	18	9	0	0	0	0	7	10	3	0	8	0	0.33	inf
0	4	1	1	-3	3	1	0	-1	-4	-3	1	-2	-4	-2	-1	-1	-3	-2	-3	8	35	8	6	0	23	7	8	0	0	0	4	0	0	0	0	0	0	0	0	0.45	inf
-2	5	1	1	-3	0	0	1	-1	-3	-3	0	-2	-4	-3	-1	2	-4	-3	-3	0	50	8	11	0	0	3	10	0	0	0	0	0	0	0	0	16	0	0	0	0.53	inf
0	1	0	5	-3	-1	1	1	-2	-4	-4	-1	-3	-4	-2	1	-1	-4	-3	-3	8	8	0	56	0	0	6	10	0	0	0	0	0	0	0	12	0	0	0	0	0.65	inf
0	1	1	1	-2	1	1	1	-1	-2	-2	0	-2	1	-2	2	0	-2	-1	-2	6	9	5	11	0	8	12	9	0	0	1	0	0	9	0	26	4	0	0	0	0.19	inf
-1	2	1	-1	-2	1	0	1	-1	-3	-3	2	-2	-3	1	2	0	-3	-2	-2	1	16	5	0	0	8	0	9	0	0	1	20	0	0	8	28	0	0	0	0	0.32	inf
-1	4	-1	-2	-3	0	-1	0	-1	-2	-2	4	-2	-3	-2	-1	-1	-3	-2	0	1	40	0	0	0	0	0	9	0	0	1	35	0	0	0	1	0	0	0	10	0.49	inf
-2	5	-1	-2	-4	0	-1	2	-1	-4	-3	4	-2	-4	-2	-1	-2	-4	-3	-3	0	47	0	0	0	0	0	17	0	0	0	35	0	0	0	0	0	0	0	0	0.73	inf
-2	5	-2	-2	-4	0	1	-3	-1	-2	-3	0	-2	-2	4	-2	-2	-3	1	0	0	46	0	0	0	0	9	0	0	0	0	0	0	0	28	0	0	0	9	9	0.68	inf
-1	3	1	-1	-3	-1	0	3	-1	-3	-3	0	-2	-3	2	0	1	-3	-3	-2	0	23	10	0	0	0	6	30	0	0	0	0	0	0	12	0	18	0	0	0	0.39	inf
-1	-2	-1	2	-3	-1	1	4	-2	-2	0	-2	-2	-3	-2	-1	-2	-3	-3	-2	0	0	0	20	0	0	10	52	0	0	17	0	0	0	0	0	0	0	0	0	0.50	inf
-1	3	1	1	-3	0	-1	2	-1	-3	-3	0	-2	-3	0	1	0	-3	-3	-3	0	34	9	11	0	0	0	20	0	0	0	0	0	0	4	19	4	0	0	0	0.35	inf
1	3	-1	-2	-3	0	-1	3	2	-3	-3	1	-2	-2	0	-1	-1	-2	1	-3	12	23	0	0	0	0	0	32	6	0	0	12	0	0	5	0	0	0	9	0	0.33	inf
-1	3	0	1	-3	0	-1	4	3	-4	-3	1	-2	-3	-2	-1	-2	-3	-2	-3	0	23	0	10	0	0	0	39	15	0	0	12	0	0	0	0	0	0	0	0	0.48	inf
1	2	0	-1	-2	0	0	1	-1	-3	-3	3	-2	-3	-2	2	0	-3	-2	-2	14	17	0	0	0	0	0	13	0	0	0	34	0	0	0	22	0	0	0	0	0.32	inf
-1	-2	1	1	-2	-1	-1	3	3	-1	0	-1	-1	-2	-2	-1	-1	-3	-1	0	1	0	10	13	0	0	0	35	13	0	15	0	0	0	0	1	0	0	0	9	0.23	inf
-1	2	2	-1	-3	-1	-1	-2	-1	-2	0	0	-1	-3	5	1	-1	-3	-2	-2	0	17	21	0	0	0	0	0	0	0	14	0	0	0	36	12	0	0	0	0	0.57	inf
-1	1	2	1	-3	-1	-1	0	-2	-3	-3	-1	-2	-4	5	0	1	-4	-3	-2	3	12	14	9	0	0	0	9	0	0	0	0	0	0	41	0	13	0	0	0	0.69	inf
-1	-2	-1	2	-3	-2	-1	2	-2	-2	-2	-1	-2	-3	4	-1	0	-4	-3	0	0	0	0	22	0	0	0	25	0	0	0	0	0	0	30	0	10	0	0	13	0.53	inf
1	3	-1	-1	-2	2	2	-1	-1	-2	-2	1	-1	-3	-2	1	0	-3	-2	-1	22	31	0	0	0	10	15	0	0	0	0	0	0	0	0	14	0	0	0	7	0.28	inf
1	-2	-1	-2	-2	-1	-1	1	-1	-3	-3	-1	-2	-1	5	1	-1	-2	2	-2	16	0	0	0	0	0	0	14	0	0	0	0	0	0	41	15	0	0	14	0	0.69	inf
-1	5	2	-1	-3	0	-1	-2	-1	-3	-3	1	-2	-3	-2	1	-1	-3	-2	-3	0	69	16	0	0	0	0	0	0	0	0	0	0	0	0	15	0	0	0	0	0.65	inf
0	-2	0	2	-3	-1	-1	4	-2	-3	-4	-1	-3	-4	4	1	-1	-3	-3	-3	0	0	0	15	0	0	0	44	0	0	0	0	0	0	23	17	0	0	0	0	0.65	inf
1	-2	0	1	-2	-1	-1	4	-2	-2	-3	-1	-2	-3	-2	0	2	-3	-3	-2	16	0	0	10	0	0	0	46	0	0	0	0	0	0	0	0	28	0	0	0	0.46	inf
-1	-2	1	-1	-3	-1	-1	1	-2	-3	-3	-1	-3	-4	6	1	-1	-4	-3	-3	0	0	10	0	0	0	0	14	0	0	0	0	0	0	59	17	0	0	0	0	1.11	inf
-1	4	-1	-1	-3	2	0	1	-1	-3	-3	3	-2	-3	-2	-1	-1	-3	-2	-3	0	37	0	0	0	16	0	14	0	0	0	33	0	0	0	0	0	0	0	0	0.50	inf
-1	-2	-1	2	-3	0	-1	4	-1	-2	-2	-2	-2	2	-2	-1	-2	-1	2	-2	0	0	0	16	0	5	0	44	0	0	0	0	0	18	0	0	0	0	13	0	0.38	inf
1	0	2	-1	-2	0	-1	3	-1	-3	-3	-1	-2	-3	3	0	-1	-3	-3	-2	17	7	15	0	0	7	0	36	0	0	0	0	0	0	18	0	0	0	0	0	0.45	inf
1	1	3	0	-2	0	-1	2	-1	-3	-3	1	-2	-3	-2	1	0	-3	-2	-2	18	7	26	0	0	0	0	17	0	0	0	16	0	0	0	15	0	0	0	0	0.29	inf
0	-1	3	0	-2	-1	-1	2	-1	-1	-2	-1	-1	-3	-2	2	0	-3	-2	0	0	0	27	0	0	0	0	17	0	0	0	0	0	0	0	38	0	0	0	18	0.28	inf
0	0	0	2	-2	-1	0	-1	-1	-2	-3	0	-2	-3	3	3	2	-3	-2	-2	0	7	0	20	0	0	0	0	0	0	0	0	0	0	17	38	18	0	0	0	0.42	inf
0	0	-1	-1	-2	-1	0	1	-2	2	-1	-1	-1	-2	-2	1	2	-3	-2	0	0	7	0	0	0	0	7	17	0	31	0	0	0	0	0	20	18	0	0	0	0.12	inf
0	0	2	0	-2	0	1	-1	-1	-3	-3	2	-2	-3	-1	3	1	-3	-2	-2	0	0	17	0	0	0	7	0	0	0	0	18	0	0	0	51	7	0	0	0	0.37	inf
0	-1	3	0	-2	0	0	-1	-1	-3	-3	1	-2	-3	-1	4	1	-3	-2	-2	0	0	17	0	0	0	0	0	0	0	0	7	0	0	0	69	7	0	0	0	0.46	inf
1	2	-1	-2	-2	2	0	-2	-1	0	-1	1	0	-2	-2	-1	-1	-3	-2	2	13	19	0	0	0	21	0	0	0	0	0	13	0	0	0	0	0	0	0	35	0.18	inf
0	3	-2	-2	-2	-1	-1	-2	-2	-1	2	0	0	-1	3	-1	-1	-3	-2	-1	13	32	0	0	0	0	0	0	0	0	35	0	0	0	21	0	0	0	0	0	0.32	inf
-1	2	-1	-1	-2	0	0	2	-1	-2	-2	3	1	-3	-2	0	2	-3	-2	-2	0	13	0	0	0	0	0	19	0	0	0	35	10	0	0	0	23	0	0	0	0.24	inf
1	-2	0	3	-2	-1	0	2	-2	-2	-3	-1	-2	-3	-1	1	1	-3	-3	-2	21	0	0	35	0	0	0	19	0	0	0	0	0	0	0	13	13	0	0	0	0.35	inf
-1	-1	-1	1	-2	2	0	-2	-1	1	-1	-1	-1	-3	5	1	-1	-3	-2	-1	0	0	0	13	0	21	0	0	0	19	0	0	0	0	35	13	0	0	0	0	0.52	inf
-2	-2	3	5	-4	-1	1	1	-1	-4	-4	-1	-3	-4	-2	0	-1	-4	-3	-3	0	0	19	68	0	0	0	13	0	0	0	0	0	0	0	0	0	0	0	0	0.76	inf
0	2	0	-1	-2	0	-1	1	-1	-3	-3	0	-2	-3	-1	4	1	-3	-2	-2	0	19	0	0	0	0	0	13	0	0	0	0	0	0	0	68	0	0	0	0	0.41	inf
-1	2	4	0	-2	0	-1	2	-1	-2	-1	0	-1	-2	-2	1	-1	-3	-2	-2	0	19	35	0	0	0	0	21	0	0	13	0	0	0	0	13	0	0	0	0	0.28	inf
-1	-2	-2	-2	-3	1	-1	-3	-2	-2	0	-1	-1	-3	7	-1	-1	-3	-3	-2	0	0	0	0	0	13	0	0	0	0	13	0	0	0	75	0	0	0	0	0	1.42	inf
-1	-1	-1	-1	-2	1	-1	-2	0	0	-1	-1	-1	1	-1	1	0	0	4	0	1	1	1	1	0	13	1	1	0	14	2	1	0	1	1	22	1	0	36	1	0.20	inf
0	1	0	2	-2	0	0	-1	-1	0	-1	0	-1	-2	-1	2	0	-2	-2	-1	1	14	1	22	0	1	1	1	0	14	2	1	0	1	1	36	1	0	1	1	0.17	inf
-1	1	-2	-2	-1	-1	-2	-3	-2	2	3	-1	1	0	-2	-2	-1	-2	-1	1	1	14	1	1	0	1	1	1	0	14	58	1	0	1	1	1	1	0	1	1	0.20	inf
-1	-2	-2	1	-1	-1	-1	-2	-2	1	3	-2	1	0	-2	-2	-1	-2	-1	0	1	1	1	14	0	1	1	1	0	1	70	1	0	1	1	1	1	0	1	1	0.23	inf
-1	-2	0	4	3	-1	0	-1	-1	-2	-2	-1	-2	-3	4	0	-1	-3	-2	-2	1	1	1	49	13	1	1	1	0	1	2	1	0	1	22	1	1	0	1	1	0.55	inf
-1	0	5	1	-2	0	0	-1	0	-2	-2	0	-1	-2	-1	1	2	-2	-1	-1	2	2	54	2	1	1	2	2	1	2	3	2	1	1	2	2	17	0	1	2	0.34	inf
0	-1	2	-1	3	-1	-1	-1	-1	-2	-2	-1	-2	-3	3	2	2	-3	-2	-2	0	0	13	0	13	0	0	0	0	0	0	0	0	0	19	36	20	0	0	0	0.43	inf
-1	2	2	1	-4	1	5	-2	0	-4	-3	1	-2	-3	-2	0	-1	-3	-2	-3	0	19	13	0	0	0	68	0	0	0	0	0	0	0	0	0	0	0	0	0	0.62	inf
-1	1	3	0	-3	0	-1	-1	-1	-3	-3	0	-2	-3	5	1	0	-4	-3	-3	0	13	32	0	0	0	0	0	0	0	0	0	0	0	36	20	0	0	0	0	0.69	inf
-1	-1	0	4	-3	3	3	-2	-1	-3	-3	0	-2	-3	-1	1	-1	-3	-2	-3	0	0	0	39	0	21	28	0	0	0	0	0	0	0	0	13	0	0	0	0	0.56	inf
-1	2	-1	-1	-3	4	0	-2	-1	-2	-2	0	-1	-3	5	-1	-1	-3	-2	0	0	13	0	0	0	39	0	0	0	0	0	0	0	0	36	0	0	0	0	13	0.66	inf
-1	-1	-1	-1	-2	2	0	-2	3	-3	-3	0	-2	-3	5	1	2	-3	-1	-2	0	0	0	0	0	19	0	0	13	0	0	0	0	0	36	13	20	0	0	0	0.63	inf
2	-2	2	-1	-1	-1	-1	-1	-2	0	-1	-1	-1	-2	-2	0	1	-3	-2	2	40	0	19	0	0	0	0	0	0	0	0	0	0	0	0	0	13	0	0	28	0.19	inf
-1	-1	0	4	-3	0	2	2	3	-3	-3	1	-3	-3	-2	0	-1	-3	-2	-3	0	0	0	35	0	0	21	19	13	0	0	13	0	0	0	0	0	0	0	0	0.44	inf
0	2	0	-1	-2	-1	-1	2	-2	-2	-2	0	-1	-3	-2	2	3	-3	-2	-1	0	19	0	0	0	0	0	21	0	0	0	0	0	0	0	15	45	0	0	0	0.33	inf
-1	-1	0	4	-3	1	3	-2	-1	-2	-1	1	-1	-3	-2	-1	-1	-3	-2	-2	0	0	0	39	0	0	36	0	0	0	13	13	0	0	0	0	0	0	0	0	0.46	inf
1	-1	-1	-2	-2	1	-1	2	-1	-2	-2	-1	-1	-1	3	0	1	-1	3	-2	20	0	0	0	0	13	0	21	0	0	0	0	0	0	15	0	13	0	19	0	0.28	inf
0	-1	2	-1	-2	2	0	1	-1	-2	0	0	-1	-2	-2	2	2	-3	-2	-1	0	0	13	0	0	19	0	15	0	0	13	0	0	0	0	20	21	0	0	0	0.19	inf
0	0	0	0	-3	2	4	-2	4	-3	-3	0	-2	-3	-2	0	-1	-3	-1	-2	13	0	0	0	0	13	56	0	19	0	0	0	0	0	0	0	0	0	0	0	0.52	inf
0	-1	2	-1	-2	0	-1	-1	4	-2	-3	-1	-2	-3	3	2	2	-3	-1	-2	0	0	13	0	0	0	0	0	19	0	0	0	0	0	15	32	21	0	0	0	0.39	inf
0	-1	2	-1	-2	-1	-1	-2	4	-1	-2	-1	-2	-3	5	0	-1	-3	-1	0	13	0	19	0	0	0	0	0	20	0	0	0	0	0	36	0	0	0	0	13	0.58	inf
-1	-1	0	-1	-3	0	1	-2	6	-3	-3	-1	-2	-3	5	1	-1	-3	0	-3	0	0	0	0	0	0	13	0	39	0	0	0	0	0	36	13	0	0	0	0	0.79	inf
1	-1	0	0	-2	0	2	1	-1	-1	-2	-1	-1	-2	-1	1	2	-3	-2	0	15	0	5	0	0	0	21	13	0	0	0	0	0	0	0	14	19	0	0	13	0.18	inf
2	-1	0	1	-1	-1	0	-1	-2	-2	-2	-1	-1	-3	-1	2	3	-3	-2	-1	21	0	0	13	0	0	0	0	0	0	0	0	0	0	0	28	39	0	0	0	0.33	inf
1	1	2	0	-2	0	2	1	-1	-3	-3	0	-2	-3	-2	2	0	-3	-2	-2	15	13	20	0	0	0	19	13	0	0	0	0	0	0	0	21	0	0	0	0	0.27	inf
-1	5	-1	-1	-3	1	2	-2	-1	-2	0	1	-1	-2	-2	1	-1	-3	-2	-2	0	56	0	0	0	0	19	0	0	0	13	0	0	0	0	13	0	0	0	0	0.41	inf
1	5	-1	-2	-2	0	-1	-2	-1	-1	-1	1	-1	-2	-2	-1	-1	-3	-2	1	21	60	0	0	0	0	0	0	0	0	0	0	0	0	0	0	0	0	0	19	0.39	inf
-1	4	-1	-2	-2	0	-1	-3	-1	0	0	1	0	-2	-2	-1	1	-3	-2	1	0	54	0	0	0	0	0	0	0	0	13	0	0	0	0	0	13	0	0	21	0.31	inf
-1	4	-1	0	-4	1	3	1	-1	-3	-3	1	-2	-3	-2	-1	-1	-3	-2	-3	0	48	0	0	0	0	40	13	0	0	0	0	0	0	0	0	0	0	0	0	0.52	inf
0	0	3	0	-2	0	0	-1	-1	-2	-2	1	-2	-3	-1	3	3	-3	-2	-2	0	0	21	0	0	0	0	0	0	0	0	13	0	0	0	35	32	0	0	0	0.35	inf
-1	4	0	1	-3	0	-1	3	-1	-4	-3	1	-2	-3	-2	-1	-2	-3	-3	-3	0	54	0	13	0	0	0	33	0	0	0	0	0	0	0	0	0	0	0	0	0.53	inf
-1	4	-1	-1	5	1	2	-2	-1	-3	-2	2	-2	-3	-2	-1	-1	-3	-2	-2	0	48	0	0	21	0	19	0	0	0	0	13	0	0	0	0	0	0	0	0	0.50	inf
-1	3	-1	1	5	0	2	-3	-1	-1	-2	0	-1	-3	-2	-1	-1	-3	-2	0	0	35	0	13	21	0	19	0	0	0	0	0	0	0	0	0	0	0	0	13	0.32	inf
-1	5	-1	-2	-3	2	0	-3	-1	-1	-2	1	-1	-3	-2	-1	-1	-3	-2	1	0	67	0	0	0	13	0	0	0	0	0	0	0	0	0	0	0	0	0	21	0.50	inf
1	-1	-1	-2	-1	-1	-1	-2	-2	0	-1	1	-1	-2	-1	1	4	-3	-2	1	19	0	0	0	0	0	0	0	0	0	0	13	0	0	0	0	56	0	0	13	0.29	inf
-1	0	1	5	-3	0	1	-1	-1	-3	-3	3	-2	-3	-1	0	-1	-3	-2	-3	1	1	1	55	0	1	1	1	0	1	1	34	0	0	1	1	1	0	0	1	0.52	inf
-1	0	0	1	-3	3	5	-2	0	-3	-3	0	-2	-3	-1	1	-1	-3	-2	-3	0	0	0	0	0	13	68	0	0	0	0	0	0	0	0	19	0	0	0	0	0.62	inf
-1	0	3	4	-3	0	0	2	-1	-3	-4	2	-3	-3	-2	0	-1	-4	-3	-3	0	0	19	35	0	0	0	21	0	0	0	25	0	0	0	0	0	0	0	0	0.45	inf
1	4	0	-1	-2	0	0	-1	-1	-3	-2	2	-2	-3	-1	2	0	-3	-2	-2	14	36	0	0	0	0	0	0	0	0	0	13	0	0	0	37	0	0	0	0	0.37	inf
0	-1	0	0	-1	0	2	-1	-1	-1	-1	0	-1	-2	-1	2	2	-2	-1	0	2	1	1	1	0	1	26	2	0	1	2	1	0	1	1	26	17	0	1	16	0.17	inf
0	0	-1	-1	-1	-1	-1	-1	-1	1	1	1	1	-1	-1	-1	0	-1	-1	2	3	2	2	2	1	2	3	3	1	2	23	15	1	2	2	3	2	1	1	31	0.05	inf
-1	-1	-1	-2	-1	-1	-1	-2	-1	0	1	-1	4	0	-2	-1	1	0	3	1	2	1	1	1	0	1	1	2	0	1	2	1	35	1	1	1	14	0	20	14	0.16	inf
-1	-1	1	5	-3	0	3	-1	-1	-2	-3	0	-2	-3	-1	0	-1	-3	-2	-2	2	1	1	61	0	1	20	2	0	1	2	1	0	1	1	1	1	0	1	1	0.59	inf
0	-3	-1	-2	-3	-2	-3	6	-2	-4	-4	-2	-3	-4	-3	-1	-2	-3	-3	-4	0	0	0	0	0	0	0	100	0	0	0	0	0	0	0	0	0	0	0	0	1.21	inf
2	-1	-1	-2	-1	-1	-1	1	-2	0	0	-1	2	-1	-1	1	0	-2	-1	1	30	1	1	1	0	1	1	9	0	1	1	1	20	0	1	20	1	0	0	13	0.13	inf
0	-1	0	-1	-1	0	-1	-1	-1	-1	0	-1	0	-1	-1	3	2	-2	-1	-1	2	1	1	1	0	1	2	2	1	1	18	1	1	1	1	42	21	0	1	2	0.17	inf
1	2	-1	0	-2	1	3	-1	-1	-2	-2	1	-1	-2	-1	0	-1	-2	-1	-1	23	20	1	1	0	1	37	2	1	1	2	1	1	1	1	2	1	0	1	2	0.25	inf
0	2	0	-1	-1	0	0	2	-1	-2	-2	0	-1	-2	-1	2	0	-2	-2	-2	2	20	1	1	0	1	2	23	1	1	2	1	1	1	1	37	1	0	1	2	0.23	inf
-1	2	0	4	-3	0	3	-2	-1	-3	-3	0	-2	-3	-1	0	-1	-3	-2	-3	1	20	1	48	0	1	22	1	0	1	1	1	0	0	1	1	1	0	0	1	0.51	inf
0	2	1	-1	-2	-1	-1	4	-1	-3	-2	0	-2	-3	-2	0	1	-2	-2	-2	1	20	6	1	0	1	1	50	0	1	1	1	0	0	1	1	15	0	0	1	0.41	inf
1	2	-1	-2	-3	0	-1	-2	-2	-3	-3	2	-2	-3	5	0	-1	-3	-2	-2	20	19	0	0	0	0	0	0	0	0	0	21	0	0	41	0	0	0	0	0	0.72	inf
-1	0	2	0	-3	4	3	-2	0	-3	-3	1	-1	-3	-2	1	0	-3	-2	-3	0	0	15	0	0	44	21	0	0	0	0	0	0	0	0	20	0	0	0	0	0.48	inf
-1	0	-2	-2	-2	2	0	-3	-2	1	0	1	2	-2	-2	-1	-1	-3	-2	3	0	0	0	0	0	21	0	0	0	0	0	19	15	0	0	0	0	0	0	45	0.18	inf
-1	0	4	0	-2	0	-1	-2	-1	0	-2	2	-1	-2	-2	0	1	-3	-2	1	0	0	39	0	0	0	0	0	0	0	0	21	0	0	0	0	15	0	0	25	0.24	inf
-1	0	2	0	-3	3	3	-2	0	-1	-2	0	-1	-3	-2	0	-1	-3	-2	1	0	0	19	0	0	21	35	0	0	0	0	0	0	0	0	0	0	0	0	25	0.29	inf
-2	-1	6	1	-3	0	-1	-1	0	-3	-3	-1	-2	-3	-2	1	2	-4	-2	-2	0	0	79	0	0	0	0	0	0	0	0	0	0	0	0	0	21	0	0	0	0.71	inf
0	-2	3	-1	-3	-2	-2	5	-2	-4	-4	-1	-3	-3	-2	0	-1	-3	-3	-3	0	0	21	0	0	0	0	79	0	0	0	0	0	0	0	0	0	0	0	0	0.91	inf
-1	-3	-3	-4	-1	-3	-3	-4	-3	3	3	-3	1	0	-3	-2	-1	-2	-1	2	0	0	0	0	0	0	0	0	0	41	43	0	0	0	0	0	0	0	0	16	0.38	inf
0	-2	-2	-1	-2	0	2	-3	-2	2	0	-1	0	-2	-2	-1	0	-3	-2	3	0	0	0	0	0	0	36	0	0	0	0	0	0	0	0	0	0	0	0	64	0.21	inf
0	-1	0	-1	-1	-1	-1	-1	-1	-1	-2	-1	-1	-2	-1	3	4	-3	-2	-1	0	0	0	0	0	0	0	0	0	0	0	0	0	0	0	36	64	0	0	0	0.41	inf
-1	-2	-3	-3	-1	-2	-2	-3	-3	2	1	-2	4	-1	-3	-2	0	-2	-1	3	0	0	0	0	0	0	0	0	0	0	0	0	36	0	0	0	0	0	0	64	0.29	inf
3	0	-1	-1	-1	0	0	0	-1	-2	-2	2	-1	-3	-1	1	0	-3	-2	-1	64	0	0	0	0	0	0	0	0	0	0	36	0	0	0	0	0	0	0	0	0.29	inf
-2	-2	0	5	-3	0	1	-2	-1	-1	0	-1	3	-2	-2	-1	-1	-3	-2	-1	0	0	0	64	0	0	0	0	0	0	0	0	36	0	0	0	0	0	0	0	0.45	inf
-2	-1	-1	-1	-3	0	3	-3	1	-2	-2	-1	-1	2	-2	-1	-1	1	6	-2	0	0	0	0	0	0	36	0	0	0	0	0	0	0	0	0	0	0	64	0	0.55	inf
-1	-3	-2	-2	-2	-3	-3	3	-3	3	0	-2	0	-1	-3	-2	-1	-3	-2	2	0	0	0	0	0	0	0	36	0	64	0	0	0	0	0	0	0	0	0	0	0.27	inf
1	-1	1	0	-1	0	0	0	-1	-3	-3	0	-2	-3	-1	4	1	-3	-2	-2	0	0	0	0	0	0	0	0	0	0	0	0	0	0	0	100	0	0	0	0	0.48	inf
-2	6	-1	-2	-4	1	0	-2	0	-3	-2	2	-2	-3	-2	-1	-1	-3	-2	-3	0	100	0	0	0	0	0	0	0	0	0	0	0	0	0	0	0	0	0	0	0.79	inf
3	-2	-1	-2	-1	-1	-1	3	-2	-2	-2	-1	-2	-3	-1	1	-1	-3	-2	-1	64	0	0	0	0	0	0	36	0	0	0	0	0	0	0	0	0	0	0	0	0.45	inf
-1	0	0	1	-4	2	5	-2	0	-3	-3	1	-2	-3	-1	0	-1	-3	-2	-3	0	0	0	0	0	0	100	0	0	0	0	0	0	0	0	0	0	0	0	0	0.77	inf
1	-1	1	0	-1	0	0	0	-1	-3	-3	0	-2	-3	-1	4	1	-3	-2	-2	0	0	0	0	0	0	0	0	0	0	0	0	0	0	0	100	0	0	0	0	0.48	inf
0	0	0	0	-2	5	1	-1	0	-3	-2	1	-1	-3	-1	2	0	-2	-2	-2	0	0	0	0	0	64	0	0	0	0	0	0	0	0	0	36	0	0	0	0	0.47	inf
0	-1	0	-1	-1	-1	-1	-1	-2	0	2	-1	0	-1	-1	3	1	-2	-2	-1	0	0	0	0	0	0	0	0	0	0	36	0	0	0	0	64	0	0	0	0	0.21	inf
-2	6	-1	-2	-4	1	0	-2	0	-3	-2	2	-2	-3	-2	-1	-1	-3	-2	-3	0	100	0	0	0	0	0	0	0	0	0	0	0	0	0	0	0	0	0	0	0.79	inf
-1	1	0	0	-3	6	2	-2	0	-3	-2	1	-1	-3	-1	0	-1	-2	-2	-2	0	0	0	0	0	100	0	0	0	0	0	0	0	0	0	0	0	0	0	0	0.71	inf
-2	6	-1	-2	-4	1	0	-2	0	-3	-2	2	-2	-3	-2	-1	-1	-3	-2	-3	0	100	0	0	0	0	0	0	0	0	0	0	0	0	0	0	0	0	0	0	0.79	inf
-1	-2	3	0	-3	-1	-1	-2	-1	-3	-3	-1	-3	-4	6	0	-1	-4	-3	-3	0	0	35	0	0	0	0	0	0	0	0	0	0	0	65	0	0	0	0	0	1.23	inf
-1	-2	-2	-3	-1	-1	-2	-3	-2	1	3	-2	4	0	-2	-2	-1	-1	-1	1	1	1	1	1	0	1	1	1	0	1	51	1	36	1	1	1	1	0	0	1	0.26	inf
-1	-2	-1	-1	-2	-1	-1	1	-2	-2	-3	-1	-2	-3	7	-1	-1	-3	-2	-2	1	1	1	1	0	1	1	16	0	1	1	1	0	1	72	1	1	0	0	1	1.29	inf
-1	5	0	-1	-3	1	0	-2	0	-3	-2	2	-1	-2	-2	-1	-1	-2	-2	-2	1	74	1	1	0	1	1	1	0	1	1	13	0	1	1	1	1	0	0	1	0.54	inf
-1	-1	-1	0	-2	0	3	-2	-1	0	2	0	0	-1	-1	0	1	-2	-1	0	1	1	1	1	0	1	36	1	0	1	37	1	0	1	1	1	15	0	0	1	0.15	inf
0	-1	0	0	-1	0	1	-1	-1	-1	-1	0	-1	-2	-1	1	4	-2	-1	0	1	1	1	1	0	1	15	1	0	1	1	1	0	1	1	1	72	0	0	1	0.32	inf
-1	-2	-2	-2	-1	-2	-2	-2	-1	1	2	-2	1	4	-2	-1	-1	0	1	0	2	1	1	2	1	1	2	2	1	1	38	2	1	37	2	2	2	0	1	2	0.20	inf
2	0	0	-1	-1	3	1	0	0	-1	-1	0	-1	-2	-1	0	0	-1	-1	-1	38	1	1	2	1	37	2	2	1	1	3	2	1	1	2	2	2	0	1	2	0.21	inf
2	1	-1	-1	-1	0	0	0	-1	-1	-1	2	-1	-2	0	0	0	-2	-1	-1	38	1	1	2	1	1	2	2	1	1	3	37	1	1	2	2	2	0	1	2	0.17	inf
0	-1	3	0	-2	-1	-1	4	-1	-2	-2	-1	-2	-2	-1	0	-1	-2	-2	-2	2	1	25	2	1	1	2	50	1	1	3	2	1	1	2	2	2	0	1	2	0.40	inf
-1	1	0	0	-2	1	3	-1	0	-2	-2	3	-1	-2	-1	0	0	-2	-1	-2	2	2	1	2	1	1	32	2	1	2	3	41	1	1	2	2	2	0	1	2	0.28	inf
2	1	0	-1	-1	0	0	0	-1	-1	-1	3	-1	-2	0	0	0	-2	-1	-1	33	2	1	2	1	1	2	2	1	2	3	41	1	1	2	2	2	0	1	2	0.17	inf
-1	0	0	1	-2	1	4	-1	0	-2	-2	1	-1	-2	-1	0	-1	-2	-1	-2	2	2	1	2	1	1	71	2	1	2	3	2	1	1	2	2	2	0	1	2	0.43	inf
-1	1	-1	-1	-2	1	0	-1	-1	-1	0	3	2	-1	-1	0	0	-1	-1	-1	2	2	1	2	1	1	2	2	1	2	3	47	25	1	2	2	2	0	1	2	0.14	inf
1	0	-1	-1	-1	0	0	-1	-1	0	-1	2	-1	-2	-1	0	0	-2	-1	1	27	2	1	2	1	1	2	2	1	2	3	32	1	1	2	2	2	0	1	16	0.10	inf
2	1	0	-1	-1	0	0	0	-1	-1	-1	3	-1	-2	0	0	0	-2	-1	-1	33	2	1	2	1	1	2	2	1	2	3	41	1	1	2	2	2	0	1	2	0.17	inf
-1	0	1	4	-2	0	1	-1	-1	-2	-2	2	-1	-2	-1	0	-1	-2	-2	-2	2	2	1	40	1	1	2	2	1	2	3	32	1	1	2	2	2	0	1	2	0.30	inf
0	-2	-2	-2	-1	-2	-2	-2	-2	2	0	-2	0	-1	3	-1	0	-2	-1	3	1	1	1	1	0	1	1	1	0	1	1	1	0	1	16	1	1	0	0	70	0.27	inf
-1	-2	-3	-3	-1	-2	-2	-3	-3	4	2	-2	1	0	-2	-2	-1	-2	-1	2	1	1	1	1	0	1	1	1	0	70	17	1	0	1	1	1	1	0	0	1	0.26	inf
2	0	-1	1	-2	1	4	-1	-1	-2	-2	0	-1	-2	-1	0	0	-2	-2	-1	32	1	1	1	0	1	55	1	0	1	1	1	0	1	1	1	1	0	0	1	0.34	inf
-1	2	-1	0	-2	1	3	-2	-1	0	-1	0	-1	-2	-1	-1	-1	-2	-1	1	1	16	1	1	0	1	40	1	0	1	1	1	0	1	1	1	1	0	0	32	0.18	inf
-1	-1	0	-1	-2	0	-1	-2	5	-1	0	-1	3	-1	-2	0	1	-2	0	-1	1	1	1	1	0	1	1	1	39	1	1	1	31	1	1	1	16	0	0	1	0.23	inf
0	0	3	0	-2	0	-1	3	-1	-3	-3	1	-2	-3	-1	0	-1	-2	-2	-2	1	1	31	1	0	1	1	40	0	1	1	16	0	1	1	1	1	0	0	1	0.38	inf
2	-2	-2	-2	-2	-1	-1	-1	-2	-2	-3	-1	-2	-3	7	0	-1	-3	-3	-2	31	0	0	0	0	0	0	0	0	0	0	0	0	0	69	0	0	0	0	0	1.29	inf
1	-1	0	-1	-1	-1	-1	-1	-2	0	-1	-1	-1	-2	-1	3	1	-3	-2	1	0	0	0	0	0	0	0	0	0	0	0	0	0	0	0	69	0	0	0	31	0.25	inf
-1	0	0	1	-4	2	5	-2	0	-3	-3	1	-2	-3	-1	0	-1	-3	-2	-3	0	0	0	0	0	0	100	0	0	0	0	0	0	0	0	0	0	0	0	0	0.78	inf
-1	1	0	3	-4	1	3	-2	-1	-3	-3	3	-2	-3	-1	0	-1	-3	-2	-3	0	0	0	31	0	0	31	0	0	0	0	39	0	0	0	0	0	0	0	0	0.49	inf
2	-1	0	-1	-1	-1	-1	-1	-1	-1	-2	-1	-1	-2	-1	3	1	-3	-2	0	24	0	0	0	0	0	0	0	0	0	0	0	0	0	0	61	0	0	0	14	0.28	inf
-1	-1	-2	-2	-2	2	-1	-3	-2	2	2	-1	1	-1	-2	-2	-1	-2	-1	1	0	0	0	0	0	31	0	0	0	39	31	0	0	0	0	0	0	0	0	0	0.20	inf
2	-1	4	0	-1	0	0	0	0	-2	-3	0	-2	-3	-1	2	0	-3	-2	-2	31	0	39	0	0	0	0	0	0	0	0	0	0	0	0	31	0	0	0	0	0.35	inf
0	-2	0	-1	-2	-1	-1	5	-2	-3	-3	-1	-2	-3	-2	2	0	-3	-3	-3	0	0	0	0	0	0	0	69	0	0	0	0	0	0	0	31	0	0	0	0	0.70	inf
0	-1	-1	-1	-2	-1	-1	3	-1	-2	-2	-1	-2	-2	5	0	-1	-2	-2	-2	2	2	1	2	1	1	2	33	1	2	3	2	1	1	40	2	2	0	1	2	0.66	inf
0	2	0	0	-2	1	3	-1	0	-1	-1	1	-1	-2	-1	0	2	-2	-1	-1	2	16	1	2	1	1	32	2	1	2	3	2	1	1	2	2	26	0	1	2	0.21	inf
2	-1	0	0	-1	0	0	0	-1	-1	-2	0	-1	-2	0	3	1	-2	-1	-1	17	2	1	2	1	1	2	2	1	2	3	2	1	1	2	57	2	0	1	2	0.23	inf
2	0	0	-1	-2	4	1	-1	0	-2	-2	1	-1	-3	-1	1	0	-2	-2	-2	24	0	0	0	0	61	0	0	0	0	0	0	0	0	0	14	0	0	0	0	0.40	inf
0	1	0	-1	-2	1	0	-1	-1	-3	-3	4	-2	-3	-1	2	0	-3	-2	-2	0	0	0	0	0	0	0	0	0	0	0	61	0	0	0	39	0	0	0	0	0.38	inf
1	-2	-1	-2	-2	-2	-2	4	-2	0	-1	-2	-1	-2	-2	0	-1	-3	-2	1	14	0	0	0	0	0	0	55	0	0	0	0	0	0	0	0	0	0	0	31	0.41	inf
-2	-1	1	5	-4	0	3	-2	-1	-3	-4	0	-3	-4	-1	0	-1	-4	-3	-3	0	0	0	69	0	0	31	0	0	0	0	0	0	0	0	0	0	0	0	0	0.78	inf
0	0	0	2	-3	1	3	-1	-1	-3	-3	1	-2	-3	-1	2	0	-3	-2	-2	0	0	0	12	0	0	43	0	0	0	0	14	0	0	0	31	0	0	0	0	0.41	inf
2	-2	-2	-3	-1	-2	-2	-1	-3	2	0	-2	0	-1	-2	0	0	-3	-2	2	45	0	0	0	0	0	0	0	0	24	0	0	0	0	0	0	0	0	0	31	0.20	inf
1	-1	1	0	-1	0	0	0	-1	-3	-3	0	-2	-3	-1	4	1	-3	-2	-2	0	0	0	0	0	0	0	0	0	0	0	0	0	0	0	100	0	0	0	0	0.49	inf
-1	1	2	-1	-3	0	0	-2	-1	-3	-3	3	-2	-3	4	0	-1	-3	-2	-3	0	0	14	0	0	0	0	0	0	0	0	55	0	0	31	0	0	0	0	0	0.61	inf
-1	-2	-3	-3	-2	-2	-2	-3	-3	0	3	-2	1	-1	5	-2	-1	-3	-2	0	0	0	0	0	0	0	0	0	0	0	55	0	0	0	45	0	0	0	0	0	0.74	inf
2	0	-1	-1	-2	3	0	-1	-1	-2	-2	0	-1	-3	4	0	-1	-3	-2	-2	31	0	0	0	0	39	0	0	0	0	0	0	0	0	31	0	0	0	0	0	0.57	inf
-1	3	0	-1	-3	3	1	-2	0	-3	-2	3	-1	-3	-1	0	1	-3	-2	-2	0	24	0	0	0	31	0	0	0	0	0	31	0	0	0	0	14	0	0	0	0.40	inf
1	-1	0	-1	-2	3	0	3	-1	-2	-2	0	-1	-3	-1	0	2	-2	-2	-1	14	0	0	0	0	31	0	31	0	0	0	0	0	0	0	0	24	0	0	0	0.31	inf
-1	-2	-2	-1	-3	-1	-1	-2	-2	-3	-3	-1	-3	-4	7	1	-1	-4	-3	-2	0	0	0	0	0	0	0	0	0	0	0	0	0	0	86	14	0	0	0	0	1.69	inf
0	-1	0	-1	-1	-1	-1	2	-2	-2	-2	-1	-1	-3	-1	2	3	-3	-2	-1	0	0	0	0	0	0	0	24	0	0	0	0	0	0	0	31	45	0	0	0	0.36	inf
-1	-1	0	4	-4	1	4	-2	0	-3	-3	0	-2	-3	-1	0	-1	-3	-2	-3	0	0	0	31	0	0	69	0	0	0	0	0	0	0	0	0	0	0	0	0	0.69	inf
-1	2	-1	0	-2	1	2	-1	-1	-2	-2	0	-1	-2	5	0	-1	-2	-2	-2	2	16	1	2	1	1	26	2	1	2	3	2	1	1	32	2	2	0	1	2	0.48	inf
2	0	2	0	-1	0	0	0	-1	-1	-1	2	-1	-2	-1	0	0	-2	-1	-1	33	2	16	2	1	1	2	2	1	2	3	26	1	1	2	2	2	0	1	2	0.14	inf
0	-1	0	-1	-1	1	0	-1	-1	1	0	0	0	-1	-1	2	0	-2	-1	0	2	2	1	2	1	16	2	2	1	26	3	2	1	1	2	33	2	0	1	2	0.08	inf
0	-1	4	0	-2	-1	-1	-1	0	-3	-3	-1	-2	-3	4	0	0	-4	-2	-2	14	0	55	0	0	0	0	0	0	0	0	0	0	0	31	0	0	0	0	0	0.65	inf
0	-1	0	-1	-1	-1	-1	3	-2	-2	-2	-1	-1	-3	-1	2	3	-3	-2	-1	0	0	0	0	0	0	0	31	0	0	0	0	0	0	0	14	55	0	0	0	0.39	inf
-1	-2	-2	-1	4	0	2	-3	-2	1	1	-1	0	-1	-2	-1	-1	-3	-2	2	0	0	0	0	14	0	31	0	0	0	24	0	0	0	0	0	0	0	0	31	0.17	inf
2	0	-1	-2	-2	2	0	-1	-1	0	1	2	0	-1	-2	0	-1	-2	-2	0	31	0	0	0	0	14	0	0	0	0	31	24	0	0	0	0	0	0	0	0	0.13	inf
0	-1	0	2	-2	0	2	-1	-1	-2	-2	0	-2	-3	-1	2	2	-3	-2	-1	0	0	0	14	0	0	24	0	0	0	0	0	0	0	0	31	31	0	0	0	0.34	inf
2	-1	-1	0	-1	0	2	1	-1	-2	-2	0	-1	-3	-1	1	2	-3	-2	-1	31	0	0	0	0	0	24	14	0	0	0	0	0	0	0	0	31	0	0	0	0.25	inf
-1	-2	2	0	-3	-1	-1	-1	-1	-3	-3	-1	-2	-3	6	1	0	-4	-3	-3	0	0	24	0	0	0	0	0	0	0	0	0	0	0	61	14	0	0	0	0	1.13	inf
-1	0	-1	0	-2	0	2	-2	-1	0	1	1	0	-1	-2	0	2	-2	-2	-1	0	0	0	0	0	0	31	0	0	0	31	14	0	0	0	0	24	0	0	0	0.17	inf
-1	0	-1	0	-3	4	3	-2	0	-3	-3	1	-2	-3	4	0	-1	-3	-2	-2	0	0	0	0	0	39	31	0	0	0	0	0	0	0	31	0	0	0	0	0	0.71	inf
-1	-2	-1	1	-2	0	2	-3	-2	1	2	-1	0	-1	-2	-1	-1	-3	-2	2	0	0	0	12	0	0	27	0	0	0	31	0	0	0	0	0	0	0	0	31	0.15	inf
2	-2	-1	-1	-2	-1	-1	5	-2	-2	-2	-1	-2	-2	-1	0	-1	-2	-2	-2	25	1	1	1	0	1	1	62	0	1	1	1	0	1	1	1	1	0	0	1	0.55	inf
4	-1	-1	-1	-1	-1	-1	0	-1	-2	-2	-1	-1	-2	-1	2	0	-3	-2	-1	69	0	0	0	0	0	0	0	0	0	0	0	0	0	0	31	0	0	0	0	0.37	inf
-1	-2	-3	-3	-1	-2	-3	-3	-3	3	2	-2	3	0	-3	-2	-1	-2	-1	3	0	0	0	0	0	0	0	0	0	21	22	0	21	0	0	0	0	0	0	37	0.29	inf
-1	-2	-3	-3	-1	-2	-3	-3	-3	2	3	-2	3	0	-3	-2	-1	-2	-1	3	0	0	0	0	0	0	0	0	0	0	37	0	21	0	0	0	0	0	0	43	0.29	inf
-2	0	6	1	-3	0	0	0	1	-3	-4	0	-2	-3	-2	1	0	-4	-2	-3	0	0	100	0	0	0	0	0	0	0	0	0	0	0	0	0	0	0	0	0	0.73	inf
0	-2	0	-1	-3	-2	-2	6	-2	-4	-4	-2	-3	-3	-2	0	-2	-3	-3	-3	0	0	0	0	0	0	0	100	0	0	0	0	0	0	0	0	0	0	0	0	1.04	inf
0	-3	-3	-3	-1	-2	-3	-3	-3	3	1	-2	1	-1	-2	-2	0	-3	-1	4	0	0	0	0	0	0	0	0	0	0	0	0	0	0	0	0	0	0	0	100	0.35	inf
1	-1	1	0	-1	0	0	0	-1	-2	-3	0	-2	-2	-1	4	1	-3	-2	-2	0	0	0	0	0	0	0	0	0	0	0	0	0	0	0	100	0	0	0	0	0.46	inf
