-1	-1	-2	-3	-2	-1	-2	-3	-2	1	2	-1	6	0	-3	-2	-1	-2	-1	1	0	0	0	0	0	0	0	0	0	0	0	0	100	0	0	0	0	0	0	0	0.41	inf
0	0	0	1	-3	2	5	-2	0	-3	-3	1	-2	-3	-1	0	-1	-3	-2	-2	12	0	0	0	0	0	88	0	0	0	0	0	0	0	0	0	0	0	0	0	0.63	inf
-1	-1	0	4	-4	1	4	-2	0	-3	-3	0	-2	-3	-1	0	-1	-3	-2	-3	0	0	0	37	0	0	63	0	0	0	0	0	0	0	0	0	0	0	0	0	0.69	inf
-1	-2	-3	-4	-1	-2	-3	-4	-3	1	4	-2	3	0	-3	-2	-1	-2	-1	1	0	0	0	0	0	0	0	0	0	0	90	0	10	0	0	0	0	0	0	0	0.45	inf
1	-2	-2	-2	-1	-1	-2	-2	-2	1	1	-1	0	-1	2	0	1	-2	-2	1	23	0	0	0	0	0	0	0	0	0	23	0	0	0	11	0	20	0	0	23	0.18	inf
0	-3	-3	-3	-1	-2	-3	-3	-3	3	1	-2	1	-1	-2	-2	0	-3	-1	4	0	0	0	0	0	0	0	0	0	0	0	0	0	0	0	0	0	0	0	100	0.38	inf
-1	0	0	1	-4	2	5	-2	0	-3	-3	1	-2	-3	-1	0	-1	-3	-2	-3	0	0	0	0	0	0	100	0	0	0	0	0	0	0	0	0	0	0	0	0	0.77	inf
0	-3	-3	-3	-1	-2	-3	-3	-3	3	1	-2	1	-1	-2	-2	0	-3	-1	4	0	0	0	0	0	0	0	0	0	0	0	0	0	0	0	0	0	0	0	100	0.38	inf
-2	6	-1	-2	-4	1	0	-2	0	-3	-2	2	-1	-3	-2	-1	-1	-3	-2	-3	0	100	0	0	0	0	0	0	0	0	0	0	0	0	0	0	0	0	0	0	0.80	inf
0	-2	-1	-2	-2	-2	-2	5	-2	-2	0	-2	-1	-2	-2	-1	-2	-2	-3	-2	0	0	0	0	0	0	0	77	0	0	23	0	0	0	0	0	0	0	0	0	0.64	inf
1	-1	1	3	-1	0	0	-1	-1	-3	-3	0	-2	-3	-1	4	1	-3	-2	-2	0	0	0	23	0	0	0	0	0	0	0	0	0	0	0	77	0	0	0	0	0.43	inf
-2	-1	6	1	-3	0	0	-1	0	-3	-4	0	-2	-3	-2	1	0	-4	-2	-3	0	0	100	0	0	0	0	0	0	0	0	0	0	0	0	0	0	0	0	0	0.78	inf
0	-2	0	-1	-3	-2	-2	6	-2	-4	-4	-2	-3	-3	-2	0	-2	-3	-3	-3	0	0	0	0	0	0	0	100	0	0	0	0	0	0	0	0	0	0	0	0	1.08	inf
4	-2	-2	-2	0	-1	-1	0	-2	-1	-2	-1	-1	-2	-1	1	0	-3	-2	0	100	0	0	0	0	0	0	0	0	0	0	0	0	0	0	0	0	0	0	0	0.44	inf
-2	-3	-3	-3	-2	-3	-3	-3	0	0	0	-3	0	6	-4	-2	-2	1	4	-1	0	0	0	0	0	0	0	0	0	0	0	0	0	77	0	0	0	0	23	0	0.73	inf
-2	-2	-2	-3	-3	-2	-2	-3	2	-1	-1	-2	-1	3	-3	-2	-2	2	7	-1	0	0	0	0	0	0	0	0	0	0	0	0	0	0	0	0	0	0	100	0	0.94	inf
-1	2	0	-1	-3	1	1	-2	-1	-3	-3	5	-1	-3	-1	0	-1	-3	-2	-2	0	0	0	0	0	0	0	0	0	0	0	100	0	0	0	0	0	0	0	0	0.56	inf
3	-2	-1	-2	-1	-1	-2	4	-2	-1	-2	-1	-1	-2	-2	0	-1	-3	-2	0	46	0	0	0	0	0	0	45	0	0	0	0	0	0	0	0	0	0	0	10	0.42	inf
-2	-1	-2	-2	-3	2	-1	-3	-1	-1	0	-1	0	6	-3	-2	-2	0	2	-1	0	0	0	0	0	23	0	0	0	0	0	0	0	77	0	0	0	0	0	0	0.50	inf
0	-3	-3	-3	-1	-2	-3	-3	-3	3	1	-2	2	-1	-2	-2	0	-3	-1	4	0	0	0	0	0	0	0	0	0	10	0	0	8	0	0	0	0	0	0	82	0.34	inf
-1	2	0	-1	-2	1	0	-2	-1	-2	-2	4	-1	-3	-1	0	2	-3	-2	-2	0	0	0	0	0	0	0	0	0	0	0	77	0	0	0	0	23	0	0	0	0.40	inf
1	-2	1	5	-3	0	1	-1	-1	-3	-3	-1	-2	-3	-1	0	-1	-4	-3	-2	23	0	0	77	0	0	0	0	0	0	0	0	0	0	0	0	0	0	0	0	0.65	inf
0	-3	-3	-3	-1	-2	-3	-3	-3	3	1	-2	1	-1	-2	-2	0	-3	-1	4	0	0	0	0	0	0	0	0	0	0	0	0	0	0	0	0	0	0	0	100	0.38	inf
1	-1	0	-1	-2	0	0	-1	7	-3	-3	-1	-1	-2	-2	0	-1	-2	1	-2	23	0	0	0	0	0	0	0	77	0	0	0	0	0	0	0	0	0	0	0	0.64	inf
-1	0	0	3	-4	1	5	-2	0	-3	-3	0	-2	-3	-1	0	-1	-3	-2	-3	0	0	0	23	0	0	77	0	0	0	0	0	0	0	0	0	0	0	0	0	0.70	inf
-2	-2	1	6	-4	0	1	-1	-1	-3	-4	-1	-3	-4	-2	0	-1	-4	-3	-3	0	0	0	100	0	0	0	0	0	0	0	0	0	0	0	0	0	0	0	0	0.98	inf
1	-1	0	-1	-1	0	-1	2	-1	-3	-3	-1	-2	-3	-1	3	1	-3	-2	-2	0	0	0	0	0	0	0	23	0	0	0	0	0	0	0	77	0	0	0	0	0.44	inf
-1	-3	-3	-3	-1	-3	-3	-4	-3	4	2	-3	1	0	-3	-2	-1	-2	-1	2	0	0	0	0	0	0	0	0	0	69	20	0	0	0	0	0	0	0	0	11	0.37	inf
0	-2	-1	-2	-1	-1	-1	-2	-2	-1	-1	-1	-1	2	-2	1	4	-1	0	0	0	0	0	0	0	0	0	0	0	0	0	0	0	23	0	0	77	0	0	0	0.35	inf
0	-3	-3	-3	-1	-2	-3	-3	-3	3	1	-2	1	-1	-2	-2	0	-3	-1	4	0	0	0	0	0	0	0	0	0	11	0	0	0	0	0	0	0	0	0	89	0.37	inf
1	-2	-1	2	-1	-1	0	-1	-2	0	-1	-1	-1	1	-2	0	2	-2	-1	1	23	0	0	23	0	0	0	0	0	0	0	0	0	11	0	0	23	0	0	20	0.13	inf
-2	-3	-3	-4	-2	-3	-3	-3	-2	1	0	-3	0	6	-3	-2	-2	0	2	1	0	0	0	0	0	0	0	0	0	0	0	0	0	77	0	0	0	0	0	23	0.54	inf
-1	0	0	3	-4	1	5	-2	0	-3	-3	0	-2	-3	-1	0	-1	-3	-2	-3	0	0	0	23	0	0	77	0	0	0	0	0	0	0	0	0	0	0	0	0	0.70	inf
-1	-1	5	1	-3	0	-1	2	0	-3	-4	-1	-2	-3	-2	0	0	-3	-2	-3	0	0	77	0	0	0	0	23	0	0	0	0	0	0	0	0	0	0	0	0	0.63	inf
-1	0	5	1	-2	0	0	0	0	-2	-2	0	-2	-2	-1	0	0	-2	-2	-2	2	1	78	1	0	1	1	2	1	1	2	1	1	1	1	2	1	0	1	1	0.50	inf
-2	-3	-4	-4	-2	-2	-3	-3	-3	-1	-1	-3	-1	0	-3	-3	-2	10	2	1	0	0	0	0	0	0	0	0	0	0	0	0	0	0	0	0	0	77	0	23	1.67	inf
-1	0	0	-1	-3	5	1	-2	0	-3	-2	1	-1	-3	4	0	-1	-2	-2	-2	0	0	0	0	0	77	0	0	0	0	0	0	0	0	23	0	0	0	0	0	0.70	inf
-1	-1	-1	0	-3	2	2	-2	-1	-3	-3	0	-2	-3	5	1	-1	-3	-2	-2	0	0	0	0	0	23	23	0	0	0	0	0	0	0	42	11	0	0	0	0	0.80	inf
0	0	0	3	-3	1	4	-2	0	-3	-3	0	-2	-3	-1	1	0	-3	-2	-2	0	0	0	15	0	0	62	0	0	0	0	0	0	0	0	23	0	0	0	0	0.53	inf
-1	5	-1	-2	-3	1	0	-2	-1	-1	-1	2	2	-2	-2	-1	-1	-2	-2	-1	0	69	0	0	0	0	0	0	0	0	0	8	23	0	0	0	0	0	0	0	0.47	inf
-1	1	0	0	-3	5	2	-2	0	-3	-2	2	-1	-3	-1	0	-1	-2	-2	-2	0	0	0	0	0	77	0	0	0	0	0	23	0	0	0	0	0	0	0	0	0.59	inf
-1	-3	-3	-3	-1	-2	-3	-4	-1	3	1	-2	1	1	-3	-2	-1	-1	3	2	0	0	0	0	0	0	0	0	0	57	0	0	0	0	0	0	0	0	23	20	0.31	inf
-1	-2	-2	-2	-3	-1	-1	-2	-2	-3	-3	-1	-3	-4	7	-1	-1	-4	-3	-2	0	0	0	0	0	0	0	0	0	0	0	0	0	0	100	0	0	0	0	0	2.08	inf
-2	-3	-3	-4	-2	-3	-3	-3	-1	0	0	-3	0	6	-4	-2	-2	1	3	-1	0	0	0	0	0	0	0	0	0	0	0	0	0	100	0	0	0	0	0	0	0.80	inf
-1	-1	1	1	-2	0	-1	1	6	-1	-2	-1	-1	-2	-2	-1	-1	-3	0	0	0	0	10	10	0	0	0	11	46	0	0	0	0	0	0	0	0	0	0	23	0.28	inf
-2	-1	3	5	-3	0	2	-1	0	-3	-3	0	-3	-3	-2	0	-1	-4	-3	-3	0	0	23	57	0	0	20	0	0	0	0	0	0	0	0	0	0	0	0	0	0.67	inf
0	-3	-3	-3	-1	-2	-3	-3	-3	3	1	-2	1	-1	-2	-2	0	-3	-1	4	0	0	0	0	0	0	0	0	0	0	0	0	0	0	0	0	0	0	0	100	0.38	inf
-2	6	-1	-2	-4	1	0	-2	0	-3	-2	2	-1	-3	-2	-1	-1	-3	-2	-3	0	100	0	0	0	0	0	0	0	0	0	0	0	0	0	0	0	0	0	0	0.80	inf
-2	-2	-3	-4	-2	-2	-3	-3	-2	1	3	-3	2	4	-3	-2	-2	0	1	0	0	0	0	0	0	0	0	0	0	0	44	0	10	46	0	0	0	0	0	0	0.41	inf
-1	-2	-2	-2	-3	-1	-1	-2	-2	-3	-3	-1	-3	-4	7	-1	-1	-4	-3	-2	0	0	0	0	0	0	0	0	0	0	0	0	0	0	100	0	0	0	0	0	2.08	inf
-1	-2	-2	-2	-3	-1	-1	-2	-2	-3	-3	-1	-3	-4	7	-1	-1	-4	-3	-2	0	0	0	0	0	0	0	0	0	0	0	0	0	0	100	0	0	0	0	0	2.08	inf
-1	-2	-2	-1	-3	0	2	-2	-2	-2	-1	-1	-2	-3	6	-1	-1	-3	-3	-2	0	0	0	0	0	0	23	0	0	0	10	0	0	0	67	0	0	0	0	0	1.20	inf
1	-1	-1	0	-2	0	2	-1	-1	0	-1	-1	-1	-2	3	1	0	-3	-2	1	11	0	0	0	0	0	23	0	0	0	0	0	0	0	20	23	0	0	0	23	0.29	inf
0	-2	0	3	-2	-1	0	4	-2	-3	-3	-1	-2	-3	-2	0	1	-3	-3	-2	0	0	0	31	0	0	0	46	0	0	0	0	0	0	0	0	23	0	0	0	0.48	inf
-1	-2	-3	-3	-2	-2	-2	-3	0	2	0	-2	0	2	-3	-2	-1	1	5	2	0	0	0	0	0	0	0	0	0	20	0	0	0	0	0	0	0	0	57	23	0.43	inf
-1	0	4	1	-3	1	2	-1	0	-3	-3	2	-2	-3	-2	0	0	-3	-2	-3	0	0	57	0	0	0	23	0	0	0	0	20	0	0	0	0	0	0	0	0	0.49	inf
-1	1	-1	-1	-2	1	0	-2	-1	0	-1	4	-1	-2	-1	-1	-1	-3	-2	1	0	0	0	0	0	0	0	0	0	0	0	77	0	0	0	0	0	0	0	23	0.31	inf
1	-1	0	4	-3	0	3	-1	-1	-3	-3	0	-2	-3	-1	0	-1	-3	-2	-2	23	0	0	46	0	0	31	0	0	0	0	0	0	0	0	0	0	0	0	0	0.49	inf
-2	-3	-3	-3	-2	-3	-3	-4	-3	4	1	-3	1	3	-3	-2	-1	-1	0	2	0	0	0	0	0	0	0	0	0	77	0	0	0	23	0	0	0	0	0	0	0.35	inf
-1	-1	4	1	-2	0	2	-1	0	-2	-3	0	-2	-3	-1	1	2	-3	-2	-2	0	0	46	0	0	0	23	0	0	0	0	0	0	0	0	10	21	0	0	0	0.40	inf
-1	0	0	1	-4	2	5	-2	0	-3	-3	1	-2	-3	-1	0	-1	-3	-2	-3	0	0	0	0	0	0	100	0	0	0	0	0	0	0	0	0	0	0	0	0	0.77	inf
0	0	0	-1	-2	-1	-1	4	-1	-3	-3	-1	-2	-3	-2	2	0	-3	-2	-3	0	8	0	0	0	0	0	54	0	0	0	0	0	0	0	38	0	0	0	0	0.53	inf
-2	-2	1	5	-3	0	1	-2	-1	-2	-1	-1	2	-2	-2	-1	-1	-3	-3	-2	0	0	0	77	0	0	0	0	0	0	0	0	23	0	0	0	0	0	0	0	0.59	inf
-1	0	0	1	-4	2	5	-2	0	-3	-3	1	-2	-3	-1	0	-1	-3	-2	-3	0	0	0	0	0	0	100	0	0	0	0	0	0	0	0	0	0	0	0	0	0.77	inf
0	-3	-3	-3	-1	-2	-3	-3	-3	3	1	-2	1	-1	-2	-2	0	-3	-1	4	0	0	0	0	0	0	0	0	0	0	0	0	0	0	0	0	0	0	0	100	0.38	inf
-1	0	0	1	-4	2	5	-2	0	-3	-3	1	-2	-3	-1	0	-1	-3	-2	-3	0	0	0	0	0	0	100	0	0	0	0	0	0	0	0	0	0	0	0	0	0.77	inf
0	-3	-3	-3	-1	-2	-3	-3	-3	3	1	-2	1	-1	-2	-2	0	-3	-1	4	0	0	0	0	0	0	0	0	0	0	0	0	0	0	0	0	0	0	0	100	0.38	inf
-2	-2	-2	-3	-3	-2	-2	-3	1	-1	-1	-2	-1	4	-3	-2	-2	2	6	-1	0	0	0	0	0	0	0	0	0	0	0	0	0	23	0	0	0	0	77	0	0.81	inf
1	-1	0	0	-1	0	0	-1	-1	-2	-2	0	-1	-2	-1	4	3	-3	-2	-1	0	0	0	0	0	0	0	0	0	0	0	0	0	0	0	77	23	0	0	0	0.42	inf
-2	6	-1	-2	-4	1	0	-2	0	-3	-2	2	-1	-3	-2	-1	-1	-3	-2	-3	0	100	0	0	0	0	0	0	0	0	0	0	0	0	0	0	0	0	0	0	0.80	inf
4	-1	-1	-2	-1	-1	-1	0	-2	-1	-1	-1	-1	-2	-1	1	2	-3	-2	0	77	0	0	0	0	0	0	0	0	0	0	0	0	0	0	0	23	0	0	0	0.35	inf
-2	-1	6	1	-3	0	0	-1	0	-3	-4	0	-2	-3	-2	1	0	-4	-2	-3	0	0	100	0	0	0	0	0	0	0	0	0	0	0	0	0	0	0	0	0	0.78	inf
-1	-1	0	4	-4	1	4	-2	-1	-3	-3	0	-2	-3	-1	0	-1	-3	-3	-3	0	0	0	43	0	0	57	0	0	0	0	0	0	0	0	0	0	0	0	0	0.70	inf
-1	3	0	-1	-3	3	1	-2	0	-3	-2	3	-1	-3	-1	0	-1	-3	-2	-2	0	23	0	0	0	31	0	0	0	0	0	46	0	0	0	0	0	0	0	0	0.49	inf
-1	0	0	1	-4	2	5	-2	0	-3	-3	1	-2	-3	-1	0	-1	-3	-2	-3	0	0	0	0	0	0	100	0	0	0	0	0	0	0	0	0	0	0	0	0	0.77	inf
-1	-2	-2	-1	-2	-1	-1	-2	-2	-2	-2	-1	-2	-3	7	0	2	-3	-3	-2	0	0	0	0	0	0	0	0	0	0	0	0	0	0	77	0	23	0	0	0	1.46	inf
-1	-4	-3	-4	9	-3	-4	-3	-3	-1	-1	-3	-2	-3	-3	-1	-1	-2	-3	-1	0	0	0	0	100	0	0	0	0	0	0	0	0	0	0	0	0	0	0	0	1.32	inf
0	-3	-1	-2	7	-2	-3	4	-3	-2	-2	-2	-2	-3	-3	-1	-1	-2	-3	-2	0	0	0	0	46	0	0	54	0	0	0	0	0	0	0	0	0	0	0	0	0.78	inf
-3	-3	-4	-4	-2	-2	-3	-3	-3	-3	-2	-3	-2	1	-4	-3	-3	11	2	-3	0	0	0	0	0	0	0	0	0	0	0	0	0	0	0	0	0	100	0	0	2.44	inf
-3	-3	-4	-4	-2	-2	-3	-3	-3	-3	-2	-3	-2	1	-4	-3	-3	11	2	-3	0	0	0	0	0	0	0	0	0	0	0	0	0	0	0	0	0	100	0	0	2.44	inf
-1	-2	-3	-4	-1	-2	-3	-4	-3	2	3	-2	2	0	-3	-2	-1	-2	-1	2	0	0	0	0	0	0	0	0	0	0	77	0	0	0	0	0	0	0	0	23	0.39	inf
4	-2	-1	-2	-1	-1	-1	3	-2	-2	-2	-1	-1	-2	-1	1	0	-3	-2	-1	77	0	0	0	0	0	0	23	0	0	0	0	0	0	0	0	0	0	0	0	0.41	inf
-1	2	-1	-1	-3	1	0	-2	-1	1	-1	4	-1	-2	-2	-1	-1	-3	-2	0	0	11	0	0	0	0	0	0	0	23	0	65	0	0	0	0	0	0	0	0	0.28	inf
0	-3	-3	-3	-1	-2	-3	-3	-3	3	1	-2	1	-1	-3	-2	0	-3	-1	4	0	0	0	0	0	0	0	0	0	23	0	0	0	0	0	0	0	0	0	77	0.36	inf
-1	5	0	-1	-3	1	0	-2	0	-3	-2	3	-1	-3	-2	-1	-1	-3	-2	-3	0	77	0	0	0	0	0	0	0	0	0	23	0	0	0	0	0	0	0	0	0.67	inf
-1	-2	-2	-3	-2	-1	-2	-3	-2	1	2	-1	6	0	-3	-2	-1	-2	-1	1	0	0	0	0	0	0	0	0	0	0	0	0	100	0	0	0	0	0	0	0	0.43	inf
-1	2	-2	-3	-2	-1	-2	-3	-2	3	1	0	3	-1	-3	-2	-1	-2	-1	1	0	23	0	0	0	0	0	0	0	46	0	0	31	0	0	0	0	0	0	0	0.20	inf
-1	2	0	-1	-3	1	1	-2	-1	-3	-3	5	-1	-3	-1	0	-1	-3	-2	-2	0	0	0	0	0	0	0	0	0	0	0	100	0	0	0	0	0	0	0	0	0.56	inf
2	-2	-1	-1	-2	-2	-2	5	-2	-3	-3	-1	-2	-3	-2	0	-1	-3	-3	-2	23	0	0	0	0	0	0	77	0	0	0	0	0	0	0	0	0	0	0	0	0.77	inf
-1	0	0	2	-4	2	5	-2	0	-3	-3	1	-2	-3	-1	0	-1	-3	-2	-3	0	0	0	11	0	0	89	0	0	0	0	0	0	0	0	0	0	0	0	0	0.72	inf
-2	-3	-3	-3	-2	-3	-3	-3	-2	2	1	-3	0	6	-3	-2	-2	0	2	0	0	0	0	0	0	0	0	0	0	23	0	0	0	77	0	0	0	0	0	0	0.57	inf
-2	-2	-2	-3	-3	-2	-2	-3	2	-1	-1	-2	-1	3	-3	-2	-2	2	7	-1	0	0	0	0	0	0	0	0	0	0	0	0	0	0	0	0	0	0	100	0	0.94	inf
1	-2	-3	-3	-1	-2	-2	-2	-3	2	0	-2	0	-1	-2	-1	0	-3	-1	3	23	0	0	0	0	0	0	0	0	0	0	0	0	0	0	0	0	0	0	77	0.26	inf
-1	-3	-3	-3	-1	-3	-3	-4	-3	4	1	-3	1	0	-3	-2	-1	-3	-1	3	0	0	0	0	0	0	0	0	0	77	0	0	0	0	0	0	0	0	0	23	0.39	inf
1	0	-1	1	-3	1	4	-1	0	-3	-3	0	-2	-3	-1	0	-1	-3	-2	-2	23	0	0	0	0	0	77	0	0	0	0	0	0	0	0	0	0	0	0	0	0.53	inf
-2	-2	-2	-3	-3	-2	-2	-3	2	-1	-1	-2	-1	3	-3	-2	-2	2	7	-1	0	0	0	0	0	0	0	0	0	0	0	0	0	0	0	0	0	0	100	0	0.94	inf
3	-2	-2	-2	-1	-1	-1	0	-2	1	-1	-1	0	-2	-1	1	0	-3	-2	1	77	0	0	0	0	0	0	0	0	23	0	0	0	0	0	0	0	0	0	0	0.27	inf
4	-2	-1	-2	-1	-1	-1	3	-2	-2	-2	-1	-1	-2	-1	1	0	-3	-2	-1	77	0	0	0	0	0	0	23	0	0	0	0	0	0	0	0	0	0	0	0	0.41	inf
-1	-3	-3	-4	8	-3	-4	-3	-3	-1	-1	-3	-1	2	-3	-1	-1	-1	0	-1	0	0	0	0	77	0	0	0	0	0	0	0	0	23	0	0	0	0	0	0	0.93	inf
-2	-1	1	5	-4	0	3	-2	-1	-3	-4	0	-3	-4	-1	0	-1	-4	-3	-3	0	0	0	77	0	0	23	0	0	0	0	0	0	0	0	0	0	0	0	0	0.81	inf
4	-1	-1	-2	-1	-1	-1	0	-2	-1	-1	-1	-1	-2	-1	1	2	-3	-2	0	77	0	0	0	0	0	0	0	0	0	0	0	0	0	0	0	23	0	0	0	0.35	inf
0	-1	0	-1	-1	-1	-1	-1	-2	-1	-2	-1	-1	-2	-1	2	4	-3	-2	0	0	0	0	0	0	0	0	0	0	0	0	0	0	0	0	23	77	0	0	0	0.44	inf
-2	-2	-2	-3	-3	-2	-2	-3	2	-1	-1	-2	-1	3	-3	-2	-2	2	7	-1	0	0	0	0	0	0	0	0	0	0	0	0	0	0	0	0	0	0	100	0	0.94	inf
-1	-1	5	1	-2	0	0	-1	0	-3	-3	0	-2	-3	-2	1	2	-3	-2	-2	0	0	77	0	0	0	0	0	0	0	0	0	0	0	0	0	23	0	0	0	0.57	inf
-1	0	0	1	-4	2	5	-2	0	-3	-3	1	-2	-3	-1	0	-1	-3	-2	-3	0	0	0	0	0	0	100	0	0	0	0	0	0	0	0	0	0	0	0	0	0.77	inf
-1	-3	-3	-3	-1	-3	-3	-4	-3	4	1	-3	1	0	-3	-2	-1	-3	-1	3	0	0	0	0	0	0	0	0	0	100	0	0	0	0	0	0	0	0	0	0	0.43	inf
0	-3	-3	-3	5	-2	-3	-3	-3	2	0	-3	0	-1	-3	-2	0	-3	-2	3	0	0	0	0	23	0	0	0	0	0	0	0	0	0	0	0	0	0	0	77	0.38	inf
0	-1	0	0	-1	0	2	-2	-1	-1	-2	0	-1	-2	-1	1	4	-3	-2	-1	0	0	0	0	0	0	23	0	0	0	0	0	0	0	0	0	77	0	0	0	0.40	inf
-2	-3	-3	-3	-1	-3	-3	-4	-3	3	2	-3	1	3	-3	-2	-1	-1	0	2	0	0	0	0	0	0	0	0	0	46	35	0	0	20	0	0	0	0	0	0	0.33	inf
-1	-1	0	2	-3	1	4	2	-1	-3	-3	0	-2	-3	-1	0	-1	-3	-2	-3	0	0	0	8	0	0	69	23	0	0	0	0	0	0	0	0	0	0	0	0	0.55	inf
-2	6	-1	-2	-4	1	0	-2	0	-3	-2	2	-1	-3	-2	-1	-1	-3	-2	-3	0	100	0	0	0	0	0	0	0	0	0	0	0	0	0	0	0	0	0	0	0.80	inf
-2	-2	-3	-4	-1	-2	-3	-4	-3	1	4	-3	2	0	-3	-3	-1	-2	-1	1	0	0	0	0	0	0	0	0	0	0	100	0	0	0	0	0	0	0	0	0	0.48	inf
-2	6	-1	-2	-4	1	0	-2	0	-3	-2	2	-1	-3	-2	-1	-1	-3	-2	-3	0	100	0	0	0	0	0	0	0	0	0	0	0	0	0	0	0	0	0	0	0.80	inf
2	-1	-1	-1	-1	-1	-1	-1	-1	-2	-2	-1	-2	-3	4	3	0	-3	-2	-1	23	0	0	0	0	0	0	0	0	0	0	0	0	0	31	46	0	0	0	0	0.59	inf
0	-1	-2	-2	-1	-1	-1	-3	-2	2	0	1	0	-1	-2	-1	0	-3	-1	3	0	0	0	0	0	0	0	0	0	0	0	23	0	0	0	0	0	0	0	77	0.21	inf
-2	-1	6	1	-3	0	0	-1	0	-3	-4	0	-2	-3	-2	1	0	-4	-2	-3	0	0	100	0	0	0	0	0	0	0	0	0	0	0	0	0	0	0	0	0	0.78	inf
0	-1	-1	-1	-2	2	0	-2	-1	-3	-3	0	-2	-3	6	1	0	-3	-2	-2	0	0	0	0	0	20	0	0	0	0	0	0	0	0	57	23	0	0	0	0	1.03	inf
-2	-1	6	1	-3	0	0	-1	0	-3	-4	0	-2	-3	-2	1	0	-4	-2	-3	0	0	100	0	0	0	0	0	0	0	0	0	0	0	0	0	0	0	0	0	0.78	inf
-1	1	-1	-1	-3	1	0	-2	-1	-3	-3	4	-2	-3	5	0	-1	-3	-2	-2	0	0	0	0	0	0	0	0	0	0	0	65	0	0	35	0	0	0	0	0	0.72	inf
-1	-2	-1	-2	-2	-1	-1	-2	-2	-1	-1	-1	-1	-2	6	0	1	-3	-2	-1	0	0	0	0	0	0	0	0	0	0	11	0	0	0	61	8	20	0	0	0	1.04	inf
3	-2	-2	-2	-1	-1	-2	-1	-2	2	0	-1	0	-1	-1	0	0	-3	-2	2	57	0	0	0	0	0	0	0	0	23	0	0	0	0	0	0	0	0	0	20	0.21	inf
0	-1	0	-1	-1	0	-1	-2	-2	-1	-1	1	-1	-2	-1	1	5	-3	-2	0	0	0	0	0	0	0	0	0	0	0	0	10	0	0	0	0	90	0	0	0	0.44	inf
1	2	-1	-1	-2	1	0	-1	-1	-2	-2	4	-1	-3	-1	0	-1	-3	-2	-2	23	0	0	0	0	0	0	0	0	0	0	77	0	0	0	0	0	0	0	0	0.39	inf
-1	0	3	3	-3	0	0	1	0	-3	-3	2	-2	-3	-2	1	0	-3	-2	-3	0	0	35	23	0	0	0	11	0	0	0	23	0	0	0	8	0	0	0	0	0.39	inf
0	-1	0	-1	-1	0	-1	-1	-1	-1	-2	-1	-1	-2	-1	3	4	-3	-2	-1	0	0	0	0	0	0	0	0	0	0	0	0	0	0	0	44	56	0	0	0	0.41	inf
-2	-3	-3	-4	-2	-3	-3	-3	-1	0	0	-3	0	6	-4	-2	-2	1	3	-1	0	0	0	0	0	0	0	0	0	0	0	0	0	100	0	0	0	0	0	0	0.80	inf
-2	-1	-1	-2	-3	-1	-1	-3	6	-2	-1	-2	-1	4	-3	-2	-2	0	4	-2	0	0	0	0	0	0	0	0	46	0	0	0	0	31	0	0	0	0	23	0	0.56	inf
-1	2	0	-1	-3	3	1	-2	0	-3	-2	4	-1	-3	-1	0	-1	-3	-2	-2	0	0	0	0	0	23	0	0	0	0	0	77	0	0	0	0	0	0	0	0	0.51	inf
-1	-3	-3	-3	4	-3	-3	-3	-3	2	1	-3	0	3	-3	-2	-1	-1	0	2	0	0	0	0	20	0	0	0	0	23	0	0	0	23	0	0	0	0	0	34	0.30	inf
0	1	0	-1	-2	0	0	-2	-1	-2	-2	3	-1	-3	-1	1	3	-3	-2	-1	0	0	0	0	0	0	0	0	0	0	0	46	0	0	0	0	54	0	0	0	0.34	inf
-1	-2	-3	-4	-1	-2	-3	-3	-3	2	3	-2	3	0	-3	-2	-1	-2	-1	2	0	0	0	0	0	0	0	0	0	0	69	0	11	0	0	0	0	0	0	20	0.37	inf
0	-2	0	5	-3	0	1	-1	-1	-3	-3	-1	-3	-3	4	0	-1	-4	-3	-2	11	0	0	58	0	0	8	0	0	0	0	0	0	0	23	0	0	0	0	0	0.68	inf
0	-3	-3	-3	-1	-2	-3	-3	-3	3	1	-2	1	-1	-2	-2	0	-3	-1	4	0	0	0	0	0	0	0	0	0	0	0	0	0	0	0	0	0	0	0	100	0.38	inf
-1	-2	-2	-2	-3	-1	-1	-2	-2	-3	-3	-1	-3	-4	7	-1	-1	-4	-3	-2	0	0	0	0	0	0	0	0	0	0	0	0	0	0	100	0	0	0	0	0	2.08	inf
-1	0	0	1	-4	2	5	-2	0	-3	-3	1	-2	-3	-1	0	-1	-3	-2	-3	0	0	0	0	0	0	100	0	0	0	0	0	0	0	0	0	0	0	0	0	0.77	inf
-2	-1	1	5	-4	0	3	-2	-1	-3	-4	0	-3	-4	-1	0	-1	-4	-3	-3	0	0	0	77	0	0	23	0	0	0	0	0	0	0	0	0	0	0	0	0	0.81	inf
-2	-2	-3	-4	-1	-2	-3	-4	-3	1	4	-3	2	0	-3	-3	-1	-2	-1	1	0	0	0	0	0	0	0	0	0	0	100	0	0	0	0	0	0	0	0	0	0.48	inf
-2	6	-1	-2	-4	1	0	-2	0	-3	-2	2	-1	-3	-2	-1	-1	-3	-2	-3	0	100	0	0	0	0	0	0	0	0	0	0	0	0	0	0	0	0	0	0	0.80	inf
-1	0	0	1	-3	4	4	-2	0	-3	-3	1	-1	-3	-1	0	-1	-2	-2	-2	0	0	0	0	0	46	54	0	0	0	0	0	0	0	0	0	0	0	0	0	0.63	inf
1	-1	-1	-1	-2	0	2	-2	-1	0	0	-1	4	-1	-2	1	0	-2	-1	0	21	0	0	0	0	0	23	0	0	0	0	0	46	0	0	10	0	0	0	0	0.16	inf
1	-3	-2	-3	8	-2	-3	-2	-3	-1	-1	-2	-1	-2	-2	0	-1	-2	-2	-1	23	0	0	0	77	0	0	0	0	0	0	0	0	0	0	0	0	0	0	0	0.92	inf
3	-1	-1	-1	-1	2	0	0	-1	-2	-2	0	-1	-3	-1	2	0	-2	-2	-1	55	0	0	0	0	23	0	0	0	0	0	0	0	0	0	21	0	0	0	0	0.31	inf
-1	1	3	0	-3	1	0	-1	0	-3	-3	4	-2	-3	-1	0	-1	-3	-2	-3	0	0	31	0	0	0	0	0	0	0	0	69	0	0	0	0	0	0	0	0	0.45	inf
-1	-1	0	4	-4	1	4	-2	-1	-3	-3	0	-3	-3	-1	0	-1	-3	-3	-3	0	0	0	46	0	0	54	0	0	0	0	0	0	0	0	0	0	0	0	0	0.70	inf
1	-1	3	0	-2	0	-1	2	-1	-3	-3	-1	-2	-3	-1	2	0	-3	-2	-2	8	0	31	0	0	0	0	23	0	0	0	0	0	0	0	38	0	0	0	0	0.38	inf
3	-2	-2	-2	-1	-1	-2	-1	-2	2	0	-1	0	-1	-2	0	0	-3	-2	2	55	0	0	0	0	0	0	0	0	23	0	0	0	0	0	0	0	0	0	21	0.21	inf
-2	0	0	-1	-3	0	0	-2	8	-3	-3	-1	-2	-1	-2	-1	-2	-2	2	-3	0	0	0	0	0	0	0	0	100	0	0	0	0	0	0	0	0	0	0	0	0.96	inf
-1	2	0	-1	-3	1	1	-2	-1	-3	-3	5	-1	-3	-1	0	-1	-3	-2	-2	0	0	0	0	0	0	0	0	0	0	0	100	0	0	0	0	0	0	0	0	0.56	inf
-1	-1	1	5	-4	1	4	-2	-1	-3	-3	0	-3	-3	-1	0	-1	-4	-3	-3	0	0	0	55	0	0	45	0	0	0	0	0	0	0	0	0	0	0	0	0	0.72	inf
-2	-3	-3	-4	-2	-3	-3	-3	-1	0	0	-3	0	6	-4	-2	-2	1	3	-1	0	0	0	0	0	0	0	0	0	0	0	0	0	100	0	0	0	0	0	0	0.80	inf
-1	2	0	-1	-3	3	1	-2	0	-3	-2	4	-1	-3	-1	0	-1	-3	-2	-2	0	0	0	0	0	23	0	0	0	0	0	77	0	0	0	0	0	0	0	0	0.51	inf
-1	3	0	-1	-3	1	1	-2	-1	-3	-2	4	-1	-3	-1	0	-1	-3	-2	-2	0	23	0	0	0	0	0	0	0	0	0	77	0	0	0	0	0	0	0	0	0.54	inf
4	-1	-1	-2	-1	-1	-1	0	-2	-1	-1	-1	-1	-2	-1	1	2	-3	-2	0	77	0	0	0	0	0	0	0	0	0	0	0	0	0	0	0	23	0	0	0	0.35	inf
-1	-3	-3	-3	-1	-2	-3	-3	-3	3	2	-2	1	-1	-3	-2	0	-3	-1	3	0	0	0	0	0	0	0	0	0	23	11	0	0	0	0	0	0	0	0	65	0.34	inf
0	-2	0	2	-3	-1	-1	5	-2	-4	-4	-1	-3	-3	-2	0	-2	-3	-3	-3	0	0	0	23	0	0	0	77	0	0	0	0	0	0	0	0	0	0	0	0	0.80	inf
4	-2	-2	-2	0	-1	-1	0	-2	-1	-2	-1	-1	-2	-1	1	0	-3	-2	0	100	0	0	0	0	0	0	0	0	0	0	0	0	0	0	0	0	0	0	0	0.44	inf
-1	-2	1	-2	4	-2	-3	2	-1	-1	-1	-2	-1	4	-3	-1	-1	-1	1	-1	0	0	11	0	20	0	0	23	0	0	0	0	0	46	0	0	0	0	0	0	0.33	inf
0	2	0	-1	3	0	-1	-1	-1	0	-1	0	-1	-2	-2	2	0	-3	-2	1	0	20	0	0	11	0	0	0	0	0	0	0	0	0	0	46	0	0	0	23	0.18	inf
0	-3	-3	-3	5	-3	-3	-3	-3	3	1	-3	0	-1	-3	-2	0	-3	-2	3	0	0	0	0	23	0	0	0	0	21	0	0	0	0	0	0	0	0	0	56	0.36	inf
-1	-1	2	-1	-2	-1	-1	-1	0	-1	-1	-1	-1	2	-2	2	2	-1	2	-1	0	0	23	0	0	0	0	0	0	0	0	0	0	21	0	23	23	0	10	0	0.22	inf
-2	-2	-2	-3	-2	-2	-2	-3	1	-1	0	-2	0	3	-3	-2	-2	2	6	-1	0	0	0	0	0	0	0	0	0	0	11	0	0	10	0	0	0	0	79	0	0.72	inf
-1	-1	2	4	-3	0	1	-1	4	-3	-3	-1	-2	-3	-2	1	0	-3	-1	-3	0	0	11	46	0	0	0	0	20	0	0	0	0	0	0	23	0	0	0	0	0.47	inf
1	2	-1	-1	-2	0	-1	-2	-1	-1	-2	0	-1	-2	4	1	0	-3	-2	-1	10	23	0	0	0	0	0	0	0	11	0	0	0	0	32	23	0	0	0	0	0.47	inf
-1	-1	0	3	-3	1	4	-2	-1	-3	-3	0	-2	-3	-1	0	1	-3	-2	-2	0	0	0	23	0	0	65	0	0	0	0	0	0	0	0	0	11	0	0	0	0.58	inf
-1	-1	4	0	-2	-1	-1	-1	0	-1	1	-1	0	-2	-2	0	2	-3	-2	-1	0	0	57	0	0	0	0	0	0	0	23	0	0	0	0	0	20	0	0	0	0.30	inf
-1	-1	1	2	-2	-1	0	-2	1	-2	-2	-1	-2	1	-2	1	0	0	5	-2	0	0	10	23	0	0	0	0	0	0	0	0	0	0	0	11	10	0	46	0	0.34	inf
1	0	0	0	-2	5	2	-1	0	-2	-2	1	-1	-3	-1	0	-1	-2	-2	-2	23	0	0	0	0	65	11	0	0	0	0	0	0	0	0	0	0	0	0	0	0.46	inf
-2	-2	-3	-4	-1	-2	-3	-4	-3	1	4	-3	2	0	-3	-3	-1	-2	-1	1	0	0	0	0	0	0	0	0	0	0	100	0	0	0	0	0	0	0	0	0	0.48	inf
-1	-3	-3	-3	-1	-2	-3	-3	-3	3	1	-2	2	2	-3	-2	-1	-2	0	3	0	0	0	0	0	0	0	0	0	33	0	0	10	11	0	0	0	0	0	46	0.29	inf
-1	-3	-3	-3	-1	-3	-3	-4	-3	4	1	-3	1	0	-3	-2	-1	-3	-1	3	0	0	0	0	0	0	0	0	0	77	0	0	0	0	0	0	0	0	0	23	0.39	inf
-1	-2	-3	-4	-1	-2	-3	-4	-3	2	4	-3	2	0	-3	-2	-1	-2	-1	1	0	0	0	0	0	0	0	0	0	23	77	0	0	0	0	0	0	0	0	0	0.42	inf
1	-1	1	0	-1	0	0	0	-1	-2	-3	0	-2	-2	-1	4	1	-3	-2	-2	0	0	0	0	0	0	0	0	0	0	0	0	0	0	0	100	0	0	0	0	0.49	inf
1	0	-1	-2	-1	-1	-1	-2	-2	2	0	1	0	-1	-2	0	1	-3	-2	2	20	0	0	0	0	0	0	0	0	23	0	23	0	0	0	0	11	0	0	23	0.11	inf
-1	-1	4	0	3	-1	-1	-1	0	-2	-2	-1	-1	2	-2	1	1	-2	0	-2	0	0	46	0	10	0	0	0	0	0	0	0	0	23	0	10	11	0	0	0	0.26	inf
-1	0	0	1	-4	2	5	-2	0	-3	-3	1	-2	-3	-1	0	-1	-3	-2	-3	0	0	0	0	0	0	100	0	0	0	0	0	0	0	0	0	0	0	0	0	0.77	inf
1	-1	-1	-2	-1	-1	-1	-2	4	1	0	-1	0	-1	-2	0	0	-3	0	2	21	0	0	0	0	0	0	0	23	0	0	0	0	0	0	10	0	0	0	46	0.16	inf
0	-1	0	-1	-1	-1	-1	-2	-2	-1	-2	-1	-1	-2	2	2	4	-3	-2	0	0	0	0	0	0	0	0	0	0	0	0	0	0	0	11	8	81	0	0	0	0.47	inf
0	-1	-1	-2	-1	2	0	-2	-1	2	0	-1	0	-1	-2	1	0	-3	-1	2	0	0	0	0	0	23	0	0	0	23	0	0	0	0	0	23	0	0	0	31	0.13	inf
-1	2	0	-1	-3	1	1	-2	-1	-3	-3	5	-1	-3	-1	0	-1	-3	-2	-2	0	0	0	0	0	0	0	0	0	0	0	100	0	0	0	0	0	0	0	0	0.56	inf
-2	6	-1	-2	-4	1	0	-2	0	-3	-2	2	-1	-3	-2	-1	-1	-3	-2	-3	0	100	0	0	0	0	0	0	0	0	0	0	0	0	0	0	0	0	0	0	0.80	inf
4	-2	-2	-2	-1	-1	-1	0	-2	0	-1	-1	-1	-2	-1	1	0	-3	-2	1	80	0	0	0	0	0	0	0	0	0	0	0	0	0	0	0	0	0	0	20	0.31	inf
0	-1	4	0	-2	0	0	-1	4	-3	-3	0	-2	-2	-2	2	0	-3	-1	-2	0	0	35	0	0	0	0	0	23	0	0	0	0	0	0	42	0	0	0	0	0.40	inf
-1	-2	-3	-3	-1	-1	-2	-3	-2	2	2	-2	5	0	-3	-2	-1	-2	-1	1	0	0	0	0	0	0	0	0	0	20	11	0	69	0	0	0	0	0	0	0	0.34	inf
-2	-2	-3	-4	-1	-2	-3	-4	-3	1	4	-3	2	0	-3	-3	-1	-2	-1	1	0	0	0	0	0	0	0	0	0	0	100	0	0	0	0	0	0	0	0	0	0.48	inf
0	0	0	-1	2	0	-1	1	-2	1	-1	1	-1	-2	-2	2	0	-3	-2	0	0	0	0	0	8	0	0	11	0	23	0	23	0	0	0	35	0	0	0	0	0.11	inf
-2	-2	1	6	-4	0	1	-1	-1	-3	-4	-1	-3	-4	-2	0	-1	-4	-3	-3	0	0	0	100	0	0	0	0	0	0	0	0	0	0	0	0	0	0	0	0	0.98	inf
-1	-2	-2	-3	-2	-1	-2	-3	-2	1	2	-1	6	0	-3	-2	-1	-2	-1	1	0	0	0	0	0	0	0	0	0	0	0	0	100	0	0	0	0	0	0	0	0.43	inf
-2	0	0	-1	-3	0	0	-2	8	-3	-3	-1	-2	-1	-2	-1	-2	-2	2	-3	0	0	0	0	0	0	0	0	100	0	0	0	0	0	0	0	0	0	0	0	0.96	inf
-2	-3	-3	-4	-2	-3	-3	-3	-2	0	2	-3	0	6	-4	-2	-2	1	2	-1	0	0	0	0	0	0	0	0	0	0	20	0	0	80	0	0	0	0	0	0	0.62	inf
-2	6	-1	-2	-4	1	0	-2	0	-3	-2	2	-1	-3	-2	-1	-1	-3	-2	-3	0	100	0	0	0	0	0	0	0	0	0	0	0	0	0	0	0	0	0	0	0.80	inf
1	-1	3	0	-1	0	0	0	-1	-3	-3	0	-2	-3	-1	4	1	-3	-2	-2	0	0	23	0	0	0	0	0	0	0	0	0	0	0	0	77	0	0	0	0	0.43	inf
-1	-2	-3	-4	-1	-2	-3	-4	-3	2	4	-3	2	0	-3	-2	-1	-2	-1	1	0	0	0	0	0	0	0	0	0	20	80	0	0	0	0	0	0	0	0	0	0.42	inf
-1	5	0	-1	-3	1	0	-2	0	-3	-2	2	-1	-3	-2	1	0	-3	-2	-2	0	77	0	0	0	0	0	0	0	0	0	0	0	0	0	23	0	0	0	0	0.57	inf
0	-1	0	-1	-1	2	0	-2	-1	-1	-1	0	-1	-2	-1	1	4	-2	-2	-1	0	0	0	0	0	23	0	0	0	0	0	0	0	0	0	0	77	0	0	0	0.40	inf
-1	2	0	-1	-3	1	1	-2	-1	-3	-3	5	-1	-3	-1	0	-1	-3	-2	-2	0	0	0	0	0	0	0	0	0	0	0	100	0	0	0	0	0	0	0	0	0.56	inf
-1	-2	-3	-4	-1	-2	-3	-4	-3	2	3	-2	2	0	-3	-2	-1	-2	-1	2	0	0	0	0	0	0	0	0	0	0	77	0	0	0	0	0	0	0	0	23	0.39	inf
0	-1	-1	-2	-1	0	-1	-1	-1	0	1	-1	4	-1	-2	2	0	-2	-1	0	0	0	0	0	0	0	0	0	0	0	11	0	43	0	0	46	0	0	0	0	0.19	inf
-2	-2	-3	-4	-1	-2	-3	-4	-3	1	4	-3	2	0	-3	-3	-1	-2	-1	1	0	0	0	0	0	0	0	0	0	0	100	0	0	0	0	0	0	0	0	0	0.48	inf
-1	-2	-3	-3	-1	-1	-3	-3	-2	2	2	-2	5	0	-3	-2	-1	-2	-1	1	0	0	0	0	0	0	0	0	0	23	23	0	54	0	0	0	0	0	0	0	0.33	inf
0	0	-1	-1	-2	0	-1	-2	-1	0	2	1	2	-1	-2	1	0	-2	-1	0	0	0	0	0	0	0	0	0	0	0	31	23	15	0	0	31	0	0	0	0	0.12	inf
-2	6	-1	-2	-4	1	0	-2	0	-3	-2	2	-1	-3	-2	-1	-1	-3	-2	-3	0	100	0	0	0	0	0	0	0	0	0	0	0	0	0	0	0	0	0	0	0.80	inf
-1	-1	5	1	-2	0	0	-1	0	-3	-3	0	-2	-3	-2	1	2	-3	-2	-2	0	0	77	0	0	0	0	0	0	0	0	0	0	0	0	0	23	0	0	0	0.57	inf
-1	0	0	1	-4	2	5	-2	0	-3	-3	1	-2	-3	-1	0	-1	-3	-2	-3	0	0	0	0	0	0	100	0	0	0	0	0	0	0	0	0	0	0	0	0	0.77	inf
-1	0	0	1	-4	2	5	-2	0	-3	-3	1	-2	-3	-1	0	-1	-3	-2	-3	0	0	0	0	0	0	100	0	0	0	0	0	0	0	0	0	0	0	0	0	0.77	inf
4	-2	-2	-2	0	-1	-1	0	-2	-1	-2	-1	-1	-2	-1	1	0	-3	-2	0	100	0	0	0	0	0	0	0	0	0	0	0	0	0	0	0	0	0	0	0	0.44	inf
2	-1	0	-1	-1	0	-1	-1	-1	-2	-2	-1	-1	-2	-1	3	3	-3	-2	-1	23	0	0	0	0	0	0	0	0	0	0	0	0	0	0	46	31	0	0	0	0.34	inf
-1	3	0	-1	-3	1	1	-2	-1	-3	-2	4	-1	-3	-1	0	-1	-3	-2	-2	0	23	0	0	0	0	0	0	0	0	0	77	0	0	0	0	0	0	0	0	0.54	inf
-1	1	0	-1	-3	5	1	-2	5	-3	-2	1	-1	-3	-2	0	-1	-2	0	-3	0	0	0	0	0	69	0	0	31	0	0	0	0	0	0	0	0	0	0	0	0.59	inf
-2	-2	-3	-4	-1	-2	-3	-4	-3	1	4	-3	2	0	-3	-3	-1	-2	-1	1	0	0	0	0	0	0	0	0	0	0	100	0	0	0	0	0	0	0	0	0	0.48	inf
-1	0	0	1	-4	2	5	-2	0	-3	-3	1	-2	-3	-1	0	-1	-3	-2	-3	0	0	0	0	0	0	100	0	0	0	0	0	0	0	0	0	0	0	0	0	0.77	inf
0	-1	0	-1	4	-1	-1	-1	-2	-2	-2	-1	-1	-2	-1	3	3	-3	-2	-1	0	0	0	0	20	0	0	0	0	0	0	0	0	0	0	46	35	0	0	0	0.37	inf
1	-1	0	-1	-1	0	0	-1	-1	-2	-2	0	-1	-2	-1	3	3	-3	-2	-1	0	0	0	0	0	0	0	0	0	0	0	0	0	0	0	57	43	0	0	0	0.40	inf
-1	4	0	-1	-3	1	0	-2	-1	-3	-2	4	-1	-3	-2	-1	-1	-3	-2	-2	0	46	0	0	0	0	0	0	0	0	0	54	0	0	0	0	0	0	0	0	0.57	inf
-1	1	0	0	-2	5	2	-1	0	-2	-2	1	0	-2	-1	0	-1	-1	-1	-2	2	1	1	1	0	78	1	2	1	1	2	1	1	1	1	2	1	0	1	1	0.46	inf
-2	-2	-3	-4	-1	-2	-3	-4	-3	1	4	-3	2	0	-3	-3	-1	-2	-1	1	0	0	0	0	0	0	0	0	0	0	100	0	0	0	0	0	0	0	0	0	0.48	inf
3	-1	-2	-2	-1	-1	-1	0	-2	-1	0	-1	2	-2	-1	1	0	-2	-2	0	77	0	0	0	0	0	0	0	0	0	0	0	23	0	0	0	0	0	0	0	0.28	inf
2	-1	0	-1	-1	0	0	0	-1	-2	-2	0	-1	-2	-1	4	1	-3	-2	-1	21	0	0	0	0	0	0	0	0	0	0	0	0	0	0	79	0	0	0	0	0.41	inf
2	5	-1	-2	-2	0	0	-1	-1	-2	-2	1	-1	-3	-2	0	-1	-3	-2	-2	31	69	0	0	0	0	0	0	0	0	0	0	0	0	0	0	0	0	0	0	0.47	inf
-2	-3	-3	-3	-2	-3	-3	-3	0	0	0	-3	0	6	-4	-2	-2	1	4	-1	0	0	0	0	0	0	0	0	0	0	0	0	0	77	0	0	0	0	23	0	0.73	inf
-1	-1	0	-1	-2	1	0	-2	7	-1	-2	-1	-1	-1	-2	-1	-1	-2	1	1	0	0	0	0	0	11	0	0	65	0	0	0	0	0	0	0	0	0	0	23	0.47	inf
-1	0	0	2	-4	2	5	-2	0	-3	-3	0	-2	-3	-1	0	-1	-3	-2	-3	0	0	0	7	0	0	93	0	0	0	0	0	0	0	0	0	0	0	0	0	0.81	inf
-1	4	0	0	-3	3	3	-2	0	-3	-2	1	-1	-3	-2	-1	-1	-3	-2	-3	0	47	0	0	0	26	26	0	0	0	0	0	0	0	0	0	0	0	0	0	0.57	inf
-2	-3	-3	-4	-3	-3	-3	-3	-1	0	0	-3	0	7	-4	-3	-2	1	3	-1	0	0	0	0	0	0	0	0	0	0	0	0	0	100	0	0	0	0	0	0	0.92	inf
2	0	-2	-2	-1	-1	-1	-1	-2	2	0	-1	0	-1	-2	0	0	-3	-2	1	47	10	0	0	0	0	0	0	0	31	0	0	0	0	0	0	6	0	0	5	0.16	inf
0	-3	-3	-3	-1	-2	-3	-3	-3	2	1	-2	1	-1	-3	-2	0	-3	-1	4	0	0	0	0	0	0	0	0	0	0	0	0	0	0	0	0	0	0	0	100	0.46	inf
-2	4	-2	-3	-2	0	-1	-3	-1	0	2	1	1	-1	-3	-2	-1	-2	-2	-1	0	53	0	0	0	0	0	0	0	0	47	0	0	0	0	0	0	0	0	0	0.36	inf
0	-1	0	2	-2	1	3	-1	-1	-3	-3	0	-2	-3	-1	3	0	-3	-2	-2	0	0	0	10	0	0	43	0	0	0	0	0	0	0	0	47	0	0	0	0	0.45	inf
-2	-2	1	6	-4	-1	1	-2	-1	-3	-4	-1	-3	-4	-2	0	-1	-4	-3	-3	0	0	0	100	0	0	0	0	0	0	0	0	0	0	0	0	0	0	0	0	1.07	inf
-2	-3	-3	-4	-1	-3	-3	-4	-3	3	3	-3	2	0	-3	-3	-1	-2	-1	2	0	0	0	0	0	0	0	0	0	47	53	0	0	0	0	0	0	0	0	0	0.42	inf
-1	-2	-3	-4	-2	-1	-3	-3	-2	1	3	-2	5	0	-3	-2	-1	-2	-1	1	0	0	0	0	0	0	0	0	0	0	47	0	53	0	0	0	0	0	0	0	0.44	inf
0	-3	-1	-2	-3	-2	-2	6	-2	-4	-4	-2	-3	-3	-2	0	-2	-3	-3	-3	0	0	0	0	0	0	0	100	0	0	0	0	0	0	0	0	0	0	0	0	1.15	inf
-1	-2	-1	2	-2	-1	-1	-3	-2	1	3	-1	1	-1	-2	-2	-1	-2	-2	1	0	0	0	21	0	0	0	0	0	0	53	7	0	0	0	0	0	0	0	19	0.19	inf
3	-1	-1	-1	-1	0	2	0	-1	-1	-2	-1	-1	-2	-1	1	0	-3	-2	0	72	0	0	0	0	0	21	0	0	0	0	0	0	0	0	0	0	0	0	7	0.32	inf
0	-3	-1	2	-2	-2	-1	2	-2	3	0	-2	0	-1	-2	-1	-1	-3	-2	1	7	0	0	21	0	0	0	19	0	53	0	0	0	0	0	0	0	0	0	0	0.16	inf
0	-2	0	-1	-2	-1	-1	4	4	-3	-3	-1	-2	-3	-2	0	1	-3	-1	-2	0	0	0	0	0	0	0	60	21	0	0	0	0	0	0	0	19	0	0	0	0.58	inf
0	-1	0	1	-1	0	1	-2	-2	-1	1	-1	0	-2	-1	1	3	-3	-2	0	0	0	0	7	0	0	12	0	0	0	21	0	0	0	0	10	50	0	0	0	0.22	inf
-1	-1	0	0	-3	0	0	2	7	-3	-3	-1	-2	0	-2	-1	-2	-2	1	-3	0	0	0	7	0	0	6	21	59	0	0	0	0	6	0	0	0	0	0	0	0.55	inf
0	-2	0	2	-3	-2	-1	5	-2	-4	-4	-1	-3	-3	-2	0	-2	-3	-3	-3	0	0	0	21	0	0	0	79	0	0	0	0	0	0	0	0	0	0	0	0	0.86	inf
2	-1	-1	-1	-1	-1	-1	-1	-2	-1	-1	-1	2	-2	-1	2	2	-2	-2	0	32	0	0	0	0	0	0	0	0	0	0	0	18	0	0	25	25	0	0	0	0.24	inf
0	-1	4	3	-2	0	0	-1	0	-3	-3	0	-2	-3	-2	2	0	-4	-2	-3	5	0	51	18	0	0	0	0	0	0	0	0	0	0	0	25	0	0	0	0	0.50	inf
-2	-3	-3	-3	-2	-3	-3	-4	-3	3	2	-3	1	3	-3	-3	-1	-1	0	2	0	0	0	0	0	0	0	0	0	51	30	0	0	18	0	0	0	0	0	0	0.36	inf
-1	1	0	-1	-3	5	1	-2	0	-3	-2	2	-1	-3	-1	0	-1	-2	-2	-2	0	0	0	0	0	82	0	0	0	0	0	18	0	0	0	0	0	0	0	0	0.69	inf
0	0	-1	-2	-2	4	0	-2	-1	0	0	0	3	-2	-2	-1	-1	-2	-1	1	10	0	0	0	0	41	0	0	0	0	0	0	30	0	0	0	0	0	0	18	0.23	inf
3	-2	-1	3	-1	-1	0	0	-2	-2	-2	-1	-2	-3	-1	1	0	-3	-2	-1	70	0	0	30	0	0	0	0	0	0	0	0	0	0	0	0	0	0	0	0	0.39	inf
-1	4	-1	-2	-3	0	-1	1	-1	1	-1	1	-1	-2	-2	-1	-1	-3	-2	0	0	51	0	0	0	0	0	18	0	30	0	0	0	0	0	0	0	0	0	0	0.28	inf
-1	1	0	-1	-2	1	0	-2	-1	-2	-2	4	-1	-3	-1	0	2	-3	-2	-2	0	0	0	0	0	0	0	0	0	0	0	71	0	0	0	0	29	0	0	0	0.43	inf
1	-2	-3	-2	-1	-2	-1	-3	-3	3	1	-2	0	-1	-2	-1	0	-3	-1	3	12	0	0	0	0	0	6	0	0	25	0	0	0	0	0	0	0	0	0	56	0.25	inf
1	-1	-1	2	-3	1	2	-2	-1	-3	-3	0	-2	-3	5	0	-1	-3	-3	-2	15	0	0	22	0	6	16	0	0	0	0	0	0	0	41	0	0	0	0	0	0.76	inf
0	-3	-1	-2	-3	-2	-2	6	-2	-4	-4	-2	-3	-3	-2	0	-2	-3	-3	-3	0	0	0	0	0	0	0	100	0	0	0	0	0	0	0	0	0	0	0	0	1.15	inf
-1	-3	-3	-3	-1	-3	-3	-4	-3	3	1	-3	1	-1	-3	-2	0	-3	-1	4	0	0	0	0	0	0	0	0	0	41	0	0	0	0	0	0	0	0	0	59	0.41	inf
0	-1	0	-1	-1	-1	-1	-2	-2	-1	-1	-1	-1	-2	-1	1	5	-3	-2	0	0	0	0	0	0	0	0	0	0	0	0	0	0	0	0	0	100	0	0	0	0.61	inf
2	0	2	-1	-1	0	0	0	-1	-2	-2	2	-1	-3	-1	2	0	-3	-2	-1	41	0	16	0	0	0	0	0	0	0	0	25	0	0	0	18	0	0	0	0	0.27	inf
-1	-3	-3	-3	-1	-3	-3	-4	-3	4	2	-3	1	0	-3	-2	-1	-3	-1	3	0	0	0	0	0	0	0	0	0	51	18	0	0	0	0	0	0	0	0	30	0.38	inf
2	-1	0	3	-2	2	3	-1	-1	-3	-3	0	-2	-3	-1	0	-1	-3	-2	-2	30	0	0	26	0	18	26	0	0	0	0	0	0	0	0	0	0	0	0	0	0.38	inf
-2	-2	-3	-4	-1	-2	-3	-4	-3	1	4	-2	3	0	-3	-2	-1	-2	-1	1	0	0	0	0	0	0	0	0	0	0	82	0	18	0	0	0	0	0	0	0	0.47	inf
-1	-1	1	5	-3	0	2	1	-1	-3	-3	-1	-3	-3	-2	0	-1	-4	-3	-3	5	0	5	58	0	0	15	16	0	0	0	0	0	0	0	0	0	0	0	0	0.60	inf
1	0	-1	0	-3	3	4	-2	0	-3	-2	1	-1	-3	-1	0	-1	-3	-2	-2	18	0	0	0	0	30	51	0	0	0	0	0	0	0	0	0	0	0	0	0	0.51	inf
-1	1	0	3	-3	1	2	-2	-1	-3	-3	3	-2	-3	-1	0	-1	-3	-2	-3	0	5	0	35	0	6	6	0	0	0	0	47	0	0	0	0	0	0	0	0	0.48	inf
0	-1	0	2	-2	0	1	2	-1	-2	-2	-1	-2	-3	-1	1	3	-3	-2	-2	0	0	0	17	0	0	10	22	0	0	0	0	0	0	0	15	37	0	0	0	0.31	inf
0	-3	-1	-2	6	-2	-3	4	-3	-3	-3	-2	-2	-3	-3	-1	-1	-3	-3	-2	0	0	0	0	42	0	0	58	0	0	0	0	0	0	0	0	0	0	0	0	0.85	inf
-1	4	0	-1	-2	0	-1	-2	-1	-2	-2	1	-1	-3	-2	0	3	-3	-2	-1	0	49	0	0	0	0	0	0	0	0	0	0	0	0	0	0	51	0	0	0	0.45	inf
-2	-2	-3	-3	-2	-2	-3	-3	-2	2	1	-1	1	5	-3	-2	-2	0	1	1	0	0	0	0	0	0	0	0	0	21	16	6	0	51	0	0	0	0	0	5	0.37	inf
-2	2	0	-1	-3	0	0	-2	7	-3	-3	1	-2	-2	-2	-1	-2	-3	1	-3	0	16	0	0	0	0	0	0	74	0	0	10	0	0	0	0	0	0	0	0	0.78	inf
-2	-3	-3	-3	-1	-3	-3	-4	-3	5	1	-3	1	0	-3	-3	-1	-3	-2	2	0	0	0	0	0	0	0	0	0	100	0	0	0	0	0	0	0	0	0	0	0.52	inf
-1	-2	-2	-3	-2	-2	-2	-3	0	0	2	-2	1	2	-3	0	-1	0	5	0	0	0	0	0	0	0	0	0	0	0	49	0	0	0	0	10	0	0	41	0	0.36	inf
0	-3	-1	-2	-3	-2	-2	6	-2	-4	-4	-2	-3	-3	-2	0	-2	-3	-3	-3	0	0	0	0	0	0	0	100	0	0	0	0	0	0	0	0	0	0	0	0	1.15	inf
-1	0	-1	1	-4	2	5	-2	0	-3	-3	1	-2	-3	-1	0	-1	-3	-2	-3	0	0	0	0	0	0	100	0	0	0	0	0	0	0	0	0	0	0	0	0	0.86	inf
-1	-1	0	3	-2	-1	-1	-2	-2	0	0	-1	4	-1	-2	0	1	-2	-2	0	0	0	0	26	0	0	0	0	0	0	0	0	49	0	0	10	16	0	0	0	0.23	inf
2	-1	-1	-1	-1	3	1	-1	-1	-2	-2	0	-1	-3	1	1	0	-3	-2	-1	42	0	0	0	0	26	10	0	0	0	0	0	0	0	6	16	0	0	0	0	0.31	inf
-1	1	2	2	-3	1	3	-2	0	-3	-3	3	-2	-3	-1	0	-1	-3	-2	-3	0	0	12	13	0	0	39	0	0	0	0	36	0	0	0	0	0	0	0	0	0.47	inf
4	-2	-1	-2	-1	-1	-1	0	-2	-2	-2	-1	-1	-2	-1	2	0	-3	-2	0	90	0	0	0	0	0	0	0	0	0	0	0	0	0	0	10	0	0	0	0	0.46	inf
-1	-3	-3	-3	2	-2	-3	-3	-3	3	2	-3	1	0	-3	-2	-1	-2	-1	3	0	0	0	0	6	0	0	0	0	17	31	0	0	0	0	0	0	0	0	45	0.32	inf
0	1	0	0	-2	2	0	-1	-1	-2	-2	3	-1	-3	-1	1	2	-3	-2	-2	0	6	0	6	0	10	0	0	0	0	0	35	0	0	0	17	26	0	0	0	0.29	inf
-1	2	2	0	-3	2	2	0	0	-3	-3	3	-2	-3	-1	0	-1	-3	-2	-3	0	16	15	0	0	6	18	5	0	0	0	35	0	0	0	5	0	0	0	0	0.36	inf
4	-1	-1	-2	-1	-1	-1	0	-2	-2	-2	-1	-1	-2	-1	2	0	-3	-2	-1	77	0	0	0	0	0	0	0	0	0	0	0	0	0	0	23	0	0	0	0	0.42	inf
-2	6	-1	-2	-4	1	0	-3	0	-3	-2	2	-2	-3	-2	-1	-1	-3	-2	-3	0	100	0	0	0	0	0	0	0	0	0	0	0	0	0	0	0	0	0	0	0.90	inf
3	-1	-1	-1	-1	-1	-1	2	-2	-2	-2	-1	-1	-3	-1	2	1	-3	-2	-1	41	0	0	0	0	0	0	23	0	0	0	0	0	0	0	24	13	0	0	0	0.34	inf
-1	-1	-1	0	-3	2	3	-3	0	-1	-1	0	1	3	-2	-1	-1	0	4	-1	0	0	0	0	0	12	37	0	0	0	0	0	10	17	0	0	0	0	24	0	0.32	inf
-2	-2	-4	-4	-1	-2	-3	-4	-3	1	4	-3	2	0	-3	-3	-1	-2	-1	1	0	0	0	0	0	0	0	0	0	0	100	0	0	0	0	0	0	0	0	0	0.55	inf
-1	0	-1	1	-4	2	5	-2	0	-3	-3	1	-2	-3	-1	0	-1	-3	-2	-3	0	0	0	0	0	0	100	0	0	0	0	0	0	0	0	0	0	0	0	0	0.86	inf
-2	-2	-3	-3	-3	-2	-3	-3	2	-1	0	-3	0	6	-4	-2	-2	1	4	-1	0	0	0	0	0	0	0	0	6	0	0	0	0	69	0	0	0	0	25	0	0.74	inf
4	-2	-2	-2	-1	-1	-1	0	-2	-1	-1	-1	-1	-2	-1	1	0	-3	-2	1	84	0	0	0	0	0	0	0	0	0	0	0	0	0	0	6	0	0	0	10	0.39	inf
-1	-1	-1	0	-3	1	4	-2	-1	-3	-3	0	-2	-4	6	-1	-1	-3	-3	-3	0	0	0	0	0	0	51	0	0	0	0	0	0	0	49	0	0	0	0	0	1.04	inf
-1	-1	1	4	-4	1	4	-2	-1	-3	-3	0	-3	-3	-1	0	-1	-4	-3	-3	0	0	4	37	0	0	59	0	0	0	0	0	0	0	0	0	0	0	0	0	0.70	inf
0	-2	-2	-2	-1	-2	-2	-3	-2	1	0	-2	0	2	-2	0	2	-2	0	3	0	0	0	0	0	0	0	0	0	0	0	0	0	20	0	6	25	0	0	49	0.21	inf
-2	-3	-3	-3	-2	-2	-3	-3	-2	3	1	-3	3	4	-3	-2	-1	-1	1	1	0	0	0	0	0	0	0	0	0	35	5	0	23	31	0	0	0	0	0	6	0.32	inf
-1	1	2	0	-3	4	1	-2	2	-3	-3	2	-1	-3	-2	0	-1	-3	-1	-3	0	0	17	0	0	51	0	0	6	0	0	25	0	0	0	0	0	0	0	0	0.48	inf
-1	-3	-3	-3	-1	-3	-3	-4	-3	4	1	-3	1	-1	-3	-2	-1	-3	-1	3	0	0	0	0	0	0	0	0	0	49	0	0	0	0	0	0	0	0	0	51	0.41	inf
-1	-2	-2	-2	-3	-2	-1	-2	-2	-3	-3	-1	-3	-4	8	-1	-1	-4	-3	-3	0	0	0	0	0	0	0	0	0	0	0	0	0	0	100	0	0	0	0	0	2.16	inf
-1	4	-1	-2	-2	0	-1	-2	-1	-1	-1	1	-1	-2	-2	0	3	-3	-2	0	0	51	0	0	0	0	0	0	0	0	0	0	0	0	0	0	37	0	0	12	0.37	inf
-2	-1	4	4	-3	0	2	-1	0	-3	-4	0	-3	-3	-2	0	-1	-4	-3	-3	0	0	41	49	0	0	10	0	0	0	0	0	0	0	0	0	0	0	0	0	0.69	inf
-1	1	-2	-2	-2	0	-1	-3	-2	0	2	3	1	-1	-2	-1	-1	-2	-2	0	0	0	0	0	0	0	0	0	0	0	51	49	0	0	0	0	0	0	0	0	0.24	inf
-1	-3	-3	-3	-1	-3	-3	-4	-3	4	1	-3	1	-1	-3	-2	-1	-3	-1	3	0	0	0	0	0	0	0	0	0	49	0	0	0	0	0	0	0	0	0	51	0.41	inf
-1	4	-1	-2	-3	0	-1	4	-1	-4	-3	1	-2	-3	-2	-1	-2	-3	-2	-3	0	49	0	0	0	0	0	51	0	0	0	0	0	0	0	0	0	0	0	0	0.62	inf
-1	1	0	2	-3	1	3	-2	-1	-3	-3	3	-2	-3	-1	0	-1	-3	-2	-3	0	0	0	11	0	0	37	0	0	0	0	51	0	0	0	0	0	0	0	0	0.51	inf
0	-3	-3	-3	-1	-2	-3	-3	-3	2	1	-2	0	-1	-3	-2	0	-3	-1	4	0	0	0	0	0	0	0	0	0	0	0	0	0	0	0	0	0	0	0	100	0.46	inf
-2	-3	-3	-3	-1	-3	-3	-4	-3	5	1	-3	1	0	-3	-3	-1	-3	-2	2	0	0	0	0	0	0	0	0	0	100	0	0	0	0	0	0	0	0	0	0	0.52	inf
0	-3	-1	-2	-3	-2	-2	6	-2	-4	-4	-2	-3	-3	-2	0	-2	-3	-3	-3	0	0	0	0	0	0	0	100	0	0	0	0	0	0	0	0	0	0	0	0	1.15	inf
0	1	0	-1	-2	0	0	-1	-1	-2	-2	3	-1	-3	-1	2	2	-3	-2	-1	0	0	0	0	0	0	0	0	0	0	0	51	0	0	0	17	31	0	0	0	0.35	inf
-1	-1	4	0	-3	-1	-1	4	-1	-4	-4	-1	-3	-3	-2	0	-1	-3	-3	-3	0	0	51	0	0	0	0	49	0	0	0	0	0	0	0	0	0	0	0	0	0.68	inf
0	-3	-1	-2	-3	-2	-2	6	-2	-4	-4	-2	-3	-3	-2	0	-2	-3	-3	-3	0	0	0	0	0	0	0	100	0	0	0	0	0	0	0	0	0	0	0	0	1.15	inf
-1	3	0	-1	-3	1	1	-2	-1	-3	-3	5	-2	-3	-1	0	-1	-3	-2	-3	0	10	0	0	0	0	0	0	0	0	0	90	0	0	0	0	0	0	0	0	0.61	inf
-1	-3	-3	-3	-1	-2	-3	-3	-3	3	2	-2	1	-1	-3	-2	0	-3	-1	3	0	0	0	0	0	0	0	0	0	10	26	0	0	0	0	0	0	0	0	64	0.36	inf
-2	-3	-3	-3	-1	-3	-3	-4	-3	5	1	-3	1	0	-3	-3	-1	-3	-2	2	0	0	0	0	0	0	0	0	0	100	0	0	0	0	0	0	0	0	0	0	0.52	inf
-1	4	0	-1	-3	4	1	-2	0	-3	-2	2	-1	-3	-2	-1	-1	-2	-2	-3	0	49	0	0	0	51	0	0	0	0	0	0	0	0	0	0	0	0	0	0	0.65	inf
-1	0	-1	1	-4	2	5	-2	0	-3	-3	1	-2	-3	-1	0	-1	-3	-2	-3	0	0	0	0	0	0	100	0	0	0	0	0	0	0	0	0	0	0	0	0	0.86	inf
-2	-3	-3	-3	-1	-3	-3	-4	-3	5	1	-3	1	0	-3	-3	-1	-3	-2	2	0	0	0	0	0	0	0	0	0	100	0	0	0	0	0	0	0	0	0	0	0.52	inf
0	-3	-3	-3	-1	-2	-3	-3	-3	2	1	-2	0	-1	-3	-2	0	-3	-1	4	0	0	0	0	0	0	0	0	0	0	0	0	0	0	0	0	0	0	0	100	0.46	inf
-1	-1	0	5	-4	1	4	-2	-1	-3	-3	0	-3	-4	-1	0	-1	-4	-3	-3	0	0	0	51	0	0	49	0	0	0	0	0	0	0	0	0	0	0	0	0	0.76	inf
-1	2	0	-1	-3	1	1	-2	-1	-3	-3	5	-2	-3	-1	0	-1	-3	-2	-3	0	0	0	0	0	0	0	0	0	0	0	100	0	0	0	0	0	0	0	0	0.65	inf
0	-1	0	-1	-1	-1	-1	-1	-1	-2	-2	-1	-1	-2	-1	3	4	-3	-2	-1	0	0	0	0	0	0	0	0	0	0	0	0	0	0	0	51	49	0	0	0	0.45	inf
0	-3	-1	-2	-3	-2	-2	6	-2	-4	-4	-2	-3	-3	-2	0	-2	-3	-3	-3	0	0	0	0	0	0	0	100	0	0	0	0	0	0	0	0	0	0	0	0	1.15	inf
3	-2	-2	-3	-1	-2	-2	-1	-2	1	0	-2	0	-2	-2	0	0	-3	-2	3	49	0	0	0	0	0	0	0	0	0	0	0	0	0	0	0	0	0	0	51	0.26	inf
0	-1	-1	-1	-1	-1	-1	-1	-1	1	0	-1	0	1	-1	-1	0	-1	0	2	4	2	2	3	1	2	3	4	1	2	4	3	1	12	3	3	3	1	2	45	0.05	inf
-1	5	0	-1	-3	1	0	-2	-1	-3	-2	4	-2	-3	-2	-1	-1	-3	-2	-3	0	51	0	0	0	0	0	0	0	0	0	49	0	0	0	0	0	0	0	0	0.63	inf
-1	-3	-3	-3	-1	-3	-3	-4	-3	4	1	-3	1	-1	-3	-2	0	-3	-1	4	0	0	0	0	0	0	0	0	0	43	0	0	0	0	0	0	0	0	0	57	0.41	inf
-2	4	4	0	-3	0	0	-1	0	-3	-3	2	-2	-3	-2	0	-1	-3	-2	-3	0	41	49	0	0	0	0	0	0	0	0	10	0	0	0	0	0	0	0	0	0.55	inf
-1	-3	-3	-3	-1	-3	-3	-4	-3	4	1	-3	1	0	-3	-2	-1	-3	-1	3	0	0	0	0	0	0	0	0	0	84	0	0	0	0	0	0	0	0	0	16	0.46	inf
-1	0	0	2	-3	1	5	-2	0	-3	-3	0	-2	-3	-1	1	-1	-3	-2	-3	0	0	0	5	0	0	85	0	0	0	0	0	0	0	0	10	0	0	0	0	0.71	inf
2	-2	0	4	-2	-1	0	2	-2	-3	-3	-1	-2	-3	-1	0	-1	-3	-3	-2	36	0	0	49	0	0	0	16	0	0	0	0	0	0	0	0	0	0	0	0	0.44	inf
-2	-1	1	5	-4	0	3	-2	-1	-3	-4	0	-3	-4	-2	0	-1	-4	-3	-3	0	0	0	64	0	0	36	0	0	0	0	0	0	0	0	0	0	0	0	0	0.80	inf
-1	-1	4	0	-3	1	-1	4	-1	-4	-4	-1	-2	-3	-2	0	-1	-3	-3	-3	0	0	41	0	0	10	0	49	0	0	0	0	0	0	0	0	0	0	0	0	0.60	inf
-1	-1	0	3	-2	0	2	-2	-1	-2	-2	0	-2	-3	-1	1	3	-3	-2	-1	0	0	0	29	0	0	22	0	0	0	0	0	0	0	0	0	49	0	0	0	0.42	inf
-1	0	0	-2	-2	1	0	-2	-2	1	-1	2	0	-2	-2	-1	0	-3	-2	2	0	0	5	0	0	10	0	0	0	0	0	32	0	0	0	0	5	0	0	49	0.15	inf
-1	1	3	0	-3	1	0	-1	0	-3	-3	4	-2	-3	-1	0	-1	-3	-2	-3	0	0	31	0	0	0	0	0	0	0	0	64	0	0	0	4	0	0	0	0	0.47	inf
-1	-3	-1	-3	-1	-2	-3	-3	-3	3	1	-2	1	-1	-3	-2	-1	-3	-1	3	0	0	6	0	0	0	0	0	0	46	10	0	0	0	0	0	0	0	0	38	0.31	inf
3	-2	-1	-2	-1	-1	-1	-1	-2	-2	-2	-1	-2	-3	5	1	0	-3	-2	-1	49	0	0	0	0	0	0	0	0	0	0	0	0	0	39	13	0	0	0	0	0.72	inf
0	3	0	-1	-2	2	0	-1	-1	-3	-2	1	-1	-3	0	3	0	-3	-2	-2	0	26	0	0	0	21	0	0	0	0	0	0	0	0	4	49	0	0	0	0	0.37	inf
1	-1	1	1	-2	1	4	-1	-1	-3	-3	0	-2	-3	-1	2	0	-3	-2	-2	6	0	5	0	0	0	51	0	0	0	0	0	0	0	0	37	0	0	0	0	0.44	inf
-1	-1	2	4	-3	0	3	-2	-1	-2	-1	0	-2	-3	-2	1	-1	-3	-2	-2	0	0	11	35	0	0	32	0	0	0	10	0	0	0	0	12	0	0	0	0	0.41	inf
1	-2	-1	-1	-2	-1	0	5	-2	-3	-3	-1	-3	-3	-2	0	-1	-3	-3	-3	10	0	0	0	0	0	13	77	0	0	0	0	0	0	0	0	0	0	0	0	0.78	inf
-1	-1	0	-2	-2	-1	-2	-3	4	2	1	-1	4	-1	-3	-1	-1	-2	0	1	0	0	8	0	0	0	0	0	23	30	0	0	39	0	0	0	0	0	0	0	0.19	inf
0	-2	-3	-3	-1	-2	-2	-3	-3	2	1	-2	3	-1	-2	-2	0	-3	-1	3	0	0	0	0	0	0	0	0	0	0	0	0	23	0	0	0	0	0	0	77	0.31	inf
-1	-2	-2	-2	-3	-1	-1	-2	-2	-3	-3	-1	-3	-4	7	-1	-1	-4	-3	-2	0	0	0	0	0	0	0	0	0	0	0	0	0	0	100	0	0	0	0	0	2.08	inf
-1	-2	-2	-1	-2	-1	-1	-2	-1	-1	-1	-1	-1	4	5	-1	-1	0	1	-1	2	1	1	2	1	1	2	2	1	1	3	2	1	39	35	2	2	0	1	2	0.50	inf
0	-1	2	0	-1	-1	-1	-1	-1	1	0	-1	0	-1	-1	1	0	-2	-1	2	2	1	24	2	1	1	2	2	1	1	3	2	1	1	1	13	2	0	1	39	0.08	inf
0	-1	-1	-1	-1	-1	-1	-1	-1	-1	-1	-1	0	4	-1	2	0	0	1	-1	2	1	1	2	1	1	2	2	1	1	3	2	1	39	1	36	2	0	1	2	0.16	inf
0	-1	-2	-2	-1	-1	-2	-2	-2	2	2	-1	1	0	-1	-1	0	-1	-1	2	2	1	1	2	1	1	2	2	1	1	36	2	1	1	1	2	2	0	1	39	0.14	inf
0	-1	-1	-1	-2	-1	-1	3	-1	-2	-2	-1	-2	-2	5	0	-1	-2	-2	-2	2	1	1	2	1	1	2	40	1	1	3	2	1	1	35	2	2	0	1	2	0.62	inf
1	-1	0	-1	-1	0	0	-1	-1	-2	-2	0	-1	-2	-1	3	3	-3	-2	-1	0	0	0	0	0	0	0	0	0	0	0	0	0	0	0	62	38	0	0	0	0.40	inf
-1	0	3	0	5	0	0	-1	-1	-2	-2	2	-2	-3	-2	0	-1	-3	-2	-2	0	0	34	0	29	0	0	0	0	0	0	38	0	0	0	0	0	0	0	0	0.38	inf
-1	-1	3	4	-2	0	0	-1	-1	-2	-3	-1	-2	-3	-2	1	2	-3	-2	-2	0	0	34	38	0	0	0	0	0	0	0	0	0	0	0	0	29	0	0	0	0.46	inf
0	-1	0	-1	-1	-1	-1	-1	-1	-2	-1	-1	-1	3	-1	3	1	-1	0	-1	0	0	0	0	0	0	0	0	0	0	0	0	0	29	0	71	0	0	0	0	0.28	inf
-1	3	0	-1	-2	1	0	-1	0	-2	-1	3	-1	-2	-1	0	0	-1	-1	-1	3	36	2	2	1	2	2	3	1	2	3	31	1	1	2	3	2	1	1	2	0.26	inf
0	-1	-1	-2	-1	-1	-1	-2	-2	2	1	-1	1	0	-1	-1	0	-1	-1	2	3	2	2	2	1	2	2	3	1	31	3	2	1	1	2	3	2	1	1	36	0.11	inf
0	-1	0	0	-1	0	-1	3	-1	-2	-2	0	-1	-2	-1	2	0	-1	-1	-1	3	2	2	2	1	2	2	36	1	2	3	2	1	1	2	31	2	1	1	2	0.26	inf
0	-1	-1	-1	-2	-1	-1	3	-1	-2	-2	-1	-1	-2	5	0	-1	-2	-2	-2	3	2	2	2	1	2	2	32	1	2	3	2	1	1	36	3	2	1	1	2	0.55	inf
-1	0	3	1	-2	1	2	-1	0	-2	-2	0	-1	-2	-1	0	0	-2	-1	-2	3	2	35	2	1	2	31	3	1	2	3	2	1	1	2	3	2	1	1	2	0.26	inf
1	-2	-1	-2	-1	-1	-1	-1	-2	2	0	-1	0	-1	-2	1	2	-3	-2	1	23	0	0	0	0	0	0	0	0	38	0	0	0	0	0	11	29	0	0	0	0.16	inf
0	-1	0	0	-2	0	2	-2	-1	-2	-2	0	-1	-3	4	1	3	-3	-2	-1	0	0	0	0	0	0	29	0	0	0	0	0	0	0	23	11	38	0	0	0	0.46	inf
-1	0	3	1	-3	1	4	-1	0	-3	-3	0	-2	-3	-1	0	-1	-3	-2	-3	0	0	38	0	0	0	62	0	0	0	0	0	0	0	0	0	0	0	0	0	0.57	inf
3	-1	-1	0	-1	0	3	0	-1	-2	-2	0	-1	-3	-1	1	0	-3	-2	-1	66	0	0	0	0	0	34	0	0	0	0	0	0	0	0	0	0	0	0	0	0.33	inf
-1	3	0	-1	-2	1	0	-2	-1	-2	-2	3	-1	-3	-1	0	2	-3	-2	-1	0	29	0	0	0	0	0	0	0	0	0	34	0	0	0	0	38	0	0	0	0.35	inf
2	0	-1	-2	-1	0	-1	-1	-2	1	-1	2	0	-2	-1	0	0	-3	-2	2	29	0	0	0	0	0	0	0	0	0	0	34	0	0	0	0	0	0	0	38	0.14	inf
-1	-1	-1	-2	-2	-1	-1	-3	5	0	2	-2	3	0	-3	-2	-1	-2	0	0	0	0	0	0	0	0	0	0	34	0	38	0	29	0	0	0	0	0	0	0	0.28	inf
-2	-2	-3	-4	-1	-2	-3	-4	-3	2	4	-3	2	0	-3	-3	-1	-2	-1	1	0	0	0	0	0	0	0	0	0	0	100	0	0	0	0	0	0	0	0	0	0.47	inf
-1	-1	1	5	-4	1	3	-2	-1	-3	-3	0	-3	-3	-1	0	-1	-4	-3	-3	0	0	0	60	0	0	40	0	0	0	0	0	0	0	0	0	0	0	0	0	0.73	inf
-1	-2	-2	-3	-2	-2	-2	-3	1	1	0	-2	0	2	-3	-1	0	1	6	0	0	0	0	0	0	0	0	0	0	23	0	0	0	0	0	0	11	0	66	0	0.48	inf
1	1	0	-1	-2	0	0	-1	5	-2	-2	2	-1	-2	-1	0	-1	-3	0	-2	29	0	0	0	0	0	0	0	38	0	0	34	0	0	0	0	0	0	0	0	0.32	inf
-1	-1	-1	0	-3	1	4	-3	-1	-1	2	0	0	-1	-2	-1	-1	-2	-2	-1	0	0	0	0	0	0	62	0	0	0	38	0	0	0	0	0	0	0	0	0	0.32	inf
-1	0	5	1	-3	1	2	-1	0	-3	-3	0	-2	-3	-2	0	0	-4	-2	-3	0	0	71	0	0	0	29	0	0	0	0	0	0	0	0	0	0	0	0	0	0.59	inf
0	-1	0	-1	-1	-1	-1	-1	-1	-1	0	-1	0	3	-1	1	0	0	1	-1	4	3	2	3	1	2	3	4	1	3	4	3	1	31	3	26	3	1	2	3	0.09	inf
0	-1	-1	-1	-1	-1	-1	-1	-1	0	0	-1	0	3	-1	0	2	0	1	0	3	2	2	2	1	2	2	3	1	2	3	2	1	30	2	3	36	1	1	2	0.13	inf
-1	0	0	-1	-3	3	0	-2	5	-2	-2	0	-1	1	-2	-1	-1	0	4	-2	0	0	0	0	0	29	0	0	34	0	0	0	0	0	0	0	0	0	38	0	0.49	inf
-1	-3	-3	-3	-1	-3	-3	-3	-2	1	2	-3	1	4	-3	-2	-1	-1	1	2	0	0	0	0	0	0	0	0	0	0	38	0	0	34	0	0	0	0	0	29	0.32	inf
0	0	0	-1	-2	0	0	-1	-1	-3	-3	2	-2	-3	4	2	0	-3	-2	-2	0	0	0	0	0	0	0	0	0	0	0	38	0	0	29	34	0	0	0	0	0.53	inf
-1	3	0	0	-3	3	3	-2	0	-3	-2	1	-1	-3	-1	0	-1	-3	-2	-2	0	29	0	0	0	34	38	0	0	0	0	0	0	0	0	0	0	0	0	0	0.53	inf
-1	0	-2	-2	-2	-1	-1	-2	-2	0	-1	2	-1	-2	5	-1	-1	-3	-2	2	0	0	0	0	0	0	0	0	0	0	0	29	0	0	34	0	0	0	0	38	0.46	inf
-2	-1	5	4	-3	0	0	-1	0	-3	-4	0	-3	-3	-2	0	0	-4	-2	-3	0	0	62	38	0	0	0	0	0	0	0	0	0	0	0	0	0	0	0	0	0.67	inf
0	0	0	-1	-2	3	0	3	-1	-3	-3	0	-1	-3	-1	2	0	-2	-2	-2	0	0	0	0	0	38	0	29	0	0	0	0	0	0	0	34	0	0	0	0	0.38	inf
-1	2	-1	-2	-2	0	-1	-2	-2	0	2	0	1	-1	-2	0	2	-2	-1	0	0	29	0	0	0	0	0	0	0	0	38	0	0	0	0	0	34	0	0	0	0.19	inf
-1	4	-1	-2	-3	0	0	-2	-1	1	-1	3	0	-2	-2	-1	-1	-3	-2	0	0	38	0	0	0	0	0	0	0	29	0	34	0	0	0	0	0	0	0	0	0.27	inf
-1	-3	-3	-3	-1	-2	-3	-4	-3	3	3	-2	1	0	-3	-2	-1	-2	-1	3	0	0	0	0	0	0	0	0	0	29	38	0	0	0	0	0	0	0	0	34	0.33	inf
-1	1	0	0	-3	5	3	-2	0	-3	-2	1	-1	-3	-1	0	-1	-2	-2	-2	0	0	0	0	0	62	38	0	0	0	0	0	0	0	0	0	0	0	0	0	0.62	inf
-1	5	0	0	-4	1	2	-2	0	-3	-2	2	-2	-3	-2	-1	-1	-3	-2	-3	0	71	0	0	0	0	29	0	0	0	0	0	0	0	0	0	0	0	0	0	0.60	inf
-1	-2	-3	-3	-1	-2	-2	-3	-3	3	2	-2	1	0	-2	-2	-1	-2	-1	2	1	1	1	1	0	0	1	1	0	29	39	1	0	0	1	1	1	0	0	23	0.25	inf
-1	-1	-2	-2	-1	1	-1	-3	-2	2	2	-1	1	0	-2	-1	-1	-2	-1	2	1	1	1	1	0	14	1	1	0	25	23	1	0	0	1	1	1	0	0	29	0.16	inf
-1	-2	0	4	-2	-1	0	-2	-2	1	-1	-1	-1	-2	-1	-1	-1	-3	-2	1	1	1	1	54	0	0	1	1	0	14	1	1	0	0	1	1	1	0	0	23	0.30	inf
0	0	0	2	-2	1	2	-1	-1	-1	-2	2	-1	-2	-1	0	-1	-2	-2	0	12	1	1	14	0	0	25	1	0	1	1	29	0	0	1	1	1	0	0	12	0.21	inf
0	0	0	0	-1	3	2	-1	0	-2	-2	0	-1	-2	-1	3	1	-2	-1	-2	1	1	1	1	0	25	14	1	0	1	1	1	0	0	1	52	1	0	0	1	0.31	inf
0	-1	0	-1	-2	1	-1	3	-1	-1	1	-1	0	-1	-1	1	0	-2	-2	-1	1	1	1	1	0	14	1	30	0	1	26	1	0	0	1	23	1	0	0	1	0.16	inf
-1	2	-2	-2	-1	-1	-1	-2	-2	2	1	0	1	-1	-2	-1	0	-2	-1	2	1	25	1	1	0	0	1	1	0	12	14	1	0	0	1	1	1	0	0	41	0.14	inf
-1	1	-1	-2	-2	1	-1	-2	2	2	0	0	0	-1	-2	-1	-1	-2	-1	2	1	14	1	1	0	13	1	1	13	29	1	1	0	0	1	1	1	0	0	23	0.10	inf
3	-1	-1	-2	-1	1	-1	-1	-1	1	0	-1	0	-1	-1	0	0	-2	-1	1	52	1	1	1	0	14	1	1	0	25	1	1	0	0	1	1	1	0	0	1	0.14	inf
0	-2	-1	-1	-2	-2	-2	5	-2	0	-2	-1	-2	-2	-2	0	-1	-2	-2	-1	1	1	1	1	0	0	1	76	0	14	1	1	0	0	1	1	1	0	0	1	0.62	inf
1	-1	0	3	-2	0	1	2	-1	-2	-2	-1	-2	-3	-1	0	-1	-2	-2	-2	25	1	1	29	0	0	12	25	0	1	1	1	0	0	1	1	1	0	0	1	0.31	inf
1	-1	0	3	-1	0	0	-1	-1	-2	-2	0	-2	-2	2	2	0	-3	-2	-2	14	1	1	29	0	0	1	1	0	1	1	1	0	0	12	36	1	0	0	1	0.33	inf
0	0	0	0	-2	3	3	-1	0	-2	-2	0	-1	-2	-1	2	0	-2	-2	-2	1	1	1	1	0	23	29	1	0	1	1	1	0	0	1	38	1	0	0	1	0.34	inf
0	3	0	-1	-2	3	1	-1	0	-2	-2	2	-1	-2	-1	1	0	-2	-1	-2	1	25	1	1	0	29	1	1	0	1	1	23	0	0	1	14	1	0	0	1	0.34	inf
-1	1	0	3	-3	0	0	-2	-1	-3	-3	0	-2	-3	5	-1	-1	-3	-2	-2	1	14	1	29	0	0	1	1	0	1	1	1	0	0	47	1	1	0	0	1	0.83	inf
-1	0	-1	0	-3	3	2	-2	-1	-2	-2	0	-1	-3	5	0	-1	-2	-2	-2	1	1	1	1	0	29	23	1	0	1	1	1	0	0	38	1	1	0	0	1	0.70	inf
-1	-2	-2	-1	-2	-1	-1	-2	-2	-2	-1	-1	-1	-2	7	-1	-1	-3	-2	-2	1	1	1	1	0	0	1	1	0	1	12	1	0	0	78	1	1	0	0	1	1.40	inf
-1	3	3	0	-2	1	0	-1	0	-2	-2	2	-1	-2	-1	1	0	-3	-2	-2	1	29	25	1	0	0	1	1	0	1	1	23	0	0	1	14	1	0	0	1	0.31	inf
1	2	1	0	-2	1	2	-1	0	-2	-2	1	-1	-2	-1	0	-1	-2	-2	-2	23	25	14	1	0	0	29	1	0	1	1	1	0	0	1	1	1	0	0	1	0.25	inf
-1	1	-2	-2	-2	-1	-1	-2	-2	-1	1	-1	0	0	4	-1	-1	6	0	-1	1	14	1	1	0	0	1	1	0	1	30	1	0	0	25	1	1	22	0	1	0.52	inf
-1	0	0	3	-2	2	1	-1	0	-2	-1	0	-1	-2	3	0	0	-1	-1	-1	3	2	2	27	1	24	3	3	1	2	4	2	1	2	15	3	2	1	1	3	0.28	inf
2	0	-1	-1	-2	0	-1	3	-1	-2	-2	2	-1	-2	-1	0	-1	-2	-2	-1	30	1	1	1	0	1	1	35	0	1	1	25	0	1	1	1	1	0	0	1	0.29	inf
-1	0	0	-1	-1	0	-1	-1	4	0	0	-1	3	0	-1	-1	-1	-1	0	0	3	2	2	2	1	2	2	3	30	2	3	2	34	1	2	3	2	1	1	2	0.14	inf
0	-1	-1	-2	-1	-1	-1	-2	-2	2	0	-1	0	-1	-1	-1	0	-1	-1	3	3	2	2	2	1	2	2	3	1	2	3	2	1	1	2	3	2	1	1	65	0.12	inf
0	-1	-1	-1	-2	-1	-1	-1	-1	-2	-2	-1	-1	-2	6	0	-1	-2	-2	-1	3	2	2	2	1	2	2	3	1	2	3	2	1	1	64	3	2	1	1	2	1.04	inf
-1	-1	-1	-2	-1	-1	-1	-2	-1	0	0	-1	0	5	-1	-1	-1	1	2	-1	3	2	2	2	1	2	2	3	1	2	3	2	1	64	2	3	2	1	1	2	0.30	inf
0	-1	-1	-2	-1	-1	-1	-2	-2	2	0	-1	0	-1	-1	-1	0	-1	-1	3	3	2	2	2	1	2	2	3	1	2	3	2	1	1	2	3	2	1	1	65	0.12	inf
-1	-1	-1	-2	-1	-1	-1	-2	-1	0	0	-1	0	5	-1	-1	-1	1	2	-1	3	2	2	2	1	2	2	3	1	2	3	2	1	64	2	3	2	1	1	2	0.30	inf
0	-1	-1	-2	-1	-1	-1	-2	-2	2	1	-1	1	0	-1	-1	0	-1	-1	2	3	2	2	2	1	2	2	3	1	31	3	2	1	1	2	3	2	1	1	36	0.11	inf
0	-1	0	-1	-2	-1	-1	5	-1	-2	-2	-1	-1	-2	-1	0	-1	-1	-2	-2	3	2	2	2	1	2	2	65	1	2	3	2	1	1	2	3	2	1	1	2	0.48	inf
0	-1	0	-1	-1	0	0	-1	-1	-1	-1	0	0	-1	0	1	4	-1	-1	0	3	2	2	2	1	2	2	3	1	2	3	2	1	1	2	3	65	1	1	2	0.23	inf
0	1	-1	-1	-1	0	0	-1	-1	0	0	2	0	-1	-1	0	0	-1	-1	1	3	2	2	2	1	2	2	3	1	2	3	36	1	1	2	3	2	1	1	31	0.07	inf
-1	0	0	4	-2	1	3	-1	0	-2	-2	0	-1	-2	-1	0	-1	-2	-1	-2	3	2	2	36	1	2	31	3	1	2	3	2	1	1	2	3	2	1	1	2	0.33	inf
1	0	0	0	-1	0	0	0	-1	-1	-1	0	-1	-1	0	3	1	-1	-1	-1	3	2	2	2	1	2	2	3	1	2	3	2	1	1	2	65	2	1	1	2	0.23	inf
-1	-1	-2	-2	-1	-1	-1	-2	-2	3	1	-1	1	0	-1	-1	0	-1	-1	2	3	2	2	2	1	2	2	3	1	64	3	2	1	1	2	3	2	1	1	2	0.12	inf
3	-1	-1	-1	0	0	0	0	-1	-1	-1	0	-1	-1	0	1	0	-1	-1	0	65	2	2	2	1	2	2	3	1	2	3	2	1	1	2	3	2	1	1	2	0.19	inf
-1	0	5	1	-2	0	0	0	0	-2	-2	0	-1	-2	-1	0	0	-2	-1	-2	3	2	64	2	1	2	2	3	1	2	3	2	1	1	2	3	2	1	1	2	0.35	inf
3	-1	-1	-1	0	0	0	0	-1	-1	-1	0	-1	-1	0	1	0	-1	-1	0	65	2	2	2	1	2	2	3	1	2	3	2	1	1	2	3	2	1	1	2	0.19	inf
0	1	0	0	-1	0	0	-1	-1	-1	-1	2	-1	-1	0	1	2	-1	-1	-1	3	2	2	2	1	2	2	3	1	2	3	31	1	1	2	3	36	1	1	2	0.16	inf
0	-1	-1	-2	-1	-1	-1	-2	-2	2	0	-1	0	-1	-1	-1	0	-1	-1	3	3	2	2	2	1	2	2	3	1	2	3	2	1	1	2	3	2	1	1	65	0.12	inf
-1	-1	-2	-2	-1	-1	-1	-2	-1	1	3	-1	1	0	-1	-1	-1	-1	-1	0	3	2	2	2	1	2	2	3	1	2	66	2	1	1	2	3	2	1	1	2	0.16	inf
-1	-1	-2	-2	-1	-1	-1	-2	-1	1	3	-1	1	0	-1	-1	-1	-1	-1	0	3	2	2	2	1	2	2	3	1	2	66	2	1	1	2	3	2	1	1	2	0.16	inf
-1	-1	1	4	-2	1	3	-1	-1	-2	-2	0	-2	-2	-1	0	-1	-2	-2	-2	2	1	1	48	0	1	30	2	1	1	2	1	1	1	1	2	1	0	1	2	0.46	inf
-1	0	-1	-2	-2	-1	-1	-2	1	-1	-1	1	-1	2	-1	-1	-1	1	6	-1	2	1	1	1	0	1	2	2	1	1	2	14	1	1	1	2	1	0	63	2	0.40	inf
-1	0	0	0	-2	1	1	-1	6	-2	-2	0	-1	-1	-1	-1	-1	-2	1	-2	2	1	1	1	0	1	15	2	63	1	2	1	1	1	1	2	1	0	1	2	0.47	inf
-1	-1	-2	-2	-1	-1	-1	-2	-2	1	3	0	1	0	-1	-1	-1	-1	-1	0	2	1	1	1	0	1	2	2	1	1	65	14	1	1	1	2	1	0	1	2	0.15	inf
0	-1	3	0	-1	0	0	2	0	-2	-2	0	-1	-2	-1	2	0	-2	-1	-2	2	1	35	1	0	1	2	15	1	1	2	1	1	1	1	30	1	0	1	2	0.27	inf
-1	-1	-1	-1	-2	0	-1	-2	5	-1	-1	-1	-1	2	-2	-1	-1	1	5	-1	2	1	1	1	0	1	2	2	29	1	2	1	1	1	1	2	1	0	48	2	0.42	inf
-1	-1	-2	-2	-1	-1	-2	-2	-2	1	3	-2	2	0	-2	-2	-1	-1	-1	1	2	1	1	1	0	1	2	2	1	1	78	1	1	1	1	2	1	0	1	2	0.25	inf
0	1	0	0	-2	1	1	-1	-1	-2	-2	4	-1	-2	-1	1	0	-2	-1	-2	2	1	1	1	0	1	2	2	1	1	2	64	1	1	1	15	1	0	1	2	0.27	inf
-1	0	0	1	-2	2	4	-1	0	-2	-2	1	-1	-2	-1	0	-1	-2	-1	-2	2	1	1	1	0	1	77	2	1	1	2	1	1	1	1	2	1	0	1	2	0.48	inf
0	-1	-1	-2	-1	-1	-1	-2	-2	2	0	-1	0	-1	-1	-1	0	-1	-1	3	3	2	2	2	1	2	2	3	1	2	3	2	1	1	2	3	2	1	1	65	0.12	inf
-1	0	0	4	-2	1	3	-1	0	-2	-2	0	-1	-2	-1	0	-1	-2	-1	-2	3	2	2	36	1	2	31	3	1	2	3	2	1	1	2	3	2	1	1	2	0.33	inf
0	1	0	0	-2	4	1	-1	0	-2	-1	1	0	-2	-1	0	0	-1	-1	-1	3	2	2	2	1	64	2	3	1	2	3	2	1	1	2	3	2	1	1	2	0.33	inf
-1	-1	-2	-2	-1	-1	-1	-2	-1	1	3	-1	1	0	-1	-1	-1	-1	-1	0	3	2	2	2	1	2	2	3	1	2	66	2	1	1	2	3	2	1	1	2	0.16	inf
-1	4	0	-1	-2	1	0	-1	0	-2	-1	1	-1	-2	-1	0	-1	-1	-1	-1	3	64	2	2	1	2	2	3	1	2	3	2	1	1	2	3	2	1	1	2	0.35	inf
-1	0	-1	-1	-1	3	0	-1	-1	0	2	0	1	-1	-1	-1	-1	-1	-1	0	3	2	2	2	1	30	2	3	1	2	37	2	1	1	2	3	2	1	1	2	0.10	inf
-1	0	0	1	-3	2	5	-2	0	-3	-2	1	-2	-3	-1	0	-1	-2	-2	-2	1	1	1	1	0	1	88	1	0	1	1	1	0	1	1	1	1	0	0	1	0.60	inf
-1	4	0	-1	-3	1	0	-2	-1	-2	-2	4	-1	-2	-1	0	-1	-2	-2	-2	1	34	1	1	0	1	1	1	0	1	1	54	0	1	1	1	1	0	0	1	0.43	inf
-1	-2	-2	-2	-1	-1	-2	2	-2	0	2	-1	3	0	-2	-1	-1	-2	-1	0	1	1	1	1	0	1	1	26	0	1	35	1	29	1	1	1	1	0	0	1	0.18	inf
-1	0	0	0	-2	3	3	-2	1	-2	-2	0	-1	0	-1	0	-1	0	3	-2	1	1	1	1	0	34	30	1	0	1	1	1	0	1	1	1	1	0	25	1	0.34	inf
-1	-2	-2	-2	-1	1	-1	-3	-2	3	2	-1	1	0	-2	-2	-1	-2	-1	2	1	1	1	1	0	13	1	1	0	63	13	1	0	1	1	1	1	0	0	1	0.18	inf
-1	-1	1	5	-3	0	1	-1	-1	-3	-3	-1	-3	-3	-1	1	0	-4	-3	-3	0	0	0	75	0	0	0	0	0	0	0	0	0	0	0	25	0	0	0	0	0.69	inf
-1	0	0	1	3	3	4	-2	0	-3	-2	1	-1	-3	-1	0	-1	-3	-2	-2	0	0	0	0	13	29	58	0	0	0	0	0	0	0	0	0	0	0	0	0	0.52	inf
-1	0	0	3	-3	4	2	-1	0	-3	-3	1	-1	-3	-1	1	0	-3	-2	-2	0	0	0	25	0	62	0	0	0	0	0	0	0	0	0	13	0	0	0	0	0.49	inf
-1	-2	-3	-3	3	-2	-3	0	-3	1	3	-2	1	0	-3	-2	-1	-2	-1	0	0	0	0	0	12	0	0	13	0	0	75	0	0	0	0	0	0	0	0	0	0.29	inf
0	4	0	-1	-2	1	0	-2	-1	-2	-2	1	-1	-3	-2	1	1	-3	-2	-2	0	62	0	0	0	0	0	0	0	0	0	0	0	0	0	25	13	0	0	0	0.44	inf
2	-1	-1	-1	-2	3	0	2	-1	-1	-2	0	-1	-3	-1	0	-1	-2	-2	0	29	0	0	0	0	34	0	25	0	0	0	0	0	0	0	0	0	0	0	13	0.24	inf
-1	1	-2	-2	-1	-1	-2	-3	-2	3	1	-1	1	-1	-2	-1	2	-3	-1	2	0	13	0	0	0	0	0	0	0	62	0	0	0	0	0	0	25	0	0	0	0.18	inf
0	-1	-1	-1	-2	2	0	4	-1	-2	-2	-1	-1	-3	-2	0	-1	-2	-2	-1	0	0	0	0	0	29	0	59	0	0	0	0	0	0	0	0	0	0	0	12	0.48	inf
2	2	-1	0	-2	1	2	-1	-1	-2	-2	1	-1	-3	-1	1	0	-3	-2	-1	34	25	0	0	0	0	29	0	0	0	0	0	0	0	0	13	0	0	0	0	0.29	inf
1	1	0	-1	-2	0	-1	2	-1	-3	-3	0	-2	-3	-1	3	1	-3	-2	-2	0	13	0	0	0	0	0	25	0	0	0	0	0	0	0	62	0	0	0	0	0.37	inf
1	-1	0	0	-1	0	0	-1	-1	-2	-3	0	-2	-3	2	4	1	-3	-2	-2	0	0	0	0	0	0	0	0	0	0	0	0	0	0	13	87	0	0	0	0	0.48	inf
-1	4	-1	-2	-3	0	-1	-3	0	-1	0	1	3	0	-2	-1	-1	-1	2	-1	0	58	0	0	0	0	0	0	0	0	0	0	29	0	0	0	0	0	13	0	0.34	inf
-1	-2	1	-1	-3	-1	-1	3	-2	-3	-3	-1	-3	-3	6	0	-1	-3	-3	-3	0	0	13	0	0	0	0	29	0	0	0	0	0	0	58	0	0	0	0	0	1.09	inf
0	-1	3	0	-2	-1	-1	-1	0	-3	-3	-1	-2	-1	5	2	0	-2	1	-2	0	0	25	0	0	0	0	0	0	0	0	0	0	0	34	29	0	0	12	0	0.56	inf
-1	2	-1	-1	-3	0	-1	-2	-1	-3	-3	0	-2	-3	6	0	-1	-3	-2	-2	0	25	0	0	0	0	0	0	0	0	0	0	0	0	62	12	0	0	0	0	1.13	inf
-1	-1	4	0	-2	-1	-1	2	-1	0	-2	-1	-1	-2	-2	0	0	-3	-2	1	0	0	46	0	0	0	0	25	0	0	0	0	0	0	0	0	0	0	0	29	0.27	inf
-1	5	0	-1	-2	1	0	-2	-1	-2	-2	2	-1	-3	-2	0	2	-3	-2	-2	0	71	0	0	0	0	0	0	0	0	0	0	0	0	0	0	29	0	0	0	0.50	inf
0	3	0	-1	-2	0	-1	1	-1	-2	-2	0	-1	-3	-1	2	2	-3	-2	-1	0	29	0	0	0	0	0	12	0	0	0	0	0	0	0	25	34	0	0	0	0.28	inf
-2	5	0	3	-3	1	1	-2	-1	-3	-3	1	-2	-3	-2	-1	-1	-3	-2	-3	0	66	0	34	0	0	0	0	0	0	0	0	0	0	0	0	0	0	0	0	0.57	inf
0	3	0	-1	-2	1	0	-1	-1	-3	-2	3	-1	-3	-1	2	0	-3	-2	-2	0	25	0	0	0	0	0	0	0	0	0	34	0	0	0	41	0	0	0	0	0.36	inf
-1	1	0	1	-3	1	4	2	-1	-3	-3	1	-2	-3	-2	0	-1	-3	-2	-3	0	12	0	0	0	0	62	25	0	0	0	0	0	0	0	0	0	0	0	0	0.48	inf
-1	4	0	-1	-2	1	0	-2	-1	-2	-2	3	-1	-3	-1	0	2	-3	-2	-2	0	41	0	0	0	0	0	0	0	0	0	34	0	0	0	0	25	0	0	0	0.40	inf
0	-2	0	-1	-2	-1	-1	5	-1	-3	-3	-1	-2	-2	-1	1	0	-2	-2	-2	1	1	1	1	0	1	1	66	0	1	1	1	0	0	1	23	1	0	0	1	0.59	inf
-2	-1	-2	-3	-2	-1	-2	-3	1	-1	-1	-2	-1	3	-2	-1	-1	2	6	-1	1	1	1	1	0	1	1	1	0	1	1	1	0	0	1	1	1	0	88	1	0.72	inf
2	-1	-1	-1	-1	-1	-1	-1	-2	1	-1	-1	0	-1	-1	2	0	-2	-1	2	26	1	1	1	0	1	1	1	0	1	1	1	0	0	1	30	1	0	0	34	0.14	inf
1	-1	0	0	-1	0	0	-1	-1	-1	-1	0	-1	-2	-1	3	3	-2	-1	-1	2	1	1	1	0	1	2	2	1	1	2	1	1	1	1	43	35	0	1	2	0.25	inf
-1	-1	1	5	-2	0	1	-1	-1	-2	-2	-1	-2	-2	-1	0	-1	-3	-2	-2	2	1	1	76	0	1	2	2	1	1	2	1	1	1	1	2	1	0	1	2	0.59	inf
-1	-2	0	3	-2	-1	0	-2	-1	2	0	-1	0	-1	-1	-1	-1	-2	-1	1	2	1	1	35	0	1	2	2	1	42	2	1	1	1	1	2	1	0	1	2	0.15	inf
0	1	0	0	-2	0	2	3	-1	-2	-2	0	-2	-2	-1	0	-1	-2	-2	-2	2	14	1	1	0	1	30	36	1	1	2	1	1	1	1	2	1	0	1	2	0.29	inf
0	0	0	0	-1	3	1	-1	0	-2	-1	0	-1	-1	-1	2	0	-1	2	-1	2	1	1	1	0	35	2	2	1	1	2	1	1	1	1	31	1	0	13	2	0.21	inf
0	-2	-1	-1	-1	-1	-1	4	-2	0	-1	-1	-1	-1	-1	0	-1	-2	-2	1	2	1	1	1	0	1	2	48	1	1	2	1	1	1	1	2	1	0	1	30	0.26	inf
-1	3	0	1	-2	0	0	-2	-1	0	0	0	3	-1	-1	-1	-1	-2	-1	-1	2	30	1	14	0	1	2	2	1	1	2	1	34	1	1	2	1	0	1	2	0.13	inf
0	-1	0	-1	-1	-1	-1	3	-1	-2	-2	-1	-2	-2	2	2	0	-2	-2	-2	2	1	1	1	0	1	2	36	1	1	2	1	1	1	14	31	1	0	1	2	0.34	inf
-1	3	-1	-1	-1	0	0	-1	-1	0	0	1	3	-1	-1	-1	0	-1	-1	0	3	36	2	2	1	2	2	3	1	2	3	2	30	1	2	3	2	1	1	2	0.14	inf
0	3	0	1	-2	0	0	3	-1	-2	-2	0	-2	-2	-1	0	-1	-2	-2	-2	2	30	1	14	0	1	2	36	1	1	2	1	1	1	1	2	1	0	1	2	0.28	inf
0	-1	0	-1	-1	-1	-1	3	0	-2	-2	-1	-1	-1	-1	2	0	-1	2	-1	2	1	1	1	0	1	2	31	1	1	2	1	1	1	1	35	1	0	13	2	0.23	inf
-1	4	0	-1	-2	0	0	3	-1	-2	-2	1	-1	-2	-1	0	-1	-2	-1	-2	2	47	1	1	0	1	2	31	1	1	2	1	1	1	1	2	1	0	1	2	0.33	inf
0	-1	-1	-1	-2	-1	-1	3	-1	-2	-2	1	-2	-2	5	0	-1	-2	-2	-2	2	1	1	1	0	1	2	31	1	1	2	14	1	1	35	2	1	0	1	2	0.56	inf
0	-1	-1	-1	-2	-1	-1	3	0	-1	-1	-1	-1	1	-1	0	1	0	4	-1	2	1	1	1	0	1	2	31	1	1	2	1	1	1	1	2	14	0	34	2	0.25	inf
0	3	0	-1	-2	0	-1	3	-1	-2	-2	1	-1	-2	-1	0	1	-2	-1	-2	2	35	1	1	0	1	2	31	1	1	2	1	1	1	1	2	14	0	1	2	0.25	inf
-1	0	3	0	-2	3	0	-1	1	-2	-2	0	-1	-1	-1	0	0	-1	2	-2	2	1	35	1	0	30	2	2	1	1	2	1	1	1	1	2	1	0	13	2	0.25	inf
-1	4	0	-1	-2	1	0	-2	0	-2	-2	1	-1	-2	2	-1	-1	-2	-1	-2	2	64	1	1	0	1	2	2	1	1	2	1	1	1	14	2	1	0	1	2	0.43	inf
0	-1	0	0	-2	-1	1	4	-1	-2	-2	-1	-2	-2	-1	0	-1	-2	-2	-2	2	1	1	1	0	1	14	64	1	1	2	1	1	1	1	2	1	0	1	2	0.50	inf
-1	3	0	-1	-2	0	0	-2	5	-2	-2	0	-1	0	-1	-1	-1	-1	2	-2	2	30	1	1	0	1	2	2	34	1	2	1	1	1	1	2	1	0	13	2	0.30	inf
0	-2	-1	-1	-1	-1	-1	3	-2	0	-1	-1	-1	-2	2	-1	-1	-2	-2	1	2	1	1	1	0	1	2	36	1	1	2	1	1	1	14	2	1	0	1	30	0.23	inf
-1	5	0	-1	-2	1	0	-2	0	-2	-2	2	-1	-2	-1	-1	-1	-2	-1	-2	2	76	1	1	0	1	2	2	1	1	2	1	1	1	1	2	1	0	1	2	0.47	inf
0	3	0	-1	-2	0	0	3	-1	-2	-2	1	-1	-2	-1	1	0	-2	-1	-2	2	35	1	1	0	1	2	31	1	1	2	1	1	1	1	14	1	0	1	2	0.27	inf
0	3	0	-1	-2	1	0	4	-1	-3	-2	0	-2	-3	-2	0	-1	-2	-2	-2	1	29	1	1	0	13	1	47	0	1	1	1	0	1	1	1	1	0	0	1	0.41	inf
1	-2	-1	-1	-2	-1	-1	3	-2	-2	-2	-1	-2	-2	5	0	1	-2	-2	-1	13	1	1	1	0	1	1	30	0	1	1	1	0	1	34	1	13	0	0	1	0.58	inf
0	-2	-1	-1	-2	-2	-2	5	-2	-2	-2	-1	-2	1	-2	0	-1	-1	-1	-2	1	1	1	1	0	1	1	76	0	1	1	1	0	13	1	1	1	0	0	1	0.63	inf
-1	-2	-1	-2	-2	-1	-2	2	0	-2	-2	-2	-1	1	-2	-1	-1	5	5	-2	1	1	1	1	0	1	1	30	0	1	1	1	0	1	1	1	1	12	46	1	0.49	inf
1	-1	-1	-1	-1	-1	-1	3	-2	0	-1	-1	-1	-2	-1	0	2	-2	-2	0	13	1	1	1	0	1	1	30	0	13	1	1	0	1	1	1	34	0	0	1	0.21	inf
0	-1	0	-1	-2	0	0	-1	-1	-3	-3	1	-2	-3	4	3	1	-3	-2	-2	0	0	0	0	0	0	0	0	0	0	0	12	0	0	29	59	0	0	0	0	0.56	inf
0	-2	0	-1	-3	-2	-2	6	-2	-4	-4	-2	-3	-3	-2	0	-2	-3	-3	-3	0	0	0	0	0	0	0	100	0	0	0	0	0	0	0	0	0	0	0	0	1.06	inf
0	-1	0	-1	-1	-1	-1	3	-2	-1	-2	-1	-1	-2	-1	1	4	-3	-2	-1	0	0	0	0	0	0	0	29	0	0	0	0	0	0	0	0	71	0	0	0	0.40	inf
-1	-1	5	1	-3	0	-1	3	0	-3	-4	-1	-2	-3	-2	0	0	-3	-2	-3	0	0	71	0	0	0	0	29	0	0	0	0	0	0	0	0	0	0	0	0	0.61	inf
1	-1	3	0	-1	0	0	0	0	-3	-3	0	-2	-3	-1	3	1	-3	-2	-2	0	0	29	0	0	0	0	0	0	0	0	0	0	0	0	71	0	0	0	0	0.43	inf
-1	-1	0	1	-3	1	4	2	-1	-3	-3	0	-2	-3	-1	0	-1	-3	-2	-3	0	0	0	0	0	0	71	29	0	0	0	0	0	0	0	0	0	0	0	0	0.55	inf
3	-2	-2	-2	-1	-1	-1	-1	-2	0	1	-1	0	-1	-1	0	0	-2	-2	0	71	0	0	0	0	0	0	0	0	0	29	0	0	0	0	0	0	0	0	0	0.24	inf
1	-1	3	0	-1	0	0	0	0	-3	-3	0	-2	-3	-1	3	1	-3	-2	-2	0	0	29	0	0	0	0	0	0	0	0	0	0	0	0	71	0	0	0	0	0.43	inf
-1	0	5	1	-2	0	0	0	0	-2	-2	0	-1	-2	-1	0	0	-2	-1	-2	2	1	73	2	1	1	2	2	1	1	3	2	1	1	1	2	2	0	1	2	0.43	inf
3	-1	-1	-1	0	-1	-1	0	-1	-1	-1	-1	-1	-2	0	1	0	-2	-1	0	73	1	1	2	1	1	2	2	1	1	3	2	1	1	1	2	2	0	1	2	0.24	inf
1	0	0	0	-1	3	1	-1	0	-3	-2	0	-1	-3	-1	3	1	-3	-2	-2	0	0	0	0	0	29	0	0	0	0	0	0	0	0	0	71	0	0	0	0	0.40	inf
-1	3	0	1	-4	2	4	-2	0	-3	-3	1	-2	-3	-1	0	-1	-3	-2	-3	0	29	0	0	0	0	71	0	0	0	0	0	0	0	0	0	0	0	0	0	0.59	inf
0	-1	-1	-2	-1	-1	-1	-2	0	-1	-1	-1	-1	0	-2	1	4	0	4	0	0	0	0	0	0	0	0	0	0	0	0	0	0	0	0	0	71	0	29	0	0.37	inf
-1	0	0	1	-4	1	4	-2	5	-3	-3	0	-2	-3	-1	0	-1	-3	0	-3	0	0	0	0	0	0	71	0	29	0	0	0	0	0	0	0	0	0	0	0	0.60	inf
1	-1	3	0	-1	0	0	0	0	-3	-3	0	-2	-3	-1	3	1	-3	-2	-2	0	0	29	0	0	0	0	0	0	0	0	0	0	0	0	71	0	0	0	0	0.43	inf
-2	-1	3	5	-3	0	1	-1	-1	-3	-4	-1	-3	-3	-2	0	-1	-4	-3	-3	0	0	29	71	0	0	0	0	0	0	0	0	0	0	0	0	0	0	0	0	0.76	inf
-2	3	0	-1	-3	1	0	-2	7	-3	-3	0	-2	-2	-2	-1	-2	-3	1	-3	0	29	0	0	0	0	0	0	71	0	0	0	0	0	0	0	0	0	0	0	0.68	inf
-1	6	-1	-2	-3	1	0	-2	0	-3	-2	2	-1	-3	-2	-1	-1	-3	-2	-3	0	100	0	0	0	0	0	0	0	0	0	0	0	0	0	0	0	0	0	0	0.78	inf
-2	-2	1	6	-4	0	1	-1	-1	-3	-4	-1	-3	-4	-2	0	-1	-4	-3	-3	0	0	0	100	0	0	0	0	0	0	0	0	0	0	0	0	0	0	0	0	0.96	inf
-1	0	0	1	-4	2	5	-2	0	-3	-3	1	-2	-3	-1	0	-1	-3	-2	-3	0	0	0	0	0	0	100	0	0	0	0	0	0	0	0	0	0	0	0	0	0.76	inf
-1	-1	-2	-2	-1	-1	-2	-2	-2	1	3	-1	2	0	-1	-1	-1	-1	-1	1	2	1	1	2	1	1	2	2	1	1	74	2	1	1	1	2	2	0	1	2	0.22	inf
1	-1	0	0	-1	0	0	0	-1	-2	-2	0	-1	-2	0	3	1	-2	-1	-1	2	1	1	2	1	1	2	2	1	1	3	2	1	1	1	73	2	0	1	2	0.28	inf
-1	-1	1	5	-2	0	1	-1	-1	-2	-2	0	-2	-2	-1	0	-1	-2	-2	-2	2	1	1	73	1	1	2	2	1	1	3	2	1	1	1	2	2	0	1	2	0.55	inf
-2	-2	-2	-2	-2	-1	-2	-2	-2	-2	-1	-2	-1	1	-2	-2	-1	10	2	-2	2	1	1	2	1	1	2	2	1	1	3	2	1	1	1	2	2	72	1	2	1.44	inf
1	-1	0	0	-1	0	0	0	-1	-2	-2	0	-1	-2	0	3	1	-2	-1	-1	2	1	1	2	1	1	2	2	1	1	3	2	1	1	1	73	2	0	1	2	0.28	inf
-1	-1	-2	-2	-1	-1	-2	-2	-2	1	3	-1	2	0	-1	-1	-1	-1	-1	1	2	1	1	2	1	1	2	2	1	1	74	2	1	1	1	2	2	0	1	2	0.22	inf
3	-1	-1	-1	0	-1	-1	0	-1	-1	-1	-1	-1	-2	0	1	0	-2	-1	0	73	1	1	2	1	1	2	2	1	1	3	2	1	1	1	2	2	0	1	2	0.24	inf
-1	-1	-1	-1	-2	-1	-1	-1	-1	-2	-2	-1	-2	-2	7	-1	-1	-2	-2	-2	2	1	1	2	1	1	2	2	1	1	3	2	1	1	73	2	2	0	1	2	1.26	inf
2	-1	0	-1	-1	0	-1	0	-1	-1	-1	0	-1	-2	0	1	2	-2	-1	0	40	1	1	2	1	1	2	2	1	1	3	2	1	1	1	2	35	0	1	2	0.19	inf
-1	0	0	1	-2	1	4	-1	0	-2	-2	1	-1	-2	-1	0	-1	-2	-1	-2	2	1	1	2	1	1	73	2	1	1	3	2	1	1	1	2	2	0	1	2	0.44	inf
-1	-1	1	5	-4	1	3	-2	-1	-3	-3	0	-3	-3	-1	0	-1	-4	-3	-3	0	0	0	66	0	0	34	0	0	0	0	0	0	0	0	0	0	0	0	0	0.75	inf
-1	-1	1	5	-4	1	3	-2	-1	-3	-3	0	-3	-3	-1	0	-1	-4	-3	-3	0	0	0	66	0	0	34	0	0	0	0	0	0	0	0	0	0	0	0	0	0.75	inf
-2	5	-1	-2	-3	0	-1	-3	0	-2	-2	1	-1	0	-2	-1	-1	0	3	-2	0	71	0	0	0	0	0	0	0	0	0	0	0	0	0	0	0	0	29	0	0.54	inf
-1	-1	3	4	-3	1	3	-1	0	-3	-3	0	-2	-3	-2	0	-1	-4	-2	-3	0	0	29	38	0	0	34	0	0	0	0	0	0	0	0	0	0	0	0	0	0.58	inf
0	-1	4	0	-1	0	0	0	0	-3	-3	0	-2	-3	-1	3	1	-3	-2	-2	0	0	38	0	0	0	0	0	0	0	0	0	0	0	0	62	0	0	0	0	0.44	inf
-2	2	-2	-3	-3	-1	-2	-3	0	-1	-1	0	-1	4	-3	-2	-2	1	5	-1	0	29	0	0	0	0	0	0	0	0	0	0	0	34	0	0	0	0	38	0	0.46	inf
0	-1	-1	-1	-1	-1	-1	3	-1	0	2	-1	0	-1	-1	-1	-1	-1	-1	0	3	2	2	2	1	2	2	32	1	2	37	2	1	1	2	3	2	1	1	2	0.13	inf
-1	3	0	3	-2	0	1	-1	0	-2	-2	1	-1	-2	-1	0	-1	-2	-1	-2	3	36	2	31	1	2	2	3	1	2	3	2	1	1	2	3	2	1	1	2	0.25	inf
-2	3	0	-1	-3	1	0	-2	7	-3	-3	1	-2	-2	-2	-1	-2	-3	1	-3	0	34	0	0	0	0	0	0	66	0	0	0	0	0	0	0	0	0	0	0	0.65	inf
-1	3	0	-1	-3	3	0	3	-1	-3	-3	1	-1	-3	-2	0	-1	-2	-2	-3	0	38	0	0	0	29	0	34	0	0	0	0	0	0	0	0	0	0	0	0	0.44	inf
-2	5	0	3	-3	1	1	-2	-1	-3	-3	1	-2	-3	-2	-1	-1	-3	-2	-3	0	66	0	34	0	0	0	0	0	0	0	0	0	0	0	0	0	0	0	0	0.57	inf
0	-2	0	3	-3	-1	-1	5	-2	-4	-4	-1	-3	-3	-2	0	-1	-3	-3	-3	0	0	0	29	0	0	0	71	0	0	0	0	0	0	0	0	0	0	0	0	0.75	inf
-1	3	0	3	-3	3	1	-2	0	-3	-3	1	-2	-3	-2	0	-1	-3	-2	-3	0	34	0	38	0	29	0	0	0	0	0	0	0	0	0	0	0	0	0	0	0.49	inf
-1	3	0	-1	-3	3	0	3	-1	-3	-3	1	-1	-3	-2	0	-1	-2	-2	-3	0	34	0	0	0	29	0	38	0	0	0	0	0	0	0	0	0	0	0	0	0.45	inf
-1	6	-1	-2	-3	1	0	-2	0	-3	-2	2	-1	-3	-2	-1	-1	-3	-2	-3	0	100	0	0	0	0	0	0	0	0	0	0	0	0	0	0	0	0	0	0	0.78	inf
-1	4	0	-2	-3	0	-1	4	-1	-3	-3	1	-2	-3	-2	-1	-1	-3	-2	-3	0	49	0	0	0	0	0	51	0	0	0	0	0	0	0	0	0	0	0	0	0.57	inf
-1	3	-1	-2	-3	0	-1	3	0	-3	-2	0	-2	0	-2	-1	-1	0	3	-2	0	38	0	0	0	0	0	34	0	0	0	0	0	0	0	0	0	0	29	0	0.37	inf
0	-2	3	0	-3	-1	-2	5	-1	-4	-4	-1	-3	-3	-2	0	-1	-3	-3	-3	0	0	29	0	0	0	0	71	0	0	0	0	0	0	0	0	0	0	0	0	0.75	inf
0	-2	0	3	-3	-1	-1	5	-2	-4	-4	-1	-3	-3	-2	0	-1	-3	-3	-3	0	0	0	29	0	0	0	71	0	0	0	0	0	0	0	0	0	0	0	0	0.75	inf
-1	4	-1	-2	-3	0	-1	-2	-1	-2	-1	1	1	-2	2	-1	1	-3	-2	-2	0	62	0	0	0	0	0	0	0	0	0	0	13	0	12	0	12	0	0	0	0.42	inf
0	3	0	-1	-3	0	-1	4	-1	-3	-3	0	-2	-3	-2	-1	-1	-3	-3	-3	0	38	0	0	0	0	0	62	0	0	0	0	0	0	0	0	0	0	0	0	0.62	inf
0	-1	0	-1	-3	3	0	5	-1	-3	-3	0	-2	-3	-2	0	-1	-2	-2	-3	0	0	0	0	0	34	0	66	0	0	0	0	0	0	0	0	0	0	0	0	0.65	inf
0	-1	0	-1	-3	3	0	4	-1	-3	-3	0	-2	-3	-2	0	-1	-2	-2	-3	0	0	0	0	0	38	0	62	0	0	0	0	0	0	0	0	0	0	0	0	0.62	inf
0	-2	0	-1	-3	-2	-2	6	-2	-4	-4	-2	-3	-3	-2	0	-2	-3	-3	-3	0	0	0	0	0	0	0	100	0	0	0	0	0	0	0	0	0	0	0	0	1.04	inf
-1	4	-1	-2	-2	0	-1	-3	-1	0	1	1	4	-1	-2	-1	-1	-2	-1	0	0	49	0	0	0	0	0	0	0	0	0	0	51	0	0	0	0	0	0	0	0.29	inf
-1	4	0	-1	-3	0	-1	4	-1	-3	-3	1	-2	-3	-2	-1	-1	-3	-2	-3	0	51	0	0	0	0	0	49	0	0	0	0	0	0	0	0	0	0	0	0	0.55	inf
-1	4	0	-1	-3	0	-1	4	-1	-3	-3	1	-2	-3	-2	-1	-1	-3	-2	-3	0	49	0	0	0	0	0	51	0	0	0	0	0	0	0	0	0	0	0	0	0.56	inf
-1	4	0	-1	-3	0	-1	4	-1	-3	-3	1	-2	-3	-2	-1	-1	-3	-2	-3	0	51	0	0	0	0	0	49	0	0	0	0	0	0	0	0	0	0	0	0	0.55	inf
0	-2	0	-1	-3	-2	-2	6	-2	-4	-4	-2	-3	-3	-2	0	-2	-3	-3	-3	0	0	0	0	0	0	0	100	0	0	0	0	0	0	0	0	0	0	0	0	1.04	inf
0	-2	0	-1	-3	-2	-2	6	-2	-4	-4	-2	-3	-3	-2	0	-2	-3	-3	-3	0	0	0	0	0	0	0	100	0	0	0	0	0	0	0	0	0	0	0	0	1.04	inf
-2	-3	-3	-4	-2	-3	-3	-3	-1	0	0	-3	0	6	-4	-2	-2	1	3	-1	0	0	0	0	0	0	0	0	0	0	0	0	0	100	0	0	0	0	0	0	0.74	inf
-1	2	0	0	-3	1	2	-2	-1	-3	-3	4	-1	-3	-1	0	-1	-3	-2	-2	0	0	0	0	0	0	17	0	0	0	0	83	0	0	0	0	0	0	0	0	0.48	inf
0	-2	0	-1	-3	-2	-2	6	-2	-4	-4	-2	-3	-3	-2	0	-2	-3	-3	-3	0	0	0	0	0	0	0	100	0	0	0	0	0	0	0	0	0	0	0	0	1.04	inf
-2	0	6	1	-3	0	0	0	1	-3	-3	0	-2	-3	-2	1	0	-4	-2	-3	0	0	100	0	0	0	0	0	0	0	0	0	0	0	0	0	0	0	0	0	0.72	inf
-2	-2	1	6	-4	0	2	-1	-1	-3	-4	-1	-3	-4	-2	0	-1	-4	-3	-3	0	0	0	100	0	0	0	0	0	0	0	0	0	0	0	0	0	0	0	0	0.93	inf
-2	-2	1	6	-4	0	2	-1	-1	-3	-4	-1	-3	-4	-2	0	-1	-4	-3	-3	0	0	0	100	0	0	0	0	0	0	0	0	0	0	0	0	0	0	0	0	0.93	inf
-1	0	0	-1	-3	4	1	-2	6	-3	-2	0	-1	-2	-2	0	-1	-2	0	-3	0	0	0	0	0	51	0	0	49	0	0	0	0	0	0	0	0	0	0	0	0.56	inf
0	-1	0	-1	-2	-1	-1	-1	-1	-3	-3	-1	-2	-3	6	2	0	-3	-2	-2	0	0	0	0	0	0	0	0	0	0	0	0	0	0	51	49	0	0	0	0	0.93	inf
-1	6	0	-2	-3	1	0	-2	0	-3	-2	2	-1	-3	-2	-1	-1	-3	-2	-3	0	100	0	0	0	0	0	0	0	0	0	0	0	0	0	0	0	0	0	0	0.75	inf
0	-2	-1	-1	-2	-1	-1	-2	-2	-2	-2	-1	-1	-3	6	0	3	-3	-2	-1	0	0	0	0	0	0	0	0	0	0	0	0	0	0	51	0	49	0	0	0	0.93	inf
-2	-2	1	6	-4	0	2	-1	-1	-3	-4	-1	-3	-4	-2	0	-1	-4	-3	-3	0	0	0	100	0	0	0	0	0	0	0	0	0	0	0	0	0	0	0	0	0.93	inf
-2	0	6	1	-3	0	0	0	1	-3	-3	0	-2	-3	-2	1	0	-4	-2	-3	0	0	100	0	0	0	0	0	0	0	0	0	0	0	0	0	0	0	0	0	0.72	inf
-1	6	0	-2	-3	1	0	-2	0	-3	-2	2	-1	-3	-2	-1	-1	-3	-2	-3	0	100	0	0	0	0	0	0	0	0	0	0	0	0	0	0	0	0	0	0	0.75	inf
-1	0	-1	-1	-3	4	1	-2	-1	-3	-3	0	-1	-3	6	0	-1	-3	-2	-2	0	0	0	0	0	51	0	0	0	0	0	0	0	0	49	0	0	0	0	0	0.95	inf
-1	6	0	-2	-3	1	0	-2	0	-3	-2	2	-1	-3	-2	-1	-1	-3	-2	-3	0	100	0	0	0	0	0	0	0	0	0	0	0	0	0	0	0	0	0	0	0.75	inf
-2	0	6	1	-3	0	0	0	1	-3	-3	0	-2	-3	-2	1	0	-4	-2	-3	0	0	100	0	0	0	0	0	0	0	0	0	0	0	0	0	0	0	0	0	0.72	inf
0	-1	0	-1	-2	-1	-1	-1	-1	-3	-3	-1	-2	-3	6	2	0	-3	-2	-2	0	0	0	0	0	0	0	0	0	0	0	0	0	0	49	51	0	0	0	0	0.89	inf
-1	6	0	-2	-3	1	0	-2	0	-3	-2	2	-1	-3	-2	-1	-1	-3	-2	-3	0	100	0	0	0	0	0	0	0	0	0	0	0	0	0	0	0	0	0	0	0.75	inf
-1	0	0	2	-4	2	5	-2	0	-3	-3	1	-2	-3	-1	0	-1	-3	-2	-2	0	0	0	0	0	0	100	0	0	0	0	0	0	0	0	0	0	0	0	0	0.73	inf
3	-1	-1	-1	-1	-1	-1	-1	-2	-1	-1	-1	-1	-2	-1	1	3	-3	-2	0	49	0	0	0	0	0	0	0	0	0	0	0	0	0	0	0	51	0	0	0	0.32	inf
-1	2	0	-1	-3	1	1	-2	-1	-3	-2	5	-1	-3	-1	0	-1	-3	-2	-2	0	0	0	0	0	0	0	0	0	0	0	100	0	0	0	0	0	0	0	0	0.52	inf
3	-2	-1	-2	-1	-1	-1	4	-2	-2	-2	-1	-2	-3	-1	1	-1	-3	-2	-1	51	0	0	0	0	0	0	49	0	0	0	0	0	0	0	0	0	0	0	0	0.51	inf
-1	6	0	-2	-3	1	0	-2	0	-3	-2	2	-1	-3	-2	-1	-1	-3	-2	-3	0	100	0	0	0	0	0	0	0	0	0	0	0	0	0	0	0	0	0	0	0.75	inf
0	-1	0	-1	-1	-1	-1	-2	-2	-1	-1	-1	-1	-2	-1	1	5	-2	-2	0	0	0	0	0	0	0	0	0	0	0	0	0	0	0	0	0	100	0	0	0	0.47	inf
2	-1	0	-1	-1	0	0	-1	-1	-2	-2	0	-1	-2	-1	3	3	-3	-2	-1	16	0	0	0	0	0	0	0	0	0	0	0	0	0	0	51	32	0	0	0	0.34	inf
-2	-2	1	6	-4	0	2	-1	-1	-3	-4	-1	-3	-4	-2	0	-1	-4	-3	-3	0	0	0	100	0	0	0	0	0	0	0	0	0	0	0	0	0	0	0	0	0.93	inf
0	-2	0	-1	-3	-2	-2	6	-2	-4	-4	-2	-3	-3	-2	0	-2	-3	-3	-3	0	0	0	0	0	0	0	100	0	0	0	0	0	0	0	0	0	0	0	0	1.04	inf
1	-1	1	0	-1	0	0	0	-1	-2	-2	0	-2	-2	-1	4	1	-3	-2	-2	0	0	0	0	0	0	0	0	0	0	0	0	0	0	0	100	0	0	0	0	0.45	inf
-1	-1	-2	-2	-1	-1	-1	-2	-2	1	3	-1	1	0	-1	-1	-1	-1	-1	1	3	2	1	2	1	1	2	2	1	2	70	2	1	1	2	2	2	0	1	2	0.18	inf
0	1	0	0	-2	4	1	-1	0	-2	-1	1	0	-2	-1	0	0	-1	-1	-1	3	2	1	2	1	69	2	2	1	2	3	2	1	1	2	2	2	0	1	2	0.36	inf
-1	-2	-2	-2	-1	-1	-2	-2	-2	3	1	-1	1	0	-1	-1	0	-1	-1	2	3	2	1	2	1	1	2	2	1	69	3	2	1	1	2	2	2	0	1	2	0.14	inf
-1	5	0	-1	-2	1	0	-1	0	-2	-1	2	-1	-2	-1	0	-1	-2	-1	-2	3	69	1	2	1	1	2	2	1	2	3	2	1	1	2	2	2	0	1	2	0.39	inf
-1	-1	-2	-2	-1	-1	-2	-2	-2	2	2	-1	1	0	-1	-1	0	-1	-1	2	3	2	1	2	1	1	2	2	1	36	20	2	1	1	2	2	2	0	1	18	0.12	inf
-1	-1	1	5	-2	0	1	-1	-1	-2	-2	0	-2	-2	-1	0	-1	-2	-2	-2	3	2	1	69	1	1	2	2	1	2	3	2	1	1	2	2	2	0	1	2	0.49	inf
0	-2	-1	-2	8	-2	-2	-1	-2	-1	-1	-2	-1	-2	-1	0	-1	-1	-1	-1	3	2	1	2	68	1	2	2	1	2	3	2	1	1	2	2	2	0	1	2	0.62	inf
-1	0	5	1	-2	0	0	0	0	-2	-2	0	-1	-2	-1	0	0	-2	-1	-2	3	2	69	2	1	1	2	2	1	2	3	2	1	1	2	2	2	0	1	2	0.38	inf
-1	0	5	1	-2	0	0	0	0	-2	-2	0	-1	-2	-1	0	0	-2	-1	-2	3	2	69	2	1	1	2	2	1	2	3	2	1	1	2	2	2	0	1	2	0.38	inf
-1	0	0	1	-2	1	4	-1	0	-2	-2	1	-1	-2	0	0	-1	-2	-1	-2	3	2	1	2	1	1	69	2	1	2	3	2	1	1	2	2	2	0	1	2	0.39	inf
-1	5	0	-1	-2	1	0	-1	0	-2	-1	2	-1	-2	-1	0	-1	-2	-1	-2	3	69	1	2	1	1	2	2	1	2	3	2	1	1	2	2	2	0	1	2	0.39	inf
1	0	0	0	-1	0	0	0	-1	-2	-2	0	-1	-2	0	3	1	-2	-1	-1	3	2	1	2	1	1	2	2	1	2	3	2	1	1	2	69	2	0	1	2	0.25	inf
0	-1	-2	-2	-1	-1	-1	-2	-2	2	1	-1	0	-1	-1	-1	0	-2	-1	3	3	2	1	2	1	1	2	2	1	2	3	2	1	1	2	2	2	0	1	69	0.14	inf
-1	0	0	-1	-2	0	0	-1	7	-2	-2	0	-1	-1	-1	0	-1	-1	1	-2	3	2	1	2	1	1	2	2	68	2	3	2	1	1	2	2	2	0	1	2	0.45	inf
0	-1	0	-1	-1	0	0	-1	-1	-1	-1	0	0	-1	0	1	4	-1	-1	0	3	2	1	2	1	1	2	2	1	2	3	2	1	1	2	2	69	0	1	2	0.25	inf
0	2	0	0	-2	1	1	-1	-1	-2	-2	4	-1	-2	0	0	0	-2	-1	-1	3	2	1	2	1	1	2	2	1	2	3	69	1	1	2	2	2	0	1	2	0.27	inf
0	-1	0	-1	-1	0	0	-1	-1	-1	-1	0	0	-1	0	1	4	-1	-1	0	3	2	1	2	1	1	2	2	1	2	3	2	1	1	2	2	69	0	1	2	0.25	inf
-1	-2	-3	-4	-1	-2	-3	-4	-3	2	4	-2	2	0	-3	-2	-1	-2	-1	1	0	0	0	0	0	0	0	0	0	0	100	0	0	0	0	0	0	0	0	0	0.45	inf
-1	1	0	0	-3	5	2	-2	0	-3	-2	1	0	-3	-1	0	-1	-2	-1	-2	0	0	0	0	0	100	0	0	0	0	0	0	0	0	0	0	0	0	0	0	0.65	inf
-1	-1	5	1	-2	0	0	0	0	-3	-3	0	-2	-3	-2	1	0	-4	-2	-3	0	0	84	0	0	0	0	0	0	0	0	0	0	0	0	16	0	0	0	0	0.61	inf
3	-1	-1	-2	-1	-1	-1	0	-2	-1	-1	-1	-1	-2	-1	1	2	-3	-2	0	68	0	0	0	0	0	0	0	0	0	0	0	0	0	0	0	32	0	0	0	0.32	inf
1	-1	1	0	-1	0	0	0	-1	-2	-2	0	-2	-2	-1	4	1	-3	-2	-2	0	0	0	0	0	0	0	0	0	0	0	0	0	0	0	100	0	0	0	0	0.45	inf
1	-2	-1	-1	-1	-1	-1	-1	-2	1	0	-1	0	-2	-2	2	1	-3	-1	2	0	0	0	0	0	0	0	0	0	0	0	0	0	0	0	49	0	0	0	51	0.18	inf
-1	0	0	3	-4	2	5	-2	0	-3	-3	1	-2	-3	-1	0	-1	-3	-2	-3	0	0	0	17	0	0	83	0	0	0	0	0	0	0	0	0	0	0	0	0	0.68	inf
0	-2	0	-1	-3	-2	-2	6	-2	-4	-4	-2	-3	-3	-2	0	-2	-3	-3	-3	0	0	0	0	0	0	0	100	0	0	0	0	0	0	0	0	0	0	0	0	1.04	inf
1	-1	2	0	-1	0	0	0	-1	-3	-3	0	-2	-2	-1	4	1	-3	-2	-2	0	0	17	0	0	0	0	0	0	0	0	0	0	0	0	83	0	0	0	0	0.42	inf
-1	6	0	-2	-3	1	0	-2	0	-3	-2	2	-1	-3	-2	-1	-1	-3	-2	-3	0	100	0	0	0	0	0	0	0	0	0	0	0	0	0	0	0	0	0	0	0.75	inf
-1	-2	-3	-4	-1	-2	-3	-4	-3	2	4	-2	2	0	-3	-2	-1	-2	-1	1	0	0	0	0	0	0	0	0	0	0	100	0	0	0	0	0	0	0	0	0	0.45	inf
-1	6	0	-2	-3	1	0	-2	0	-3	-2	2	-1	-3	-2	-1	-1	-3	-2	-3	0	100	0	0	0	0	0	0	0	0	0	0	0	0	0	0	0	0	0	0	0.75	inf
0	-1	0	-1	-1	-1	-1	-2	-2	-1	-1	-1	-1	-2	-1	1	5	-2	-2	0	0	0	0	0	0	0	0	0	0	0	0	0	0	0	0	0	100	0	0	0	0.47	inf
0	-2	0	-1	-3	-2	-2	6	-2	-4	-4	-2	-3	-3	-2	0	-2	-3	-3	-3	0	0	0	0	0	0	0	100	0	0	0	0	0	0	0	0	0	0	0	0	1.04	inf
-1	2	0	-1	-3	1	1	-2	-1	-3	-2	5	-1	-3	-1	0	-1	-3	-2	-2	0	0	0	0	0	0	0	0	0	0	0	100	0	0	0	0	0	0	0	0	0.52	inf
-2	-2	1	6	-4	0	2	-1	-1	-3	-4	-1	-3	-4	-2	0	-1	-4	-3	-3	0	0	0	100	0	0	0	0	0	0	0	0	0	0	0	0	0	0	0	0	0.93	inf
-1	6	0	-2	-3	1	0	-2	0	-3	-2	2	-1	-3	-2	-1	-1	-3	-2	-3	0	100	0	0	0	0	0	0	0	0	0	0	0	0	0	0	0	0	0	0	0.75	inf
-1	-1	4	0	-2	-1	-1	-2	-1	2	0	-1	0	-2	-2	0	0	-3	-2	2	0	0	49	0	0	0	0	0	0	18	0	0	0	0	0	0	0	0	0	34	0.21	inf
-1	2	0	-1	-3	5	2	-2	0	-3	-2	1	-1	-3	-1	0	-1	-2	-1	-2	0	17	0	0	0	83	0	0	0	0	0	0	0	0	0	0	0	0	0	0	0.59	inf
-1	2	0	-1	-3	1	1	-2	-1	-3	-2	5	-1	-3	-1	0	-1	-3	-2	-2	0	0	0	0	0	0	0	0	0	0	0	100	0	0	0	0	0	0	0	0	0.52	inf
-1	2	0	-1	-3	1	1	-2	-1	-3	-2	5	-1	-3	-1	0	-1	-3	-2	-2	0	0	0	0	0	0	0	0	0	0	0	100	0	0	0	0	0	0	0	0	0.52	inf
-1	0	0	2	-4	2	5	-2	0	-3	-3	1	-2	-3	-1	0	-1	-3	-2	-2	0	0	0	0	0	0	100	0	0	0	0	0	0	0	0	0	0	0	0	0	0.73	inf
-1	2	0	-1	-3	1	1	-2	-1	-3	-2	5	-1	-3	-1	0	-1	-3	-2	-2	0	0	0	0	0	0	0	0	0	0	0	100	0	0	0	0	0	0	0	0	0.52	inf
0	-2	-1	-1	-2	-1	-1	-2	-2	-2	-2	-1	-2	-3	6	1	2	-3	-2	-1	0	0	0	0	0	0	0	0	0	0	0	0	0	0	49	17	34	0	0	0	0.86	inf
-2	-1	1	5	-4	0	2	-1	-1	-3	-4	0	-3	-3	-1	0	-1	-4	-3	-3	0	0	0	83	0	0	17	0	0	0	0	0	0	0	0	0	0	0	0	0	0.82	inf
1	-1	0	-1	-1	-1	-1	3	-2	-1	-2	-1	-1	-2	-1	2	0	-3	-2	0	0	0	0	0	0	0	0	34	0	0	0	0	0	0	0	49	0	0	0	17	0.30	inf
0	-3	-3	-3	-1	-2	-2	-3	-3	3	1	-2	1	-1	-2	-2	0	-3	-1	4	0	0	0	0	0	0	0	0	0	0	0	0	0	0	0	0	0	0	0	100	0.35	inf
-2	-2	1	6	-4	0	2	-1	-1	-3	-4	-1	-3	-4	-2	0	-1	-4	-3	-3	0	0	0	100	0	0	0	0	0	0	0	0	0	0	0	0	0	0	0	0	0.93	inf
0	-2	0	-1	-3	-2	-2	6	-2	-4	-4	-2	-3	-3	-2	0	-2	-3	-3	-3	0	0	0	0	0	0	0	100	0	0	0	0	0	0	0	0	0	0	0	0	1.04	inf
-1	-1	-1	-1	-3	3	0	-2	-1	-2	0	0	-1	-2	6	-1	-1	-3	-2	-2	0	0	0	0	0	32	0	0	0	0	16	0	0	0	51	0	0	0	0	0	0.84	inf
-1	1	0	0	-3	5	2	-2	0	-3	-2	1	0	-3	-1	0	-1	-2	-1	-2	0	0	0	0	0	100	0	0	0	0	0	0	0	0	0	0	0	0	0	0	0.65	inf
0	-2	-2	-2	-2	-2	-2	-3	-3	1	0	-2	0	-2	5	-1	-1	-3	-2	2	0	0	0	0	0	0	0	0	0	0	0	0	0	0	49	0	0	0	0	51	0.76	inf
-1	-2	-3	-3	-1	-2	-3	-3	-3	2	3	-2	1	0	-3	-2	-1	-2	-1	3	0	0	0	0	0	0	0	0	0	0	49	0	0	0	0	0	0	0	0	51	0.32	inf
0	-3	-3	-3	-1	-2	-2	-3	-3	3	1	-2	1	-1	-2	-2	0	-3	-1	4	0	0	0	0	0	0	0	0	0	0	0	0	0	0	0	0	0	0	0	100	0.35	inf
-2	0	6	1	-3	0	0	0	1	-3	-3	0	-2	-3	-2	1	0	-4	-2	-3	0	0	100	0	0	0	0	0	0	0	0	0	0	0	0	0	0	0	0	0	0.72	inf
0	-2	0	-1	-3	-2	-2	6	-2	-4	-4	-2	-3	-3	-2	0	-2	-3	-3	-3	0	0	0	0	0	0	0	100	0	0	0	0	0	0	0	0	0	0	0	0	1.04	inf
0	-3	-3	-3	-1	-2	-3	-3	-3	3	1	-2	1	-1	-2	-2	0	-3	-1	4	0	0	0	0	0	0	0	0	0	17	0	0	0	0	0	0	0	0	0	83	0.34	inf
-1	-2	-2	-2	-3	-1	-1	-2	-2	-3	-3	-1	-3	-4	7	-1	-1	-4	-3	-2	0	0	0	0	0	0	0	0	0	0	0	0	0	0	100	0	0	0	0	0	2.04	inf
