-1	-2	-3	-3	-2	-1	-2	-3	-2	1	2	-2	6	3	-3	-2	-1	-1	0	0	0	0	0	0	0	0	0	0	0	0	0	0	76	24	0	0	0	0	0	0	0.37	inf
2	-2	2	-1	-2	-1	-1	3	-1	-3	-3	-1	-2	-3	-2	1	-1	-3	-2	-2	43	0	24	0	0	0	0	33	0	0	0	0	0	0	0	0	0	0	0	0	0.38	inf
-1	4	-1	-2	-2	0	-1	-2	-1	-1	1	1	0	-2	-2	1	1	-3	-2	-1	0	45	0	0	0	0	0	0	0	0	22	0	0	0	0	20	14	0	0	0	0.25	inf
-2	-3	-4	-4	-2	-3	-3	-4	-3	1	4	-3	2	2	-3	-3	-2	-2	-1	0	0	0	0	0	0	0	0	0	0	0	88	0	0	12	0	0	0	0	0	0	0.58	inf
0	-3	-3	-4	-2	-3	-3	-3	-3	1	4	-3	1	3	-3	-2	-2	-1	0	0	15	0	0	0	0	0	0	0	0	0	62	0	0	23	0	0	0	0	0	0	0.39	inf
2	-3	-2	-3	5	-2	-2	1	-3	0	0	-2	-1	-2	3	-1	-1	-3	-2	1	23	0	0	0	21	0	0	12	0	0	10	0	0	0	14	0	0	0	0	19	0.33	inf
-2	-3	-4	-4	-2	-3	-4	-4	-3	1	3	-3	2	4	-4	-3	-2	-1	0	1	0	0	0	0	0	0	0	0	0	5	49	0	7	30	0	0	0	0	0	8	0.51	inf
-2	-2	-3	-3	-2	1	-2	-4	-3	1	3	-2	1	2	-3	-2	0	4	-1	2	0	0	0	0	0	11	0	0	0	0	42	0	0	10	0	0	8	7	0	23	0.29	inf
-1	-3	-3	-4	-2	-3	-3	-1	-2	3	2	-3	1	2	-3	-2	-1	-2	2	2	0	0	0	0	0	0	0	7	0	28	23	0	0	11	0	0	0	0	8	23	0.29	inf
-1	-2	-2	-3	-2	-2	-2	0	-3	0	3	-2	0	-1	-3	0	2	-3	-2	1	0	0	0	0	0	0	0	10	0	0	44	0	0	0	0	11	21	0	0	14	0.22	inf
1	-2	2	-2	4	-2	-2	-2	-2	2	1	-2	0	-2	-2	1	0	-3	-2	0	21	0	14	0	12	0	0	0	0	21	16	0	0	0	0	16	0	0	0	0	0.17	inf
0	-3	-3	-3	5	-3	-3	2	-2	0	2	-3	0	1	-3	-1	-2	-2	1	-1	10	0	0	0	18	0	0	22	0	5	31	0	0	7	0	0	0	0	6	0	0.27	inf
-2	-3	-4	-4	-2	-3	-3	-4	-3	1	3	-3	1	1	-4	-3	-2	6	0	2	0	0	0	0	0	0	0	0	0	4	52	0	0	7	0	0	0	17	0	19	0.60	inf
2	-2	-2	-3	-1	-2	-2	-2	-3	0	1	-2	0	-2	2	0	1	-3	-2	2	24	0	0	0	0	0	0	0	0	0	15	0	0	0	13	9	7	0	0	32	0.26	inf
0	0	-1	1	-2	-1	-1	2	-2	-1	-1	-1	-1	-2	-2	2	0	-2	0	-2	6	6	0	11	0	0	0	23	0	5	9	0	0	0	0	30	5	0	6	0	0.19	inf
0	-1	-1	-2	-2	2	-1	0	-2	0	0	-1	-1	1	2	1	1	-2	-1	0	9	0	0	0	0	16	0	6	0	6	8	0	0	11	13	16	9	0	0	6	0.15	inf
3	-2	-2	-3	2	-2	-2	-1	-3	0	-1	-2	1	-2	-2	1	1	-3	-2	2	48	0	0	0	5	0	0	0	0	0	0	0	5	0	0	7	11	0	0	24	0.33	inf
-1	-1	0	-2	3	0	-2	-3	-2	0	2	-2	0	1	0	1	-1	3	-1	0	0	3	7	0	11	6	0	0	0	0	29	0	0	10	5	15	0	4	0	9	0.14	inf
2	-2	-1	-1	-2	-1	1	3	-2	-2	-2	-1	1	-3	2	2	-1	-3	-3	-1	18	0	0	0	0	0	15	27	0	0	0	0	7	0	10	18	0	0	0	4	0.33	inf
-1	-2	-2	-3	-2	-2	-2	1	2	2	2	-2	0	-1	-3	-2	-1	-3	-1	3	1	0	0	0	0	0	1	16	8	15	23	0	0	0	0	1	0	0	0	32	0.21	inf
-1	-1	-1	-2	6	3	0	-2	1	-2	-2	-1	-2	-3	-2	2	-1	-3	-2	0	1	0	0	0	26	21	5	1	4	0	1	0	0	0	0	30	0	0	0	8	0.44	inf
-2	-4	-4	-4	-2	-4	-4	-5	-4	4	0	-4	0	-2	-4	-3	-1	-4	-2	5	0	0	0	0	0	0	0	0	0	38	0	0	0	0	0	0	0	0	0	62	0.85	inf
-1	-1	-1	0	-3	1	2	-1	0	-1	-2	-1	-2	-1	-2	0	3	-2	4	-2	0	2	0	3	0	6	18	5	2	6	0	2	0	0	0	4	30	0	21	0	0.31	inf
0	-2	-2	-2	-2	-2	0	-3	-3	2	-1	0	-1	-2	-2	0	3	-4	-2	3	6	0	0	0	0	0	9	0	0	15	0	5	0	0	0	4	34	0	0	27	0.31	inf
0	-3	-1	3	-3	-2	0	-3	0	-4	-4	-2	-3	-4	6	0	1	-5	-4	-3	5	0	0	20	0	0	6	0	2	0	0	0	0	0	48	8	10	0	0	0	1.02	inf
0	2	-1	1	-3	0	1	0	0	-1	-2	2	-2	-3	2	1	1	-3	-2	-2	9	12	0	8	0	0	8	7	2	6	0	18	0	0	9	12	9	0	0	0	0.20	inf
-1	-1	0	1	-3	3	3	-1	3	-3	-3	-1	-2	-1	-2	-1	2	-3	-2	-1	2	0	2	8	0	16	32	3	12	0	0	0	0	3	0	0	18	0	0	5	0.41	inf
-1	-3	0	-3	-2	-3	-3	-4	-3	3	2	-3	0	-1	-3	-2	1	-3	-2	3	3	0	6	0	0	0	0	0	0	21	24	0	0	0	0	0	14	0	0	32	0.36	inf
-2	1	2	-1	-4	0	3	-3	1	-3	-2	-1	0	2	1	0	0	-2	3	-3	0	10	14	0	0	0	29	0	4	0	0	0	4	9	6	3	6	0	14	0	0.31	inf
2	-2	-2	-3	-2	-2	-2	2	-3	1	-1	1	-1	-3	-2	-1	-1	-4	-3	3	27	0	0	0	0	0	0	20	0	6	0	15	0	0	0	0	0	0	0	32	0.30	inf
2	-1	-2	-3	-2	-2	-2	-3	1	1	0	-2	-1	-1	-3	-1	2	-3	1	3	21	4	0	0	0	0	0	0	4	6	6	0	0	0	0	0	19	0	6	33	0.24	inf
-1	-2	4	-2	-3	0	-2	-3	-2	0	-2	0	-1	-2	-3	0	-1	3	1	3	2	0	30	0	0	4	0	0	0	0	0	8	0	0	0	4	0	6	6	40	0.38	inf
-1	-4	-2	-3	-4	-3	-4	7	-4	-4	-5	-3	-4	-5	-4	-2	-3	-4	-5	-1	0	0	0	0	0	0	0	94	0	0	0	0	0	0	0	0	0	0	0	6	1.60	inf
-1	-1	0	0	-3	0	2	0	-2	-3	-3	1	1	-3	-2	3	3	-4	-3	-2	0	0	4	4	0	0	18	4	0	0	0	9	6	0	0	30	24	0	0	0	0.36	inf
-1	0	3	3	-3	1	1	-2	0	-3	-2	0	-2	-3	0	1	2	-4	-2	-2	0	5	16	18	0	9	5	0	2	0	4	4	0	0	4	14	18	0	0	0	0.31	inf
1	-3	-3	-3	-2	-3	-3	1	-3	3	0	-3	1	1	-3	-1	1	-3	-2	3	14	0	0	0	0	0	0	12	0	19	0	0	4	6	0	0	8	0	0	38	0.30	inf
-1	2	-1	-2	-3	2	-1	-3	-1	-3	-1	3	-2	-2	-2	0	3	-3	1	-2	0	13	0	0	0	15	0	0	0	0	5	29	0	0	0	6	24	0	8	0	0.38	inf
-3	-3	0	-4	-3	-3	-4	-5	-4	1	5	-3	3	-1	-4	-3	-2	-3	-2	0	0	0	6	0	0	0	0	0	0	6	79	0	9	0	0	0	0	0	0	0	0.81	inf
0	1	-1	0	-3	-1	-1	-1	0	-1	0	2	-1	-2	4	0	0	-3	0	-2	6	10	0	4	0	0	0	4	3	5	12	20	0	0	20	6	6	0	4	0	0.24	inf
-2	-5	-4	-5	11	-5	-5	-5	-5	-3	-3	-5	-3	-4	-5	-3	0	-4	-4	-3	0	0	0	0	94	0	0	0	0	0	0	0	0	0	0	0	6	0	0	0	2.70	inf
-1	-1	-1	-1	-1	-1	-1	-1	-1	1	1	0	0	-1	-1	0	1	-1	-1	1	3	2	2	2	1	2	3	3	1	14	21	11	1	2	2	3	17	1	1	7	0.06	inf
-1	-2	-1	-2	-2	0	-2	-1	-1	0	-2	-1	-2	3	-2	3	2	-1	4	-2	0	0	0	0	0	4	0	3	0	6	0	4	0	15	0	33	15	0	17	0	0.32	inf
-1	-3	0	-3	6	-3	-3	-3	-2	0	-1	-3	-1	5	-3	-1	2	-1	0	-1	3	1	7	1	21	0	1	1	0	5	1	1	0	40	1	1	17	0	0	1	0.57	inf
-1	-1	-1	-1	-2	0	-1	-2	-2	-2	0	2	0	2	-2	1	3	6	-1	-2	0	0	0	2	0	5	0	0	0	0	9	16	4	10	0	14	25	13	0	0	0.31	inf
0	0	-1	-2	2	0	-1	0	-1	-2	-1	0	-2	-2	-2	3	2	-3	1	-2	0	6	0	0	6	5	2	8	0	0	5	4	0	0	0	44	11	0	6	0	0.29	inf
0	1	1	-1	-2	-1	0	-2	-1	-2	-2	-1	-1	2	2	2	1	-2	1	0	5	10	9	0	0	0	4	0	0	0	1	0	0	13	11	23	10	0	7	8	0.18	inf
1	-1	2	0	-3	0	4	-2	-1	-3	-3	0	-2	-3	-2	2	2	-3	0	-2	12	0	10	0	0	0	40	0	0	0	0	4	0	0	0	18	13	0	3	0	0.44	inf
-1	-2	1	2	-3	1	2	-2	-2	-2	-3	-1	-2	-2	2	1	0	5	0	0	0	0	5	16	0	6	18	0	0	0	0	0	0	0	11	13	6	11	2	12	0.34	inf
-1	-1	2	0	-2	1	-1	-3	-2	2	1	-1	0	-2	-3	-1	1	-3	-2	2	0	3	18	4	0	8	0	0	0	12	14	0	0	0	0	0	12	0	0	26	0.18	inf
-1	-1	1	-1	-3	0	2	2	3	-4	-4	2	-3	-3	-2	2	1	-4	-2	-3	0	0	6	0	0	0	18	21	12	0	0	15	0	0	0	21	9	0	0	0	0.37	inf
0	0	1	3	-3	0	0	0	1	-3	-3	2	-2	-3	2	0	0	1	-2	-3	10	5	6	28	0	3	3	6	4	0	0	15	0	0	9	0	8	2	0	0	0.29	inf
0	-1	0	1	-2	0	0	-2	-2	1	2	0	0	-1	0	-1	0	-3	-2	1	7	0	6	11	0	7	6	0	0	9	28	6	0	0	5	0	4	0	0	9	0.09	inf
-1	-2	-1	1	-2	-2	-2	-3	-2	1	2	-2	0	1	-2	1	3	-3	-1	0	0	0	0	9	0	0	0	0	0	8	25	0	0	7	0	12	32	0	0	5	0.23	inf
0	-1	-1	0	-1	1	-1	-1	-1	0	-1	1	-1	1	-1	2	2	-2	-1	0	5	1	1	5	0	7	1	2	0	5	2	9	0	10	1	22	19	0	1	8	0.12	inf
-2	-3	-4	-4	-2	-1	-3	-4	-3	4	1	-3	0	2	-3	-3	0	-3	0	3	0	0	0	0	0	4	0	0	0	38	8	0	0	10	0	0	6	0	2	32	0.46	inf
-1	-1	2	2	-3	2	3	-2	-1	-3	-3	-1	-2	-3	-2	1	2	5	-2	-3	0	0	11	9	0	14	25	0	0	0	0	0	0	0	0	13	19	9	0	0	0.48	inf
-5	-5	-6	-6	-5	-4	-5	-5	-5	-5	-4	-5	-4	-1	-6	-2	-4	12	0	-5	0	0	0	0	0	0	0	0	0	0	0	0	0	0	0	4	0	96	0	0	3.76	inf
-1	0	2	-1	-2	-1	0	-2	2	-1	0	-1	1	1	-2	2	3	-3	-1	-1	0	7	11	0	0	0	6	0	6	4	8	0	4	7	0	23	24	0	0	0	0.20	inf
-3	-3	-4	-4	-3	-3	-4	-4	-1	1	0	-1	-1	6	-4	-3	-3	0	6	-1	0	0	0	0	0	0	0	0	0	10	6	6	0	45	0	0	0	0	33	0	0.96	inf
-2	4	1	-2	-3	4	-1	-3	1	-1	-2	0	-2	2	-3	1	-1	-3	0	-2	0	28	5	0	0	27	0	0	4	6	0	0	0	11	0	16	0	0	3	0	0.40	inf
-1	-2	0	-2	-4	2	0	-1	4	-4	-4	-1	-3	-4	6	1	-2	-4	-2	-3	2	0	4	0	0	13	6	4	13	0	0	0	0	0	45	13	0	0	0	0	0.94	inf
0	1	0	2	2	0	2	1	-2	-3	-2	2	-2	-3	1	0	-1	-4	-3	-3	7	9	2	16	6	0	16	12	0	0	3	14	0	0	6	8	0	0	0	0	0.24	inf
-1	0	3	1	-3	-1	0	3	1	-4	-4	2	-3	-4	-2	1	-1	-4	-3	-3	0	4	19	8	0	0	6	29	4	0	0	17	0	0	0	13	0	0	0	0	0.43	inf
1	0	1	-1	-2	2	1	1	1	-3	-3	-1	0	-3	1	2	2	-3	-2	-2	8	3	9	0	0	10	8	11	4	0	0	0	4	0	5	23	15	0	0	0	0.25	inf
-1	2	-1	0	2	1	2	-1	-1	-3	-2	2	0	-2	-2	1	1	-3	0	-2	0	13	0	5	6	6	17	3	0	0	0	17	5	0	0	11	10	0	5	0	0.23	inf
-1	0	1	2	-3	3	3	-2	0	-3	-3	1	-2	-4	-2	1	0	-4	-3	-1	0	4	4	14	0	19	30	0	2	0	0	5	0	0	0	12	3	0	0	6	0.43	inf
0	-2	-1	0	-3	1	2	-3	-2	0	-1	-1	0	2	2	0	2	-2	-1	-1	7	0	0	6	0	6	19	0	0	7	3	0	4	16	11	2	18	0	0	0	0.20	inf
-2	-2	-3	-2	-2	1	2	-4	0	3	1	-1	0	-1	-3	-2	-1	-3	0	3	0	0	0	0	0	6	18	0	3	22	9	4	0	0	0	0	0	0	4	34	0.27	inf
0	-2	-1	-2	-2	-1	-2	-2	-2	1	-1	0	1	1	-2	3	2	-3	-1	1	6	0	0	0	0	0	0	0	0	8	0	6	7	8	0	35	15	0	0	14	0.22	inf
-2	-4	-4	-1	-3	-4	-4	-4	-3	5	0	-4	0	3	-4	-3	-2	-2	2	3	0	0	0	5	0	0	0	0	0	54	0	0	0	16	0	0	0	0	8	18	0.60	inf
-2	-1	-3	-4	-3	-3	-3	-1	2	1	2	-3	0	4	-4	-3	-2	0	5	0	0	4	0	0	0	0	0	5	6	10	22	0	0	26	0	0	0	0	25	2	0.49	inf
-2	0	-1	-2	-3	1	0	-3	7	-2	-1	-1	-2	1	-3	-1	0	-2	4	-1	0	6	0	0	0	7	4	0	41	0	7	0	0	4	0	4	6	0	16	4	0.59	inf
-2	-3	-3	-4	-3	-3	-3	-4	0	-1	-2	-3	0	4	0	0	-2	0	7	0	0	0	0	0	0	0	0	0	0	3	0	0	3	14	6	9	0	0	58	8	0.96	inf
0	2	0	2	-3	2	2	0	-1	-3	-3	1	-2	-3	-2	2	-1	-3	-2	-3	9	14	0	12	0	13	15	5	0	0	1	6	0	0	0	24	0	0	0	0	0.32	inf
-1	-1	3	-1	-3	2	0	2	-1	-3	-2	1	2	-2	-1	0	-1	-3	1	-3	0	0	24	0	0	14	3	22	0	0	0	11	10	0	3	5	0	0	6	0	0.30	inf
-1	-2	1	2	-3	-1	1	4	-2	-3	-3	0	-3	-1	-2	1	-1	-3	-3	-3	1	0	5	13	0	0	12	46	0	0	1	7	0	3	0	10	0	0	0	1	0.50	inf
-2	1	-2	-2	-3	4	0	-2	1	0	-1	2	1	2	-2	-1	-1	-2	-1	1	0	4	0	0	0	33	0	3	3	7	3	17	4	12	0	0	0	0	0	12	0.27	inf
0	0	-1	-2	-2	2	0	-2	-2	1	0	-1	-1	-2	4	2	-1	-3	-2	0	5	5	0	0	0	12	4	1	0	15	6	1	0	0	22	21	1	0	0	6	0.30	inf
-1	-2	1	0	-3	0	-1	-3	0	-1	-1	0	0	2	-3	-1	-2	0	6	0	3	0	7	6	0	6	4	1	0	0	5	5	3	10	0	4	1	0	39	6	0.38	inf
0	-1	-1	1	-2	0	0	-2	-2	1	1	-1	0	0	3	0	-1	-3	-2	0	11	3	0	8	0	6	4	0	0	15	14	3	0	4	15	10	0	0	0	6	0.14	inf
-1	-1	1	2	-3	1	1	2	1	-2	-2	0	-2	-3	1	0	1	-3	-2	-2	1	1	5	16	0	9	11	18	4	4	1	6	0	0	6	7	9	0	0	1	0.22	inf
1	-1	0	1	-2	0	1	-2	-1	-1	-1	1	1	-1	-2	1	0	-2	2	0	15	0	4	10	0	0	11	0	0	0	4	9	5	0	0	15	6	0	13	6	0.12	inf
0	-2	-2	0	-2	-1	-1	-2	-1	1	0	0	-1	0	-2	0	-1	4	4	0	7	1	1	6	0	1	4	1	0	12	12	6	0	1	1	6	1	6	27	8	0.20	inf
-1	-2	-1	0	-3	-1	1	5	-2	-3	-2	-2	-2	-3	3	-1	-2	-3	-3	-3	1	1	1	5	0	3	13	50	0	1	6	1	0	0	16	1	1	0	0	1	0.61	inf
-1	3	-1	1	-3	2	0	-2	1	-2	-3	1	-2	-3	3	0	1	-3	-2	-2	2	24	0	9	0	11	3	0	4	2	1	8	0	0	16	7	9	0	0	2	0.35	inf
-3	-4	-3	-1	-3	-4	-3	-4	-2	-1	1	-4	-1	7	-4	-3	-3	-1	2	-2	0	0	0	6	0	0	0	0	0	0	13	0	0	73	0	0	0	0	4	0	1.12	inf
-2	3	-1	0	-4	3	1	-1	-2	-4	-4	5	-2	-4	-2	-1	-2	-4	-3	-4	0	12	0	5	0	16	6	3	0	0	0	58	0	0	0	0	0	0	0	0	0.76	inf
-2	-3	2	5	-4	-1	1	3	-2	-5	-5	-2	-4	-5	-3	-1	-2	-5	-4	-4	0	0	12	52	0	0	7	29	0	0	0	0	0	0	0	0	0	0	0	0	0.93	inf
-3	8	-2	-3	-5	-1	-2	-4	-2	-5	-4	1	-3	-5	-4	-2	-3	-5	-3	-4	0	100	0	0	0	0	0	0	0	0	0	0	0	0	0	0	0	0	0	0	1.81	inf
-2	-4	-4	-4	-2	-4	-4	-5	-4	5	1	-4	1	-2	-4	-3	-1	-4	-2	5	0	0	0	0	0	0	0	0	0	39	3	0	2	0	0	0	0	0	0	55	0.83	inf
0	-1	0	0	-2	1	2	-2	3	0	-1	-1	-1	-2	-2	1	2	-3	-1	0	3	0	4	4	0	8	15	0	13	4	6	0	0	0	0	12	17	0	0	11	0.17	inf
-1	-3	-4	-4	-3	-3	-3	-3	-3	-2	1	-3	-1	4	-3	-3	-3	10	1	-2	8	1	1	1	0	0	1	1	0	1	14	1	0	25	1	1	1	44	0	1	1.34	inf
1	-1	2	1	-2	-1	1	-1	-1	0	-1	-1	-1	-2	-1	1	1	-3	-2	1	16	1	14	9	0	1	10	1	0	1	2	1	0	1	1	8	13	0	1	22	0.14	inf
-1	-2	-1	-2	-2	-2	-2	5	-2	-3	-3	-2	0	-3	-2	1	0	-3	-3	-3	1	1	1	1	0	1	1	65	0	1	2	1	4	1	1	14	4	0	1	1	0.78	inf
-1	-1	4	4	-2	-1	0	-1	-1	-3	-3	-1	-2	-3	0	2	-1	-3	-2	-3	1	1	29	26	0	1	1	1	0	1	2	1	0	1	5	26	1	0	1	1	0.51	inf
-1	0	-1	1	-2	-1	-1	-2	-2	2	0	-1	-1	-2	4	-1	0	-2	-2	1	2	7	1	14	0	1	1	2	0	17	7	1	0	1	25	2	7	0	1	11	0.31	inf
-1	1	-1	-1	-2	0	-1	3	0	-2	-1	1	-1	0	0	1	-1	-2	1	-1	1	8	1	1	0	2	1	25	2	1	6	16	0	4	5	14	1	0	6	5	0.15	inf
0	2	1	-1	-2	0	1	-1	-1	-2	-2	2	-1	-2	-1	0	0	4	-1	-2	9	17	7	2	1	1	7	2	1	2	3	20	1	1	2	7	7	7	1	2	0.20	inf
-1	0	2	-1	-2	0	0	1	-1	-2	-2	2	-2	-2	2	1	1	-2	1	-2	2	1	14	1	0	1	2	11	1	1	2	27	1	1	9	10	8	0	6	2	0.20	inf
0	-1	1	2	-1	0	1	2	-1	-2	-1	0	-1	-2	-1	1	0	-1	-1	-1	4	3	9	19	1	2	11	16	1	3	4	3	1	2	3	9	5	1	2	3	0.15	inf
-1	1	-1	-1	-1	0	0	-1	-1	-1	1	1	1	-1	2	0	0	-1	-1	-1	4	10	2	3	1	2	3	4	1	2	19	16	6	2	11	6	3	1	2	3	0.10	inf
-1	0	2	0	-2	1	0	1	1	-2	-1	0	-1	0	-1	0	-1	-1	3	-1	3	2	17	2	1	11	3	14	3	2	4	8	1	2	2	3	3	1	15	3	0.14	inf
-3	-3	4	7	-5	-2	0	-3	-2	-5	-5	-2	-4	-5	-3	-1	-2	-6	-4	-5	0	0	24	76	0	0	0	0	0	0	0	0	0	0	0	0	0	0	0	0	1.46	inf
4	-3	-3	-3	-2	-2	-2	2	-3	0	-1	-2	-1	-3	-2	-1	-1	-4	-3	1	57	0	0	0	0	0	0	17	0	5	6	0	0	0	0	0	0	0	0	15	0.47	inf
0	-2	-1	-2	-2	-2	-2	-2	-3	-4	-4	-2	-3	-4	-2	6	2	-4	-3	-3	0	0	0	0	0	0	0	0	0	0	0	0	0	0	0	91	9	0	0	0	1.14	inf
-3	-4	-5	-5	-3	-4	-5	-5	-5	7	0	-4	2	-2	-4	-4	-2	-4	-3	2	0	0	0	0	0	0	0	0	0	89	0	0	4	0	0	0	0	0	0	6	1.19	inf
-1	-2	3	-2	-2	-1	-2	-2	-2	-1	0	0	2	1	-2	1	3	-3	-2	1	0	0	18	0	0	0	0	0	0	0	5	4	7	8	0	15	30	0	0	13	0.26	inf
-2	-4	-4	-4	-2	-4	-4	-5	-4	5	3	-4	1	-1	-4	-3	-2	-3	-2	2	0	0	0	0	0	0	0	0	0	48	38	0	0	0	0	0	0	0	0	14	0.72	inf
-1	0	-1	-2	-3	1	0	-2	4	-2	0	1	1	-2	-2	2	2	4	-1	-2	0	5	0	0	0	8	5	0	16	0	10	9	4	0	0	18	17	8	0	0	0.28	inf
-3	-2	6	1	-4	-1	-1	1	4	-4	-5	1	-3	-4	-3	-1	0	-5	-3	-4	0	0	66	3	0	0	0	8	11	0	0	8	0	0	0	0	4	0	0	0	0.98	inf
-2	-3	-4	-4	-2	-3	-3	-4	-4	2	3	-3	5	-1	0	-3	-2	-3	-2	3	0	0	0	0	0	0	0	0	0	8	42	0	22	0	6	0	0	0	0	23	0.56	inf
-2	1	-1	1	-4	5	2	0	-1	-4	-3	1	-2	-4	-2	-1	2	-4	-3	-3	0	7	0	9	0	46	9	6	0	0	0	8	0	0	0	0	15	0	0	0	0.60	inf
-1	-3	-3	-3	-3	-2	0	-3	-2	-1	2	-2	0	4	3	-1	-2	-1	3	-1	6	0	0	0	0	0	8	0	0	2	24	0	2	22	17	4	0	0	15	0	0.38	inf
1	-1	1	1	-2	0	1	-1	-2	0	-2	0	-2	-3	-2	3	2	-4	-3	-1	9	0	9	8	0	4	9	2	0	7	0	6	0	0	0	34	12	0	0	2	0.26	inf
-3	-3	0	7	-5	-2	0	-3	4	-5	-5	-2	-5	-5	-3	-2	-3	-6	-4	-5	0	0	0	89	0	0	0	0	11	0	0	0	0	0	0	0	0	0	0	0	1.64	inf
-1	-2	4	-1	-3	0	0	0	-1	0	-3	-1	-2	-3	-2	3	2	-4	-3	-2	0	0	35	0	0	4	6	4	0	8	0	0	0	0	0	26	16	0	0	0	0.45	inf
-1	-4	-2	-3	-4	-3	-4	7	-4	-5	-5	-3	-4	-5	-4	-2	-3	-4	-5	-5	0	0	0	0	0	0	0	100	0	0	0	0	0	0	0	0	0	0	0	0	1.82	inf
-2	-2	0	0	-2	-2	-2	-3	-3	3	-1	1	-1	-3	-3	0	4	-4	-3	0	0	0	4	6	0	0	0	0	0	26	3	11	0	0	0	3	48	0	0	0	0.42	inf
-4	-4	-4	-5	-4	-3	-4	-5	0	-3	-1	-4	-2	4	-5	-4	-3	0	8	-3	0	0	0	0	0	0	0	0	0	0	3	0	0	19	0	0	0	0	78	0	1.72	inf
-1	-2	1	-2	-2	2	0	-3	-2	2	-2	-1	-1	-3	-2	1	4	-4	-3	-1	0	0	6	0	0	12	6	0	0	22	0	0	0	0	0	9	44	0	0	0	0.42	inf
-2	-6	-5	-6	11	-5	-6	-5	-5	-3	-3	-5	-4	-5	-5	-3	-3	-4	-5	-3	0	0	0	0	100	0	0	0	0	0	0	0	0	0	0	0	0	0	0	0	2.99	inf
0	-1	1	4	-3	1	1	-2	3	-2	-3	2	-2	-2	-2	0	-1	-3	1	-3	6	0	3	29	0	8	7	0	11	3	0	18	0	0	0	8	0	0	6	0	0.37	inf
0	-4	-4	-4	-2	-4	-4	-4	-4	3	0	-4	0	-2	-4	-3	-1	-4	-3	6	6	0	0	0	0	0	0	0	0	19	0	0	0	0	0	0	0	0	0	76	0.88	inf
-1	0	2	-1	-1	0	-1	-1	0	-1	0	1	0	0	-1	0	0	2	2	0	3	2	13	2	1	2	3	3	1	2	8	15	4	5	2	6	6	4	11	8	0.06	inf
0	2	1	0	-1	0	0	0	0	-1	-1	2	-1	-1	0	0	0	-1	-1	-1	5	13	12	4	1	3	4	5	1	3	6	17	2	3	4	5	4	1	2	4	0.08	inf
0	0	0	0	-1	0	0	-1	-1	0	1	0	0	-1	1	0	1	-1	-1	0	11	3	3	4	1	3	8	5	1	3	20	4	1	3	7	5	10	1	2	4	0.03	inf
0	-1	-1	-1	-1	0	0	-1	-1	0	0	0	0	2	3	0	0	0	0	0	5	3	3	4	1	3	4	5	1	3	13	4	1	13	16	5	7	1	2	4	0.11	inf
0	0	0	1	-1	0	1	1	0	-1	-1	0	-1	1	2	0	0	-1	0	-1	5	3	3	7	1	3	15	11	1	3	6	4	1	9	10	5	4	1	2	4	0.08	inf
0	-1	-1	-1	-1	0	-1	-1	-1	0	1	-1	0	2	0	0	0	0	1	0	5	4	3	4	1	3	4	5	2	4	14	4	2	19	4	5	4	1	2	11	0.02	inf
0	1	-1	-1	-2	0	2	1	-1	-2	-2	4	-1	-2	-1	0	-1	-2	-2	-2	9	2	1	2	1	1	14	10	1	2	3	44	1	1	2	2	2	0	1	2	0.27	inf
-1	-2	7	0	-3	-1	-1	-1	-1	-4	-4	-1	-3	-4	-3	0	-1	-4	-3	-3	6	1	85	1	0	0	1	1	0	1	1	1	0	0	1	1	1	0	0	1	1.19	inf
0	-2	-2	-2	-3	-2	-2	-3	3	-3	-3	-2	-3	-2	7	-1	-2	-3	1	-3	8	1	0	1	0	0	1	1	11	1	1	1	0	0	64	1	1	0	8	1	1.33	inf
-2	0	-2	-2	-3	1	1	-3	-2	-3	-1	0	-2	-3	7	-1	-2	-3	-3	-3	1	6	0	1	0	8	8	1	0	1	7	7	0	0	57	1	1	0	0	1	1.08	inf
-2	-2	0	5	-3	-1	1	0	3	-3	-3	-1	-3	-3	1	0	-1	-4	-2	-3	1	1	0	54	0	0	7	7	12	1	1	1	0	0	6	8	1	0	0	1	0.64	inf
-1	0	3	-2	-2	-2	-2	-2	-2	2	-1	-1	-1	3	-3	0	-1	-2	0	2	1	8	20	0	0	0	0	1	0	15	1	0	0	19	0	8	0	0	0	26	0.19	inf
-1	-2	-1	0	-2	-2	-2	-1	4	0	0	-2	-1	1	-2	-1	1	-2	0	2	1	0	0	8	0	0	0	4	16	0	10	0	0	9	0	0	15	0	3	30	0.16	inf
-1	1	-1	-2	-2	1	-1	3	2	-2	-2	1	-2	-3	-2	0	0	-3	-2	0	1	8	0	0	0	7	0	36	7	0	1	9	0	0	0	8	8	0	0	13	0.27	inf
-1	0	2	-1	-2	1	-1	0	2	-1	-1	2	-1	0	-2	-1	0	-2	-1	1	1	3	15	0	0	8	0	8	6	0	6	19	0	6	0	0	8	0	0	18	0.09	inf
-1	-1	1	-1	-2	1	-1	-2	2	1	-1	0	-1	-2	1	1	2	-3	-2	1	1	0	10	0	0	11	0	1	8	13	1	7	0	0	7	10	18	0	0	14	0.14	inf
0	1	-1	-2	-3	1	-1	3	-2	-2	-3	2	-2	-3	2	1	-1	-3	-3	-1	6	5	0	0	0	10	0	26	0	0	0	21	0	0	11	14	0	0	0	7	0.32	inf
-1	0	-1	-1	-3	2	0	0	1	-1	1	2	0	-2	-2	-1	2	-2	0	-1	2	0	0	3	0	14	5	6	4	0	18	22	2	0	0	0	19	0	4	0	0.15	inf
-2	-4	-4	-4	-2	-3	-4	-4	-4	5	1	-3	0	-1	-3	-2	1	-4	-2	3	0	0	0	0	0	0	0	0	0	63	4	0	0	0	0	0	11	0	0	22	0.67	inf
-2	2	-1	1	-3	0	2	-3	5	-2	-2	0	-2	0	0	0	0	-3	1	-1	0	12	0	7	0	3	15	0	25	0	0	4	0	6	5	4	8	0	4	6	0.28	inf
-2	-3	-4	-4	-2	-3	-4	-4	-4	2	4	-3	1	-1	1	-3	-2	-3	-2	2	0	0	0	0	0	0	0	0	0	8	73	0	0	0	8	0	0	0	0	12	0.64	inf
-1	0	-1	-1	-2	3	1	-2	3	-2	-2	-1	-1	-2	-2	1	3	-2	2	0	0	5	0	0	0	18	8	0	9	0	0	0	0	0	0	12	29	0	12	7	0.30	inf
-1	-4	-4	-5	-2	-4	-4	-5	-5	1	0	-4	-1	-2	-4	-3	-1	-4	-3	6	0	0	0	0	0	0	0	0	0	0	0	0	0	0	0	0	0	0	0	100	1.10	inf
-1	-2	-2	-3	-2	0	-2	-3	-2	1	2	-2	0	1	-3	1	2	-2	0	2	0	0	0	0	0	4	0	0	0	0	29	0	0	5	0	14	16	0	3	29	0.22	inf
-2	-2	-1	2	-3	0	3	-3	0	0	0	-1	-1	-2	1	-1	-1	-3	-2	1	0	0	0	17	0	3	32	0	3	4	12	0	0	0	6	0	0	0	0	19	0.25	inf
-2	1	-1	-1	-4	0	3	-3	-2	0	-3	5	-2	-3	-2	-1	0	-4	-3	-2	0	5	0	0	0	0	24	0	0	8	0	54	0	0	0	0	7	0	0	0	0.54	inf
1	-1	-2	-1	-2	-1	1	0	-2	1	0	0	-1	0	2	-1	-1	-3	-1	1	15	0	0	0	0	0	14	6	0	6	7	9	0	5	14	1	0	0	0	20	0.13	inf
-1	-2	2	-1	-3	-1	-2	2	-2	-2	-2	-1	-2	1	5	1	-1	-2	-2	-2	1	1	12	1	0	0	1	20	0	1	4	1	0	10	33	14	1	0	0	1	0.54	inf
-1	3	-1	-1	-3	1	2	0	-2	-3	-3	2	-2	-4	5	-1	0	-4	-3	-3	3	20	0	0	0	5	14	6	0	0	0	15	0	0	31	0	7	0	0	0	0.59	inf
0	0	-1	3	-3	0	2	-1	-1	-2	-2	-1	-2	0	3	0	0	-3	-2	-1	12	7	0	25	0	0	17	4	0	0	1	0	0	5	15	1	7	0	0	4	0.29	inf
-2	2	0	-2	-2	-1	-2	-1	-1	-1	0	-1	3	4	-3	-2	-2	-1	2	0	1	17	6	0	0	0	1	5	0	0	1	0	17	32	0	1	0	0	7	9	0.26	inf
1	-2	-1	2	4	-1	-1	1	-2	-2	-1	-1	-1	-2	1	0	1	-3	-2	-1	22	0	0	19	16	0	1	12	0	0	8	0	0	0	6	1	13	0	0	1	0.23	inf
0	-2	1	-1	-2	-1	-1	1	-2	-1	-2	-1	-2	-3	-2	3	2	-3	-2	1	0	0	8	0	0	0	0	11	0	0	0	0	0	0	0	45	17	0	0	18	0.32	inf
-1	-3	-2	-3	-2	-2	-3	-3	-3	3	1	-2	1	-1	-3	0	2	3	-1	2	0	0	0	0	0	0	0	0	0	32	15	0	4	0	0	7	19	5	0	18	0.28	inf
-1	-3	-4	-4	-2	-3	-3	-4	-4	3	2	-3	0	-1	-3	-3	-1	-3	-2	5	0	0	0	0	0	0	0	0	0	14	18	0	0	0	0	0	0	0	0	68	0.57	inf
2	-2	-1	-2	-1	-1	-1	1	-2	-1	0	-1	-1	-2	-2	2	2	-3	-2	0	28	0	0	0	0	0	0	8	0	0	13	0	0	0	0	27	18	0	0	6	0.23	inf
0	-2	-1	-1	-2	0	2	1	-2	-1	0	-1	-1	-2	2	2	0	-3	-2	1	4	0	0	0	0	0	28	12	0	0	9	0	0	0	9	22	0	0	0	17	0.19	inf
1	-3	-3	-3	-2	-3	-3	0	-3	4	0	-2	0	-1	-3	-1	1	-3	-2	2	19	0	0	0	0	0	0	6	0	57	0	0	0	0	0	0	10	0	0	8	0.33	inf
1	-3	-3	-3	-2	-2	-3	0	-3	3	2	-2	3	-1	-3	-2	-1	-3	-2	2	13	0	0	0	0	0	0	10	0	35	14	0	18	0	0	0	0	0	0	11	0.26	inf
-1	-2	-2	-3	-2	-2	-3	0	2	2	2	-2	3	-1	-3	-2	-1	-3	-1	2	0	0	0	0	0	0	0	11	10	15	23	0	18	0	0	0	0	0	0	22	0.23	inf
1	0	-2	-2	-2	-2	-2	1	-1	-2	-1	-1	-1	2	2	-1	0	-1	3	-1	20	9	0	0	0	0	0	15	0	0	5	0	0	15	10	0	7	0	18	0	0.21	inf
0	-3	-2	-3	-1	-2	-2	-3	-3	3	0	-2	0	-2	2	1	1	-3	-2	3	7	0	0	0	0	0	0	0	0	28	0	0	0	0	9	17	6	0	0	33	0.26	inf
-1	-3	-3	-3	-2	-2	-3	-3	-3	2	2	-2	0	1	3	0	-1	-3	-1	3	0	0	0	0	0	0	0	0	0	5	28	0	0	6	15	10	0	0	0	36	0.29	inf
-1	-3	-2	-3	-2	-2	-3	2	-3	2	2	-2	0	-1	-3	0	-1	-3	-2	2	0	0	0	0	0	0	0	20	0	20	29	0	0	0	0	15	0	0	0	16	0.20	inf
1	-2	-2	-3	-2	-2	-2	3	-3	0	1	-2	0	-2	-2	-1	1	-3	-2	2	11	0	0	0	0	0	0	26	0	0	16	0	0	0	0	0	14	0	0	33	0.22	inf
-1	-3	-3	-3	3	-3	-3	1	-3	1	0	-3	0	3	-3	-2	-1	-2	0	3	0	0	0	0	10	0	0	16	0	6	7	0	0	24	0	0	0	0	0	37	0.28	inf
-1	-2	-3	-3	-2	-2	-3	0	-3	2	3	-2	1	-1	-3	-2	1	-2	-2	2	0	0	0	0	0	0	0	10	0	9	47	0	0	0	0	0	9	0	0	20	0.25	inf
1	-2	1	-1	-1	-1	-1	1	-2	0	-1	-1	-1	-2	1	2	2	-3	-2	0	12	0	10	0	0	0	0	9	0	9	1	0	0	0	5	17	26	0	0	9	0.18	inf
-1	-2	-3	-3	-2	0	-2	-4	-3	3	3	-2	1	-1	-3	-1	-1	-3	-2	2	0	0	0	0	0	9	0	0	0	25	39	0	0	0	0	5	0	0	0	22	0.31	inf
-1	-3	-4	-4	-2	-3	-3	-4	-3	2	3	-3	1	0	-3	-3	-2	7	-1	1	5	0	0	0	0	0	0	0	0	9	56	0	0	0	0	0	0	18	0	11	0.59	inf
-1	-3	-3	-4	-2	-3	-3	0	-3	3	3	-3	1	-1	-3	-3	-1	-3	-2	2	0	0	0	0	0	0	0	10	0	27	48	0	0	0	0	0	0	0	0	14	0.37	inf
-1	-3	-3	-3	-2	-3	-3	-4	-3	2	3	-3	1	3	-3	-2	1	-2	0	2	0	0	0	0	0	0	0	0	0	15	35	0	0	16	0	0	17	0	0	16	0.30	inf
0	-3	-3	-3	-2	-3	-3	-3	-3	4	0	-3	2	-1	2	-2	-1	-3	-2	3	11	0	0	0	0	0	0	0	0	41	0	0	7	0	10	0	0	0	0	31	0.37	inf
0	3	-1	-1	-2	0	2	0	-2	0	1	0	0	-2	-2	0	-1	-3	-2	0	5	24	0	0	0	0	18	6	0	7	20	0	0	0	0	10	0	0	0	9	0.12	inf
-2	-2	-3	-3	-2	-2	-3	1	-2	0	2	-2	6	-1	2	-2	-2	-2	2	-1	0	0	0	0	0	0	0	15	0	0	21	0	44	0	10	0	0	0	9	0	0.40	inf
0	-3	-3	-3	3	-3	-3	0	-3	3	1	-3	0	-1	-3	-2	-1	-3	-2	3	7	0	0	0	10	0	0	9	0	23	12	0	0	0	0	0	0	0	0	38	0.27	inf
-1	1	-2	-3	-2	-2	-2	-3	0	0	-1	-1	-1	1	-3	-2	-1	5	5	2	1	12	0	1	0	0	1	1	0	1	1	1	0	0	1	1	1	11	38	31	0.45	inf
-1	-1	-2	-2	6	-1	-2	-2	-1	1	1	0	0	0	-2	-1	-1	-1	2	0	2	1	1	1	31	1	1	2	0	9	19	13	0	1	1	2	1	0	12	1	0.27	inf
0	1	-1	-2	-2	-1	-1	-2	0	-1	-1	-1	-1	2	-2	0	-1	6	5	-1	9	13	1	1	0	1	2	2	1	1	2	1	1	9	1	8	1	12	31	2	0.35	inf
0	4	-1	-1	-2	0	0	-2	0	-2	-2	3	-1	-1	-2	0	0	-1	2	-2	8	38	1	1	0	1	1	1	0	1	1	25	0	1	1	1	7	0	13	1	0.33	inf
-1	2	-1	-1	-4	1	0	1	-1	-3	-3	5	-2	-2	-2	-1	-1	-2	1	-3	0	9	0	0	0	6	0	13	0	0	0	65	0	0	0	0	0	0	8	0	0.49	inf
0	0	-3	-3	4	-2	-3	-3	-3	2	2	-2	0	2	-3	-2	-1	-2	-1	2	6	9	0	0	14	0	0	0	0	21	19	0	0	11	0	0	0	0	0	21	0.21	inf
1	1	1	-1	-2	1	1	-2	-1	1	-1	1	-1	-2	-2	0	0	-3	-2	1	13	12	9	0	0	7	12	0	0	11	0	7	0	0	0	9	0	0	0	21	0.10	inf
2	2	-1	-2	-2	0	-1	1	-2	-1	-2	2	-1	-3	-2	1	-1	-3	-2	0	31	14	0	0	0	0	0	12	0	0	0	22	0	0	0	9	0	0	0	12	0.21	inf
1	4	-1	-2	-3	2	0	-2	-1	-3	-2	2	-1	1	-2	-1	-1	-2	-1	-2	22	47	0	0	0	12	0	0	0	0	0	9	0	11	0	0	0	0	0	0	0.40	inf
-1	3	2	-1	-2	0	0	-1	-1	0	-2	2	-1	-2	-2	2	1	-3	-2	-1	1	21	13	0	0	0	1	1	0	11	1	14	0	0	0	22	13	0	0	1	0.20	inf
-1	1	-1	2	-3	1	4	-3	-1	1	-1	2	-1	-3	-2	-1	-1	-3	-2	-1	0	7	0	9	0	0	41	0	0	23	0	20	0	0	0	0	0	0	0	0	0.32	inf
0	-1	-1	-1	-2	0	2	-2	-1	-1	0	1	-1	-1	-2	1	1	-2	1	0	6	0	0	0	0	0	23	0	0	0	12	11	0	0	0	13	14	0	9	12	0.12	inf
2	-1	-1	-1	-1	-1	-1	2	-1	-2	-2	1	-2	-2	2	2	0	-2	-2	-1	32	1	1	1	0	1	1	14	0	1	1	12	0	1	13	20	1	0	0	1	0.29	inf
2	-2	-1	-2	-1	-1	-1	1	-1	-1	-1	-1	-1	-1	-1	0	1	-1	2	1	38	1	1	1	0	1	1	11	0	1	1	1	0	1	1	1	12	0	15	14	0.16	inf
-1	1	-1	-1	-3	5	1	-2	-1	-2	0	3	-1	-3	-2	1	-1	-3	-2	-2	0	0	0	0	0	49	0	0	0	0	13	27	0	0	0	10	0	0	0	0	0.44	inf
-1	0	-1	1	-4	1	5	-3	-1	-4	-3	3	-2	-4	-2	-1	-1	-4	-3	-3	0	0	0	0	0	0	71	0	0	0	0	29	0	0	0	0	0	0	0	0	0.76	inf
-1	2	4	0	-3	0	-1	-1	-1	-2	0	1	-1	-3	-2	1	0	-3	-2	-2	0	13	46	0	0	0	0	0	0	0	15	12	0	0	0	15	0	0	0	0	0.34	inf
2	-1	-1	-1	-1	-1	-1	2	-2	-1	-2	1	-1	-3	-1	2	0	-3	-2	0	26	0	0	0	0	0	0	15	0	0	0	13	0	0	0	34	0	0	0	12	0.24	inf
0	0	0	-1	-2	0	-1	-2	-2	1	-1	2	-1	-2	-2	3	2	-3	-2	-1	0	0	0	0	0	0	0	0	0	17	0	29	0	0	0	37	17	0	0	0	0.23	inf
-2	-1	0	3	-3	0	4	-2	-1	-2	0	0	-1	-3	2	-1	-1	-3	-3	-2	0	0	0	28	0	0	45	0	0	0	15	0	0	0	12	0	0	0	0	0	0.49	inf
-1	-2	-1	2	4	-1	-1	-3	4	0	-1	-2	-1	0	-3	-1	-1	-1	4	2	0	0	0	17	13	0	0	0	15	0	0	0	0	0	0	0	0	0	26	28	0.28	inf
-1	0	-2	-2	-2	-1	-1	-3	-2	0	3	2	1	-1	-2	1	-1	-3	-2	0	0	0	0	0	0	0	0	0	0	0	56	27	0	0	0	17	0	0	0	0	0.22	inf
3	0	-1	2	-2	1	0	-1	-1	-1	-2	1	-1	-3	-1	0	-1	-3	-2	0	41	0	0	17	0	12	0	0	0	0	0	17	0	0	0	0	0	0	0	13	0.21	inf
-1	-1	-1	2	-2	-1	-1	-2	-2	2	-1	1	0	-2	-2	1	2	-3	-2	1	0	0	0	17	0	0	0	0	0	26	0	15	0	0	0	13	17	0	0	12	0.13	inf
0	-1	0	2	-2	0	2	-2	-1	-2	-3	-1	-2	-3	2	2	3	-3	-2	-2	0	0	0	15	0	0	17	0	0	0	0	0	0	0	10	25	32	0	0	0	0.38	inf
0	1	0	2	-2	0	2	-1	-1	-3	-3	0	-2	-3	-1	3	0	-3	-2	-3	0	12	0	17	0	0	17	0	0	0	0	0	0	0	0	54	0	0	0	0	0.41	inf
-1	0	0	0	-3	3	4	1	0	-3	-2	2	-2	-3	-1	0	-1	-2	-2	-2	1	1	1	1	0	17	44	14	0	1	1	12	0	1	1	1	1	0	0	1	0.39	inf
0	-1	3	0	-2	0	2	2	-1	-3	-3	0	-2	-3	-2	3	0	-3	-2	-3	0	0	24	0	0	0	17	17	0	0	0	0	0	0	0	42	0	0	0	0	0.40	inf
-1	1	0	3	-4	0	0	0	-1	-3	-3	4	-2	-4	2	-1	-1	-4	-3	-3	0	0	0	22	0	0	0	8	0	0	0	58	0	0	12	0	0	0	0	0	0.49	inf
-1	2	2	2	-2	0	3	-2	-1	-3	-3	0	-2	-3	-2	2	2	-3	-2	-2	0	15	13	8	0	0	26	0	0	0	0	0	0	0	0	20	17	0	0	0	0.33	inf
-1	-1	4	4	-3	-1	0	-1	-1	-3	-3	-1	-2	-3	-2	1	1	-4	-3	-3	0	0	34	37	0	0	0	0	0	0	0	0	0	0	0	15	13	0	0	0	0.55	inf
0	-2	-1	-1	6	-1	1	2	-2	-2	-2	-1	-2	-3	-2	1	1	-2	-2	-1	1	1	0	1	29	0	14	19	0	1	1	1	0	0	1	17	13	0	0	1	0.34	inf
-1	2	2	0	-3	1	3	-2	-1	-2	-2	0	2	-3	-2	1	1	-3	-2	-2	0	16	14	0	0	0	30	0	0	0	0	0	13	0	0	11	16	0	0	0	0.26	inf
1	-2	-1	-2	-2	2	-1	5	-2	-2	-3	-1	-2	-3	-2	0	-1	-3	-3	0	13	0	0	0	0	16	0	59	0	0	0	0	0	0	0	0	0	0	0	11	0.55	inf
-1	-2	2	-2	-1	-2	-2	-3	-2	1	2	-2	1	-1	-2	-1	2	-3	-2	2	0	0	17	0	0	0	0	0	0	0	31	0	0	0	0	0	20	0	0	32	0.18	inf
-1	-1	-2	-2	-3	2	0	-2	-2	-3	-3	-1	-2	-4	7	-1	-1	-4	-3	-3	0	0	0	0	0	22	0	0	0	0	0	0	0	0	78	0	0	0	0	0	1.58	inf
-1	-3	-3	-3	-1	-3	-3	-4	-3	3	1	-3	1	-1	-3	-2	0	-3	-1	4	0	0	0	0	0	0	0	0	0	41	0	0	0	0	0	0	0	0	0	59	0.36	inf
3	-1	-1	0	-1	1	3	-1	-1	-2	-2	0	-1	-3	-1	1	0	-3	-2	-1	58	0	0	0	0	0	42	0	0	0	0	0	0	0	0	0	0	0	0	0	0.34	inf
-1	0	0	2	-4	2	5	-2	0	-3	-3	1	-2	-3	-1	0	-1	-3	-2	-3	0	0	0	0	0	0	100	0	0	0	0	0	0	0	0	0	0	0	0	0	0.74	inf
