-5	-6	-6	-7	-5	-5	-6	-7	-6	4	3	-6	8	-2	-6	-5	-4	-5	-4	1	0	0	0	0	0	0	0	0	0	25	26	0	41	1	0	0	0	0	0	7	1.59	inf
3	0	-2	-3	-4	2	-2	0	-4	-4	-4	-1	-2	3	-4	2	-1	-4	0	0	31	4	1	1	0	9	2	6	0	0	0	4	0	14	0	15	3	0	2	8	0.43	inf
-4	-2	-2	-2	-6	-5	-1	-5	-6	-1	-2	-4	-3	-5	-6	5	6	-7	-6	-4	1	3	1	2	0	0	4	1	0	3	4	0	0	0	0	37	43	0	0	1	1.30	inf
-3	-4	0	-2	-4	-1	0	-5	-1	1	-2	-4	-1	3	-2	0	2	-4	5	0	2	1	5	3	0	3	6	0	1	8	3	1	1	12	2	8	15	0	24	6	0.56	inf
3	0	2	0	-3	0	1	1	-2	-3	-3	1	-2	-5	-3	2	-2	-6	-2	-2	23	5	9	4	0	4	9	10	1	1	2	7	1	0	1	16	2	0	1	3	0.33	inf
-1	-3	1	1	-6	2	3	-2	-2	-2	-3	-3	0	-3	-3	2	3	3	-5	-3	4	1	6	8	0	9	18	3	1	2	2	1	3	1	1	16	19	4	0	2	0.50	inf
0	-3	-3	-2	5	-2	-2	-3	-3	2	2	-1	-1	-2	0	-2	1	-5	-2	2	7	2	1	2	11	2	2	2	1	10	23	4	1	2	6	3	9	0	1	12	0.32	inf
-1	-1	-2	-3	-3	1	0	-2	-4	-1	-2	2	-2	0	1	3	2	-3	-2	0	4	3	1	1	1	6	5	3	0	3	4	14	1	4	7	22	12	0	1	8	0.28	inf
-2	5	1	-1	-7	1	2	-5	0	-2	-4	3	-4	-5	-1	0	-2	-4	-5	-1	3	27	7	3	0	6	14	0	2	3	2	17	0	0	4	6	2	0	0	4	0.66	inf
2	-4	-3	-4	-1	-4	-5	-4	-1	2	0	-4	0	4	-2	-1	-3	1	2	1	19	1	1	1	1	1	0	1	2	11	10	1	2	20	3	5	2	2	7	11	0.50	inf
-2	-1	-1	-2	-6	-3	0	-2	-1	-1	-1	-2	-2	-4	-4	1	6	1	-3	1	3	3	3	3	0	1	5	3	2	4	5	2	1	1	1	9	42	2	1	8	0.71	inf
-4	-3	4	5	-7	-3	3	0	-3	-4	-7	0	-4	-6	-6	-1	-3	-9	-7	-8	2	2	18	30	0	2	19	9	1	1	1	6	1	0	1	5	2	0	0	0	1.06	inf
-6	3	4	4	-2	1	1	-1	1	-7	-6	3	-6	-4	-7	-1	-4	-5	-5	-4	1	15	15	22	1	6	8	5	3	0	1	14	0	1	0	4	1	0	1	2	0.84	inf
-11	-11	-12	-12	-11	-11	-8	-12	-4	-1	0	-11	-7	7	-12	-9	-11	4	8	-4	0	0	0	0	0	0	0	0	0	4	8	0	0	36	0	0	0	6	44	2	2.66	inf
-4	2	-1	1	-2	2	4	-7	1	-1	-3	2	-2	-6	-8	1	1	-9	-5	-1	2	8	4	7	1	9	24	0	3	3	3	12	1	0	0	9	7	0	0	5	0.56	inf
-4	-1	-1	-1	-3	-2	0	-7	-4	4	3	0	0	2	-1	-3	-3	-5	0	2	1	3	3	3	1	2	6	0	1	18	23	6	2	7	3	3	2	0	3	13	0.45	inf
-4	-3	-2	-1	-2	-1	0	3	-2	2	2	0	-1	-3	-6	-1	-3	-5	-2	1	1	2	2	4	1	3	6	19	1	12	21	6	2	1	0	5	1	0	1	9	0.37	inf
-3	4	2	-1	-2	1	4	-2	-1	-7	-5	4	-4	-6	-4	-1	-3	-5	-3	-6	3	18	9	4	1	5	21	4	2	0	1	20	0	0	1	5	2	0	1	1	0.77	inf
-4	0	-4	-3	-2	1	1	-7	-2	2	0	3	0	-1	0	-3	1	-5	-3	3	1	4	1	1	1	5	11	0	1	10	10	17	2	2	5	3	7	0	1	16	0.41	inf
-7	-11	-12	-12	-4	-11	-12	-12	-12	6	5	-7	-3	-5	-11	-11	-8	-11	-6	1	1	0	0	0	0	0	0	0	0	40	47	0	1	1	0	0	0	0	0	9	2.09	inf
-3	-6	-5	-6	-7	-6	-8	8	-7	-12	-12	-5	-12	-12	-8	-2	-7	-6	-8	-8	3	1	1	1	0	1	0	88	0	0	0	1	0	0	0	3	0	0	0	0	2.75	inf
-2	3	-2	-2	-1	2	3	-5	1	-5	-5	3	-3	-5	-6	2	-1	-2	-4	-3	4	14	2	3	2	9	18	1	3	1	1	18	1	1	1	15	4	1	1	2	0.67	inf
-8	-12	-5	-6	-3	-11	-8	8	-6	-12	-12	-11	-12	-12	-12	-4	-5	-12	-12	-12	0	0	1	1	1	0	0	94	0	0	0	0	0	0	0	2	1	0	0	0	3.14	inf
3	-1	0	-4	-2	-1	-2	3	0	-7	-7	-1	-5	-6	-6	3	2	-3	-5	-5	21	4	5	1	1	3	3	22	2	0	1	3	0	0	1	22	10	0	0	1	0.73	inf
-7	-7	-3	-8	-1	-4	-3	-5	-2	-5	-4	-7	0	8	-7	-1	-3	-2	5	-5	1	0	2	0	1	1	2	1	1	1	2	0	2	58	0	5	2	1	18	1	2.23	inf
1	-11	-7	-10	-3	-10	-10	7	-10	-11	-8	-3	-6	-6	-10	1	-6	-5	-11	-9	10	0	0	0	1	0	0	74	0	0	1	2	0	0	0	10	1	0	0	0	2.29	inf
-3	1	-2	-2	0	1	2	-6	-1	0	-3	3	-1	-4	-4	0	2	-5	-3	2	2	6	2	3	2	6	13	1	1	6	3	16	1	1	1	8	13	0	1	12	0.40	inf
-3	-12	-8	-8	-1	-7	-12	-9	-12	1	-4	-12	-5	-8	-12	-6	-2	-6	-8	8	2	0	0	0	1	0	0	0	0	6	2	0	0	0	0	1	3	0	0	82	2.67	inf
-5	0	-5	-8	3	-3	-5	-10	1	-3	-3	0	-1	4	-11	-4	-5	3	8	-2	1	5	1	0	5	2	1	0	4	2	3	5	2	14	0	2	1	3	45	4	1.72	inf
-3	3	-5	-6	-3	0	0	-6	-1	-3	3	5	-1	-4	-7	-1	-4	-6	-3	-2	3	14	1	0	1	3	7	1	2	2	23	31	1	1	0	5	1	0	1	3	0.86	inf
5	-10	-9	-8	5	-9	-9	4	-10	-4	-6	-8	-1	-7	-9	-3	-5	-2	-4	2	39	0	0	0	9	0	0	29	0	1	1	0	1	0	0	2	1	1	1	13	1.50	inf
-4	4	-3	-4	-2	1	0	-6	-1	2	-1	2	0	0	-6	-3	2	0	1	1	1	18	1	1	1	6	7	1	2	9	6	12	2	4	0	2	11	1	4	10	0.46	inf
-4	-1	2	3	1	-3	-1	-5	5	-4	1	1	-1	-1	-5	-1	-5	4	1	-4	2	4	10	17	3	1	5	1	13	1	14	8	1	2	1	5	1	5	5	2	0.61	inf
-2	3	0	-2	-1	-1	-2	-3	1	1	0	4	-1	-4	0	-1	1	-2	-3	-1	3	14	4	2	1	3	3	2	3	7	8	23	2	1	5	4	8	1	1	5	0.39	inf
-1	0	1	2	-3	0	1	1	1	-2	-1	1	-3	-3	0	1	0	-3	-1	-1	5	5	7	11	1	5	11	9	3	3	6	8	0	1	5	9	5	0	2	4	0.13	inf
-4	-2	2	2	-3	-3	-1	-1	-3	-5	-3	-2	-5	-5	-2	2	5	-1	-4	-4	2	3	9	12	1	1	5	6	1	1	3	3	0	1	2	13	34	1	1	2	0.78	inf
-4	-1	3	0	-3	-1	-2	5	-1	-5	-6	1	-4	-5	-3	0	-2	-4	-5	-6	2	4	11	5	1	3	3	45	2	1	1	9	0	1	2	6	3	0	0	1	0.98	inf
-2	3	0	-1	-1	3	3	-4	-1	-1	-2	3	-1	-3	-5	-2	0	-4	-3	-1	3	12	4	4	1	11	20	2	2	3	4	14	2	2	1	3	6	0	1	5	0.45	inf
-2	0	-2	-1	-4	0	2	-5	0	1	1	1	0	0	1	-2	0	-2	1	1	3	5	2	4	0	5	13	1	3	9	12	9	3	4	6	4	5	1	4	8	0.16	inf
-3	-6	-8	-6	1	-7	-7	-8	-5	1	-2	-6	0	2	-7	-8	-6	-3	5	6	3	1	0	1	3	0	1	0	0	6	4	1	2	8	0	0	1	0	16	52	1.65	inf
7	-6	-6	-10	-3	-5	-8	-6	-9	-3	-6	-9	-6	-6	-6	-4	-3	-10	-6	1	79	1	1	0	1	1	0	1	0	2	1	0	0	0	1	1	2	0	0	9	2.27	inf
-2	-5	-7	-8	1	-6	-7	-7	-6	5	2	-5	3	-5	-9	-8	-6	1	-7	5	3	1	0	0	3	0	0	1	0	30	17	1	7	1	0	0	1	2	0	32	1.41	inf
-8	-2	-5	-10	-4	-7	-7	-10	-4	-8	-8	8	-7	-6	-10	-8	-8	-11	-10	-5	0	3	1	0	1	0	0	0	1	0	1	90	0	1	0	0	0	0	0	1	3.20	inf
-2	3	-5	-6	1	0	-1	-7	-2	3	-2	3	2	-1	-6	-2	0	-5	-3	3	3	12	1	1	3	5	4	1	1	14	4	18	5	3	0	3	5	0	1	17	0.56	inf
-4	-6	-7	-6	-1	-5	-2	-7	-3	5	4	-6	3	1	-5	-4	-4	-3	-2	3	2	1	0	1	1	1	4	1	1	27	31	1	7	5	1	2	1	0	2	15	1.07	inf
-2	3	2	2	-2	-1	0	-4	1	-3	-2	3	-1	-3	1	1	-3	-2	-3	-3	3	12	10	10	1	3	6	2	3	2	4	18	1	1	8	11	2	1	1	2	0.39	inf
-2	1	0	-1	-1	-2	-1	-2	-1	0	0	4	0	-2	0	0	-1	-3	-1	0	3	7	5	3	1	2	4	3	2	4	11	27	2	2	5	6	5	0	2	7	0.34	inf
0	0	0	2	-2	0	2	-1	0	-2	-3	3	-3	-2	1	0	-1	-1	-4	-2	6	6	5	10	1	4	14	5	2	2	3	15	1	2	6	8	4	1	1	3	0.23	inf
-1	1	0	0	-2	0	1	-1	1	-3	-1	3	-1	1	-1	0	-1	-3	-1	-1	6	9	5	6	1	4	9	4	3	2	5	16	1	7	3	7	4	0	2	4	0.16	inf
0	-1	-1	0	0	0	0	-1	-1	1	1	-1	2	0	-1	-1	0	-1	0	0	8	4	3	4	2	5	6	4	1	9	14	4	6	4	3	5	5	1	4	7	0.05	inf
-1	-1	1	1	-1	-1	0	0	0	0	-2	1	-2	-3	0	3	1	-2	-1	-1	5	4	8	8	1	2	5	6	2	5	5	8	1	1	5	19	8	1	2	4	0.16	inf
0	0	-1	1	-3	1	2	-1	0	-3	-1	2	0	-3	1	1	-1	0	-3	-2	8	5	3	6	1	6	13	6	3	2	7	10	2	1	8	9	4	1	1	3	0.15	inf
-1	2	-1	1	-3	3	1	0	-1	-2	-3	3	-1	-2	-4	1	0	-2	-3	-2	4	11	3	7	1	10	9	6	1	3	3	17	2	2	1	8	5	1	1	4	0.31	inf
-2	-2	1	3	-1	1	2	0	1	-1	-1	0	0	1	-3	0	-1	-3	-1	-2	4	2	8	15	1	7	13	7	3	4	6	6	2	5	2	6	3	0	2	3	0.21	inf
-1	2	0	0	0	1	1	-2	2	0	0	2	0	0	0	-1	-1	1	0	0	6	10	4	5	2	5	8	3	5	5	8	11	3	3	5	4	3	2	4	6	0.09	inf
-2	2	0	0	-4	2	3	-4	-1	0	-3	2	0	-4	0	-1	0	-1	-4	0	4	9	4	6	0	10	19	2	2	4	3	12	2	1	5	4	5	1	1	6	0.33	inf
0	2	0	1	-2	3	3	-4	2	-2	-2	1	-1	-2	-4	0	0	-3	-1	-3	7	12	5	7	1	12	15	1	4	3	4	7	2	2	1	8	5	0	2	2	0.33	inf
1	-5	-5	-8	1	-6	-5	-5	-5	3	2	-3	0	5	-6	-4	0	0	-3	1	12	1	1	0	3	0	1	1	0	13	19	2	2	24	1	2	5	1	1	10	0.83	inf
-2	2	-1	-3	-1	1	0	-5	0	1	2	1	2	0	-3	-2	-1	-1	2	-2	4	9	3	2	2	6	7	1	2	7	21	9	5	4	1	3	4	1	6	3	0.26	inf
0	5	2	-1	-4	1	0	-4	0	-2	-3	2	0	-4	-5	0	0	-2	-2	-2	7	28	10	3	1	5	5	2	2	3	4	9	3	1	1	6	5	1	2	3	0.54	inf
-6	-5	-4	-3	-9	-3	8	-4	-3	-4	-5	-3	-4	-5	-6	-5	-6	-3	-6	-5	1	1	1	2	0	1	81	2	1	2	2	2	1	1	1	1	1	1	0	1	2.47	inf
2	-1	-6	-5	-2	-4	-4	-6	-5	5	0	0	1	0	-6	-3	-4	-2	0	3	14	4	0	1	1	1	2	1	0	26	10	5	3	4	0	3	1	1	4	19	0.71	inf
-1	2	1	1	-1	2	2	-4	1	-2	-2	3	-1	-4	-5	1	-2	-2	-2	-2	5	12	7	6	1	9	11	2	3	2	4	16	2	1	1	9	2	1	1	3	0.37	inf
-1	-4	-2	-5	-3	-4	-6	-6	-3	5	3	-3	1	0	-5	-3	0	-4	-2	2	6	1	2	1	1	1	1	1	1	30	22	2	4	3	1	2	5	0	2	15	0.84	inf
-3	-6	-3	-7	-1	-2	-9	-5	1	0	5	-6	6	-3	-7	-4	-5	-1	1	-3	3	1	2	0	1	2	0	1	3	6	50	1	18	1	0	2	1	1	5	2	1.37	inf
1	3	-1	-4	-2	2	-1	-1	0	-4	-4	4	-1	-6	-4	2	-1	-3	-3	-4	10	16	4	1	1	8	5	5	2	1	2	24	2	0	1	12	3	0	1	1	0.57	inf
-1	2	0	-2	-1	2	0	-3	2	-1	0	3	1	-3	-6	1	-1	-2	-2	-3	5	11	5	3	1	8	7	3	4	4	11	14	4	1	0	10	4	1	1	2	0.26	inf
-2	-6	-6	-5	3	-5	-6	-4	-5	2	5	-5	2	1	-4	-2	-3	-3	-3	1	5	0	1	1	5	1	1	2	0	12	46	1	4	6	1	4	2	0	1	9	0.97	inf
-4	4	3	2	-1	3	-1	-2	3	-5	-6	3	-4	-5	-5	1	-2	-3	-4	-4	2	18	12	11	1	10	4	4	6	1	1	14	0	1	1	9	3	0	1	2	0.66	inf
-5	-3	1	-3	1	-4	-3	0	10	-5	-7	-3	-4	-3	-6	-1	-6	-10	-3	-5	1	2	5	2	3	1	2	7	61	1	1	2	1	1	1	6	1	0	1	1	2.49	inf
-2	1	-2	0	0	-1	1	-2	0	-4	-3	0	-2	-3	6	-1	-4	-3	-3	-3	3	6	2	6	2	3	8	3	2	1	4	7	1	2	41	5	2	1	1	2	0.88	inf
-5	-2	7	-1	-2	-2	-6	-1	5	-5	-5	-4	-4	2	-3	-3	-4	0	1	-6	2	2	46	4	1	2	1	5	12	1	2	1	0	8	2	3	1	1	5	1	1.47	inf
-5	-9	-6	-9	-1	-3	-5	-3	-9	6	2	-6	-1	-1	-3	-5	-4	-9	-5	4	1	0	1	0	2	1	1	3	0	43	17	1	2	3	2	1	1	0	1	22	1.44	inf
-2	-6	-4	-5	-1	-9	-6	-9	-3	4	0	-5	-1	-4	-1	-5	-1	-9	-4	6	3	1	1	1	1	0	1	0	1	18	9	1	2	1	4	1	4	0	1	49	1.37	inf
0	4	1	-3	0	2	0	-1	1	-5	-4	3	-3	-4	0	0	0	-2	-2	-4	7	18	6	2	2	8	5	4	4	1	3	16	1	1	5	8	7	1	2	1	0.42	inf
-3	-9	-4	-10	0	-4	-6	-10	-2	1	5	-5	2	3	-3	-5	-3	-2	4	-1	3	0	1	0	2	1	1	0	1	8	44	1	5	12	2	1	2	1	11	5	1.10	inf
-3	0	-3	-4	0	-2	-2	-3	3	2	2	1	0	2	-4	-4	-2	0	5	0	2	5	1	1	2	2	3	3	7	11	17	7	2	7	1	2	2	1	18	6	0.50	inf
0	-3	-1	4	0	-2	2	4	0	-4	-6	-4	-3	-3	-5	-2	-2	0	2	-5	7	2	3	20	2	2	11	31	2	1	1	1	1	2	1	3	3	1	5	1	0.74	inf
1	-4	-2	-3	3	-4	-3	-5	0	1	-2	-4	1	2	-2	1	-1	2	3	3	11	1	2	2	6	1	2	1	3	8	3	1	3	7	2	11	5	2	11	18	0.43	inf
-3	-3	-3	-2	7	-2	-2	-2	0	1	-2	-3	1	4	-3	-2	-2	3	3	0	2	2	2	3	19	2	3	4	3	6	5	2	4	18	2	4	2	3	8	7	0.75	inf
-1	0	-1	-1	0	1	2	-3	1	0	0	0	1	0	-2	0	1	1	1	0	5	5	3	3	2	6	13	2	4	6	11	5	3	3	3	6	8	2	5	6	0.09	inf
-1	0	0	0	2	0	0	-1	2	0	-1	0	2	1	0	-1	0	4	1	-1	5	5	5	5	5	5	5	5	5	5	5	5	5	5	5	5	5	5	5	5	0.09	inf
0	0	0	0	2	0	0	-1	1	0	-1	0	1	0	0	0	0	-2	1	0	5	5	5	5	5	5	5	5	5	5	5	5	5	5	5	5	5	0	5	5	0.03	inf
-3	0	2	3	-4	0	1	2	0	-6	-5	2	-3	-5	-1	1	1	-9	-4	-5	3	5	10	17	0	5	9	14	2	1	2	10	1	1	4	10	7	0	1	1	0.45	inf
-3	1	1	0	1	0	2	-3	4	-4	-3	1	-2	1	0	0	0	-2	3	-4	2	7	6	6	3	4	12	3	9	1	3	9	1	5	6	7	5	1	9	2	0.31	inf
-3	0	-2	-5	-2	-4	-4	-4	-1	3	3	-1	2	1	-1	-4	-2	-1	1	2	2	6	2	1	1	1	1	2	2	15	28	4	4	6	3	1	2	1	4	13	0.54	inf
-2	-5	-1	-7	5	-4	-7	-5	1	0	1	-5	1	2	-7	-3	-2	5	7	-1	4	1	3	0	9	1	0	1	3	5	11	1	3	8	0	2	3	7	33	4	1.21	inf
-5	-10	-10	-10	-4	-6	-6	-8	-5	5	5	-10	4	2	-7	-5	-5	-3	-4	0	1	0	0	0	1	0	1	0	0	25	43	0	10	6	0	1	1	1	1	7	1.49	inf
-2	-10	-7	-7	0	-2	-5	-6	-10	4	-1	-7	-1	-1	-10	-7	-4	-4	-3	6	4	0	0	0	2	2	1	1	0	19	7	0	2	3	0	1	1	0	1	55	1.65	inf
-7	-5	-5	-11	-3	-3	-6	-8	-3	-2	2	-10	8	4	-11	-4	3	0	4	-3	1	1	1	0	1	2	1	0	1	3	16	0	30	13	0	2	14	1	12	2	1.51	inf
-6	-5	-4	2	-5	-1	7	-6	-2	-7	-11	-4	-4	-11	0	-5	-4	-3	-11	-7	1	1	1	10	0	3	69	1	1	1	0	2	1	0	5	1	2	1	0	1	2.09	inf
-6	-3	-5	-4	-3	-6	-5	-10	0	-4	2	-4	-1	5	-4	-6	-7	-1	8	-6	1	2	1	1	1	1	1	0	2	1	19	2	1	19	2	1	1	1	43	1	1.84	inf
0	-5	-5	-6	7	-5	-5	-5	0	1	1	-6	7	-1	-6	-5	-5	-3	-1	3	8	1	1	1	19	1	1	1	2	7	12	1	21	2	1	1	1	0	3	17	1.25	inf
-1	-1	1	2	-2	0	3	-2	-2	-4	-3	-1	-3	-4	4	1	-1	-6	-4	-3	6	4	6	12	1	3	17	4	1	1	3	4	1	1	18	11	4	0	1	2	0.45	inf
-2	0	4	-4	0	-1	-4	5	4	-5	-2	0	0	-4	-4	-2	-4	-2	0	-5	3	5	15	1	2	3	1	36	8	1	5	5	2	1	1	4	1	1	3	1	0.81	inf
-4	-1	-2	-1	-2	-2	-3	6	-2	-4	-4	-1	-3	-4	-2	-1	1	-2	-4	-4	2	4	2	4	1	2	3	54	1	1	2	4	1	1	2	5	7	1	1	1	1.12	inf
-3	-4	1	5	-1	-2	2	-5	-1	-4	-5	-4	-3	-9	-1	4	1	-1	-4	-3	3	1	6	25	2	2	12	1	1	1	2	1	1	0	3	27	8	1	1	2	0.84	inf
-4	-4	-4	-4	-1	-9	-9	-6	-9	-1	6	-5	1	-1	-9	-3	-4	-9	-4	0	2	1	1	1	1	0	0	1	0	4	70	1	3	2	0	3	1	0	1	6	1.65	inf
-1	1	-1	1	-1	0	0	-3	2	-3	0	1	2	3	-4	-1	-3	0	3	-3	6	7	3	8	1	4	6	2	5	1	11	7	5	13	1	5	2	1	8	2	0.28	inf
-3	0	0	4	-2	2	2	-3	2	-4	-4	1	-1	-2	-4	1	0	-1	-1	-4	3	4	4	22	1	8	14	2	4	1	2	7	2	2	1	10	6	1	3	1	0.48	inf
-3	1	-1	-1	-1	-1	-3	-3	4	1	2	-1	0	3	-4	-3	-3	2	4	0	3	6	3	4	1	2	2	2	9	7	16	3	2	11	1	2	2	2	13	6	0.45	inf
-4	-2	-3	-3	0	-3	-3	-4	-1	4	4	-3	2	-1	-3	-3	-3	0	-1	0	2	2	1	2	2	2	2	2	2	23	37	2	5	2	2	2	2	1	2	5	0.83	inf
-2	2	-1	-1	0	2	0	-3	4	-1	-1	3	0	0	-2	-1	-1	0	0	0	3	11	3	3	2	8	5	2	9	4	6	15	2	5	2	5	3	1	3	8	0.25	inf
0	1	1	0	2	1	0	-1	1	-3	-3	2	1	-2	-1	1	0	0	0	-2	8	8	7	5	4	6	6	5	3	2	3	11	3	2	4	11	6	1	3	2	0.14	inf
-1	0	0	0	2	0	0	-1	2	0	-1	0	2	1	0	-1	0	4	1	-1	5	5	5	5	5	5	5	5	5	5	5	5	5	5	5	5	5	5	5	5	0.09	inf
-2	1	1	0	1	1	0	2	1	-2	-3	1	0	-1	0	-1	-1	2	-1	-2	3	8	6	6	3	6	7	16	4	3	3	9	3	3	5	4	4	2	3	3	0.16	inf
-2	2	0	-2	-1	0	-2	-1	2	-1	-1	1	-2	0	3	0	-1	1	1	-1	3	11	3	2	1	4	2	6	5	3	5	10	1	5	13	9	4	2	5	5	0.18	inf
-4	-3	-2	-6	-2	-2	-3	-6	-3	1	4	-1	3	4	-4	-4	-4	-4	1	-1	1	1	2	0	1	2	2	1	1	8	41	4	8	17	1	1	1	0	4	5	0.86	inf
-2	-2	1	3	-2	-1	0	-3	-1	-4	-4	0	-4	-4	3	3	3	-4	-4	-4	2	2	6	14	1	2	5	2	1	1	2	5	0	1	14	21	18	0	0	1	0.57	inf
-3	-1	-2	-1	-4	-1	5	-4	-2	-1	0	-2	0	-2	0	-2	-2	7	-3	-1	3	3	2	3	0	2	35	1	1	3	9	2	2	1	5	3	2	16	1	4	0.85	inf
0	1	1	2	-2	1	1	-1	0	-1	-1	1	-1	-1	1	0	-1	-1	-2	-1	6	7	6	10	1	6	10	4	2	4	6	10	1	3	8	8	3	1	1	3	0.11	inf
-1	0	0	1	-2	2	2	-4	2	-1	0	0	0	0	-3	-1	1	-1	-1	0	4	5	3	10	1	10	15	1	5	4	7	5	3	4	1	3	9	1	1	6	0.18	inf
2	3	-4	-5	0	-3	-5	-4	-3	3	1	-1	0	-2	-4	-2	-1	1	-3	2	17	16	1	0	2	1	0	1	0	17	14	3	2	2	1	2	4	2	1	14	0.47	inf
0	3	-3	-3	0	0	-3	-3	-1	0	1	1	1	-1	-3	0	-2	3	0	1	8	16	1	1	2	5	1	2	1	5	16	11	3	3	1	6	2	4	3	9	0.22	inf
-1	2	0	0	0	0	0	-2	1	-2	-1	2	0	1	-2	1	-1	0	1	-1	5	12	4	5	2	4	4	3	4	2	5	14	2	8	1	11	4	1	4	3	0.14	inf
-4	-4	-4	-5	1	-5	-5	-3	-2	5	1	-4	2	3	-6	-5	-2	2	5	1	1	1	1	1	3	0	1	2	1	28	13	1	5	11	0	1	2	3	17	10	0.83	inf
3	-4	-5	-6	2	-4	-4	-2	-4	2	2	-5	4	2	-5	-1	-1	-2	-3	1	23	1	0	0	4	1	1	3	0	13	17	0	11	9	0	4	4	1	0	7	0.54	inf
0	2	-1	-2	-1	1	-1	-1	1	1	0	1	0	1	-3	-1	-1	0	2	0	10	12	2	1	2	6	2	5	4	7	11	9	3	5	0	3	3	1	8	5	0.10	inf
-3	-1	-2	2	-2	7	2	1	-1	-4	-6	-2	-3	-6	-5	-2	-3	-6	-5	-5	2	3	2	12	1	43	13	12	1	1	1	2	1	0	1	3	1	0	0	1	1.14	inf
-1	-6	-6	-4	-2	-6	-6	-4	-6	5	3	-6	3	-3	-6	-4	0	-3	-2	3	5	0	0	1	1	0	0	1	0	32	23	0	7	1	0	1	5	0	2	18	0.94	inf
4	-4	-5	-6	3	-5	-5	-2	-5	1	3	-5	-1	-2	-5	-1	-2	-5	-2	2	29	1	0	0	5	0	0	3	0	8	26	0	1	2	0	4	2	0	1	16	0.67	inf
-1	2	1	0	1	1	2	-2	-1	-3	-1	2	-1	-3	-3	2	-1	-5	-1	-2	6	14	6	5	3	5	12	3	2	1	8	13	1	1	1	14	3	0	2	2	0.24	inf
4	-3	-4	-6	0	-4	-4	5	-6	-1	-3	-4	-3	-4	-3	-2	-2	-6	-2	-2	35	1	1	0	2	1	1	40	0	4	2	1	1	1	1	3	2	0	1	3	1.05	inf
-5	-6	-5	-4	-1	-6	-7	-5	-7	3	5	-5	5	-3	-7	-6	-4	-6	-4	3	1	0	1	1	1	0	0	1	0	13	51	1	12	1	0	0	1	0	0	16	1.29	inf
1	0	1	2	-1	2	2	-1	2	-2	-2	1	-1	-3	-4	0	-2	-3	-1	-2	13	5	8	10	1	8	16	4	6	2	4	10	1	1	0	6	2	0	2	2	0.24	inf
-1	-3	-4	-4	-1	-3	-3	-6	4	-3	-3	-2	-2	4	-7	-3	-3	0	8	-3	5	1	1	1	1	1	2	1	8	1	2	2	1	18	0	2	2	1	47	2	1.58	inf
-3	-5	-6	-4	5	-5	-5	-6	-3	3	5	-6	3	-3	-7	-5	-5	-6	-4	0	2	0	0	1	10	1	1	1	1	13	57	0	6	1	0	1	1	0	0	6	1.30	inf
-4	-4	0	-5	-2	-3	-1	-5	11	-5	-8	-3	-4	-5	-7	-3	-5	-4	-2	-6	2	1	4	0	1	1	4	1	77	1	0	2	1	0	0	2	1	0	1	1	3.10	inf
-1	0	2	1	-2	1	2	-2	1	-4	-3	1	-3	-3	-4	4	0	-3	-2	-4	4	5	8	8	1	6	11	3	3	1	2	10	1	1	1	28	5	0	1	1	0.41	inf
0	1	2	-2	0	2	-1	-3	3	-2	0	2	2	-2	1	0	-2	-3	-1	-3	7	7	12	1	2	9	4	1	8	2	9	11	5	1	8	8	1	0	2	1	0.25	inf
-3	1	2	0	-2	-1	-1	4	2	-5	-5	1	-3	-2	2	-1	-3	1	-4	-4	2	7	11	4	1	3	3	34	4	0	1	9	1	2	10	4	1	2	0	1	0.59	inf
-4	-4	-6	-7	0	-5	-5	-7	-3	6	1	-4	0	3	-5	-5	-4	-3	2	3	1	1	0	0	2	1	1	0	1	41	13	1	2	10	1	1	1	0	6	18	1.10	inf
0	-5	-5	-6	1	-4	-6	-3	-4	5	1	-5	1	0	-4	-3	-1	-3	0	4	7	1	1	0	3	1	0	2	0	32	11	0	3	3	1	2	3	0	3	27	0.83	inf
-4	-6	-4	-6	-2	-3	-6	-6	11	-4	-6	-7	-5	-4	-6	-5	-4	-7	2	-6	2	0	1	0	1	1	0	1	82	1	1	0	0	1	0	1	1	0	6	1	3.51	inf
-4	7	-1	-4	2	-3	-4	2	-2	-7	-3	-2	-3	-4	-7	-2	-3	-7	-3	-7	1	62	3	1	4	1	1	14	1	0	2	1	1	1	0	3	2	0	1	0	1.62	inf
-5	-4	2	8	-4	-4	-3	-4	-2	-5	-5	-4	-4	-6	-7	-3	-4	-4	-5	-3	1	1	8	75	0	1	1	1	1	1	1	1	0	0	0	2	1	0	0	2	2.17	inf
-5	-6	-7	-7	-4	-5	-7	-6	-7	5	5	-7	2	-2	-3	-5	-5	-2	-5	1	1	0	0	0	0	1	0	1	0	26	53	0	4	1	1	1	0	1	0	9	1.39	inf
-1	0	0	-3	0	-3	-3	-5	1	-7	-6	7	-6	-5	-6	-1	0	-7	-4	-5	6	3	4	2	2	1	1	1	3	0	1	64	0	0	0	5	5	0	1	1	1.54	inf
0	-1	-6	-2	2	-1	0	-2	1	-1	-2	-6	1	-1	4	2	0	-7	0	-2	9	3	0	3	4	3	5	4	3	3	5	0	3	3	21	17	6	0	3	3	0.43	inf
0	0	1	0	1	0	2	0	1	-2	-1	0	1	1	-1	1	-1	2	0	-2	6	5	6	6	3	4	12	7	3	3	6	7	3	5	3	10	4	3	3	3	0.09	inf
-1	-1	7	-1	1	-3	-2	-1	0	-5	-4	-1	-5	-5	-5	0	-2	-6	-5	-3	5	2	66	2	3	0	2	4	2	0	2	4	0	0	0	5	2	0	0	2	1.42	inf
-2	-4	-5	-2	3	-4	-4	-5	-4	5	1	-4	1	1	-4	-4	-2	1	0	3	2	0	0	2	6	0	0	0	0	42	13	0	2	5	0	0	2	2	3	17	0.77	inf
-2	-4	-4	-5	1	-1	-4	-5	0	0	4	-2	3	2	-4	-4	-2	-3	1	0	2	0	0	0	3	4	0	0	3	4	53	2	7	9	0	0	2	0	4	6	0.70	inf
-2	-3	-1	-5	0	-2	-4	-5	-4	3	3	-4	1	1	-3	-3	-2	0	0	2	2	1	4	0	2	2	0	0	0	21	36	0	3	4	1	1	1	1	3	15	0.56	inf
-2	-2	2	5	-1	-2	-1	-1	-2	-3	-2	-1	-2	-1	-5	1	2	-6	-2	-2	3	2	11	31	1	2	4	5	1	1	5	4	1	2	0	9	12	0	1	4	0.54	inf
0	-1	1	2	-1	0	1	1	1	-2	-1	-1	-1	-2	0	2	0	-2	-1	-2	6	3	6	12	1	3	11	9	3	3	6	4	1	2	4	16	4	1	2	2	0.14	inf
-1	1	2	3	-2	0	1	-1	0	-2	-1	1	-1	-1	0	0	-1	-1	-1	-2	4	7	11	16	1	4	9	5	3	2	6	10	1	3	5	6	4	1	2	2	0.18	inf
0	-1	2	1	2	0	0	0	0	-1	0	-1	0	1	-1	0	0	2	1	-1	6	4	9	10	5	3	5	7	2	3	8	4	3	6	3	7	6	3	4	2	0.06	inf
-1	1	2	1	-2	2	2	-1	1	-3	-2	2	-2	-2	0	-1	0	-1	-2	-3	4	8	9	7	1	8	16	6	3	2	4	11	1	2	5	4	5	1	2	2	0.21	inf
1	-1	3	2	0	-1	0	0	1	-2	-2	-1	-2	-2	1	1	-1	-1	-2	-2	12	4	13	10	2	3	5	8	3	2	4	4	1	2	7	9	4	1	2	4	0.19	inf
-1	-1	0	-1	0	0	-1	3	0	-1	-1	0	0	0	0	0	-1	0	-1	-2	5	4	5	3	2	5	3	25	2	3	6	5	3	3	6	8	4	1	3	3	0.20	inf
0	0	0	-1	1	0	0	-1	2	0	0	0	0	-1	-1	0	0	0	0	0	5	7	6	3	5	4	5	4	7	8	6	5	3	3	3	6	6	1	3	9	0.02	inf
-1	-2	-2	-4	2	-4	-4	-3	-1	3	2	-4	2	-1	-1	-1	-1	1	-1	3	5	2	2	0	4	0	0	2	2	18	21	0	4	2	3	4	3	2	2	21	0.41	inf
-3	1	-1	-5	0	-1	-1	-1	2	-2	-3	6	0	-2	-3	-3	-2	-6	1	-1	2	6	3	0	2	2	3	4	4	2	3	49	2	2	2	2	2	0	5	5	0.84	inf
0	-2	1	-2	3	-2	-2	-2	-2	1	0	-2	2	1	1	0	1	-2	2	1	8	0	8	0	8	0	0	1	0	8	8	0	8	8	8	8	8	0	8	8	0.12	inf
1	0	0	-2	2	0	-1	0	-2	1	-1	-1	0	-1	0	1	1	-3	-2	0	12	5	3	0	5	3	3	7	0	14	4	3	3	3	3	14	9	0	0	6	0.08	inf
-1	-1	1	6	0	-2	1	-2	0	-4	-2	-1	-4	-2	-3	-1	-1	-5	-1	-2	5	2	6	52	2	0	6	3	2	0	4	2	0	2	0	5	3	0	3	2	0.77	inf
-2	-4	-2	-2	0	-4	-4	-4	0	0	1	-4	0	6	-1	-2	-2	2	3	-1	2	0	2	2	2	0	0	1	2	5	12	0	2	47	3	2	2	2	8	4	0.83	inf
-1	-3	0	-2	0	-2	-1	6	0	-5	-4	-2	-2	-3	-2	0	-2	-1	-2	-3	5	1	5	2	2	1	4	59	3	0	1	1	1	1	2	5	2	1	1	2	0.94	inf
-1	0	0	0	2	0	0	-1	2	0	-1	0	1	0	-3	0	0	3	1	0	5	5	5	5	5	5	5	5	5	5	5	5	5	5	0	5	5	5	5	5	0.06	inf
3	-2	-1	-2	2	-1	-2	-1	0	-2	-3	-2	0	-1	-2	3	-1	3	-1	-1	25	3	3	3	5	3	3	5	3	3	3	3	3	3	3	19	4	3	3	4	0.39	inf
-1	3	-1	-1	2	0	-1	-2	1	0	-2	2	0	-1	-1	0	0	1	0	0	5	14	3	3	4	4	4	3	3	6	3	13	3	2	4	7	7	2	3	6	0.16	inf
-1	0	0	0	2	0	0	-1	2	0	-1	0	2	1	0	-1	0	4	1	-1	5	5	5	5	5	5	5	5	5	5	5	5	5	5	5	5	5	5	5	5	0.09	inf
-1	-1	0	-1	1	-1	-1	-2	1	1	1	-1	2	2	-1	-1	-1	2	1	1	5	3	4	3	3	3	3	4	3	8	16	4	5	8	3	4	5	3	5	9	0.11	inf
-1	0	0	0	2	0	0	-1	2	0	-1	0	2	1	0	-1	0	4	1	-1	5	5	5	5	5	5	5	5	5	5	5	5	5	5	5	5	5	5	5	5	0.09	inf
-1	0	0	0	2	0	0	-1	2	0	-1	0	2	1	0	-1	0	4	1	-1	5	5	5	5	5	5	5	5	5	5	5	5	5	5	5	5	5	5	5	5	0.09	inf
-1	0	0	0	2	0	0	-1	2	0	-1	0	2	1	0	-1	0	4	1	-1	5	5	5	5	5	5	5	5	5	5	5	5	5	5	5	5	5	5	5	5	0.09	inf
-1	0	0	1	0	1	0	0	1	-1	-1	0	1	0	-1	0	0	1	1	-1	5	6	5	9	2	6	6	8	4	4	5	5	4	4	4	7	7	2	4	5	0.05	inf
-1	0	0	0	2	0	0	-1	2	0	-1	0	2	1	0	-1	0	4	1	-1	5	5	5	5	5	5	5	5	5	5	5	5	5	5	5	5	5	5	5	5	0.09	inf
-1	1	0	-1	1	0	0	-2	1	-1	0	0	1	0	0	0	0	2	1	0	5	8	5	3	3	4	5	3	3	3	8	7	4	4	5	7	7	3	5	7	0.04	inf
0	1	0	-1	0	-1	-1	-2	1	-1	0	0	2	0	-1	0	1	2	2	-1	7	8	4	3	2	3	3	3	4	3	11	5	6	4	3	8	10	2	6	4	0.10	inf
-2	0	2	-1	0	0	-1	-1	2	-1	-3	1	1	-1	-1	1	3	1	1	-1	4	5	8	4	2	4	4	5	5	4	3	9	3	3	3	9	16	2	5	4	0.18	inf
-1	0	0	0	2	0	0	-1	2	0	-1	0	2	1	0	-1	0	4	1	-1	5	5	5	5	5	5	5	5	5	5	5	5	5	5	5	5	5	5	5	5	0.09	inf
-1	0	0	-1	1	0	0	-1	2	1	0	-1	1	1	0	-1	0	2	1	1	5	5	4	3	3	4	5	4	5	8	7	4	4	6	4	5	5	3	6	10	0.05	inf
-1	0	0	0	2	0	0	-1	2	0	-1	0	2	1	0	-1	0	4	1	-1	5	5	5	5	5	5	5	5	5	5	5	5	5	5	5	5	5	5	5	5	0.09	inf
-1	-1	-1	-1	0	-1	-1	5	-1	-2	-2	0	0	0	-2	-2	-1	2	-1	-2	5	4	3	4	2	3	4	37	2	3	4	5	2	3	3	3	4	3	2	4	0.49	inf
-1	0	0	0	2	0	0	-1	2	0	-1	0	2	1	0	-1	0	4	1	-1	5	5	5	5	5	5	5	5	5	5	5	5	5	5	5	5	5	5	5	5	0.09	inf
-2	1	-1	-1	1	0	-1	-2	1	0	0	-1	1	0	4	-1	-1	2	1	0	4	7	4	3	3	4	5	3	3	6	11	4	3	4	18	4	3	3	4	6	0.19	inf
0	0	0	-1	1	-1	0	0	0	-1	0	-1	0	2	-1	2	-1	2	1	-1	6	5	4	3	3	3	6	7	3	4	10	4	3	8	3	14	4	3	4	4	0.06	inf
0	0	-2	-3	2	1	-2	-3	2	0	0	-2	2	1	1	0	0	4	1	0	7	7	0	0	6	7	0	0	6	7	7	0	6	6	7	7	7	6	6	7	0.15	inf
-1	0	0	0	1	-1	-2	-2	0	1	1	0	5	1	-2	-1	-1	2	0	-1	6	5	5	6	3	3	3	3	3	6	13	5	12	6	3	4	5	3	3	4	0.19	inf
4	-3	0	-1	3	-3	-1	-1	0	-1	-2	-1	-3	-1	2	1	-1	-4	-3	-1	34	0	4	3	6	0	3	3	2	3	3	4	0	3	11	11	3	0	0	5	0.36	inf
-3	-3	0	-3	-1	-3	-3	-7	-1	-1	-2	-3	-1	-3	7	-3	-3	0	-2	-3	2	2	4	2	1	1	2	0	1	4	4	2	1	2	63	2	2	1	1	2	1.70	inf
-4	-2	0	1	-1	-1	6	-3	-1	-5	-3	-3	-5	-1	-1	-2	-2	-5	-5	-5	1	2	4	7	2	2	64	2	2	0	4	0	0	2	4	2	2	0	0	0	1.28	inf
0	-2	-2	-3	1	-1	0	-3	-1	1	1	-2	2	-1	-1	-1	-1	0	3	2	7	2	2	2	3	2	7	2	2	9	16	2	6	2	3	4	4	1	11	15	0.21	inf
-1	-2	-3	-3	-1	-3	-3	-3	3	3	3	-3	0	2	-1	-3	-1	-1	1	0	5	2	1	1	2	1	2	2	7	17	29	2	2	7	4	2	3	1	4	5	0.42	inf
-1	2	2	0	-3	2	1	-3	-1	-2	1	0	1	-1	-4	1	-1	0	-1	-3	6	12	8	5	1	8	9	3	1	2	14	6	3	3	1	9	4	1	2	2	0.18	inf
-3	1	0	1	-1	-1	1	3	1	-4	-4	-1	-2	-2	-2	1	2	0	1	-4	2	7	4	7	1	3	9	22	3	1	2	4	1	2	3	10	12	1	5	1	0.35	inf
-2	1	2	0	0	2	0	2	-1	-1	-2	2	0	-3	-3	1	-1	-2	-2	-3	3	8	10	5	2	8	7	15	2	4	5	11	2	1	1	9	4	1	2	2	0.22	inf
-1	0	0	0	2	0	0	-1	2	0	-1	0	2	1	0	-1	0	4	1	-1	5	5	5	5	5	5	5	5	5	5	5	5	5	5	5	5	5	5	5	5	0.09	inf
-1	-3	-3	-2	1	-1	-3	-2	2	-1	-1	-2	0	2	-2	-2	-3	1	7	-1	5	2	2	3	2	3	2	4	5	4	7	3	2	8	3	4	2	2	32	5	0.78	inf
-3	-2	1	2	0	-2	-2	1	0	-3	-4	-3	0	-2	-2	3	4	-8	-1	-7	3	2	6	10	2	2	3	12	2	2	2	2	2	2	2	21	21	0	2	0	0.54	inf
-1	2	-2	-2	-1	1	2	-3	0	-1	-2	1	-1	0	2	-1	1	-2	1	-1	6	10	2	2	2	5	14	2	2	3	3	9	2	5	10	5	10	1	5	4	0.19	inf
2	1	-1	-3	-2	1	1	-1	-1	-4	-4	4	-1	-4	0	1	-2	-2	-3	-4	14	8	3	2	1	6	8	4	2	1	2	27	1	1	6	10	3	1	1	1	0.45	inf
2	-4	-3	-2	2	-3	-4	-1	-3	1	-2	-5	-1	-1	-3	3	0	1	-3	3	14	1	1	3	4	1	1	4	1	8	3	0	1	2	2	23	6	2	1	22	0.49	inf
-1	-3	1	7	-4	-2	0	-3	-3	-4	-4	-3	-4	-5	0	0	0	-5	-4	-1	4	0	4	64	0	0	4	0	0	0	1	0	0	0	4	5	7	0	0	4	1.14	inf
-1	0	-1	-3	0	-1	-2	-3	-3	2	1	-2	2	0	-3	-1	0	2	0	3	3	6	2	0	2	2	3	0	0	17	11	0	7	2	0	3	7	3	3	29	0.23	inf
-4	-4	-4	-4	-4	-1	-2	-2	1	-1	-2	-2	0	4	-4	-2	-3	9	4	-2	1	0	0	0	0	3	3	3	3	3	3	3	3	15	0	3	0	37	16	3	1.35	inf
1	-1	-1	-1	2	1	-1	0	-2	-2	-3	-2	0	-4	-1	4	1	-4	-3	-3	11	3	2	2	5	7	2	7	0	3	1	0	2	0	2	45	7	0	0	0	0.45	inf
-1	-3	-4	-4	1	-3	-4	-3	-3	1	3	-3	1	4	-4	-2	-1	1	2	1	3	0	0	0	3	0	0	2	0	8	34	0	2	25	0	2	4	2	6	8	0.47	inf
0	-2	-3	-3	0	-3	-4	6	-4	-4	-3	-3	-4	-2	-2	-1	-2	-4	-4	-3	6	2	0	0	2	0	0	76	0	0	2	0	0	2	2	2	2	0	0	2	1.32	inf
-1	-3	-3	-3	5	-2	-3	-3	0	3	0	-2	1	-1	-3	-2	-1	-3	2	3	3	1	1	1	15	1	0	1	3	19	8	3	3	1	1	1	4	0	8	25	0.40	inf
-2	-3	-2	-4	2	-3	-4	-3	-4	3	2	-3	2	-1	-4	-2	1	-3	-1	3	1	0	2	0	5	0	0	2	0	22	25	0	6	2	0	2	9	0	1	22	0.44	inf
0	-2	-2	-3	3	1	-2	0	-2	1	0	-2	2	1	-3	0	0	4	2	0	8	0	0	0	7	7	0	8	0	8	8	0	7	7	0	8	8	7	7	8	0.15	inf
0	-1	-1	-2	2	-1	-2	-1	1	1	0	-1	1	1	-4	-1	0	4	5	-1	7	3	3	3	5	3	3	4	3	8	8	3	4	6	0	3	7	6	19	3	0.29	inf
-2	-2	0	-1	0	0	6	-3	0	-1	-3	-2	0	-2	-5	-1	-1	0	0	-1	3	2	4	2	2	3	48	2	2	4	3	2	2	2	0	5	3	1	4	5	0.75	inf
-2	-5	-5	-2	2	-5	-5	-3	-5	2	4	-5	6	1	-5	-2	-2	2	-1	0	4	0	0	2	4	0	0	2	0	10	37	0	20	5	0	3	2	3	2	6	0.83	inf
0	-2	-2	-4	1	-2	-4	-3	-1	2	3	-3	2	1	-4	-2	-1	0	0	1	9	2	2	0	3	2	0	2	2	12	34	1	4	7	0	2	3	1	4	10	0.37	inf
0	-1	-1	-2	3	-2	-1	-2	0	-2	-1	-1	0	0	-4	1	4	2	0	0	7	4	3	2	6	1	4	3	2	2	7	4	2	5	0	10	26	3	4	5	0.25	inf
-2	2	-2	-3	-1	-2	-3	6	-1	-3	-2	-1	-2	-3	-3	-3	-3	-1	-2	-4	3	11	2	2	2	2	1	55	2	2	4	4	1	1	1	2	1	1	1	1	1.02	inf
-1	3	-1	-1	0	1	1	-2	2	-2	-2	3	0	-1	-2	1	0	0	1	-1	4	14	2	3	2	7	10	3	4	2	3	16	2	3	1	9	5	1	4	3	0.21	inf
-1	0	-1	-2	-1	-1	-1	-3	1	0	0	-1	-1	0	5	0	0	0	0	0	4	5	2	2	1	3	4	2	3	5	11	3	2	3	27	7	6	1	4	6	0.37	inf
-2	-5	-3	-4	-3	-4	-3	-5	-6	0	1	-4	-2	-3	7	-3	-3	-7	-3	-3	3	1	1	1	1	1	2	1	0	5	11	1	1	1	62	2	2	0	1	2	1.72	inf
-4	-3	-3	-4	-3	-4	-3	-3	0	-3	-1	-4	-1	7	-4	-4	-3	5	5	-2	2	2	1	1	1	1	2	2	2	2	5	1	2	46	1	2	2	8	15	3	1.47	inf
-1	0	0	1	0	1	1	-1	2	-2	-2	0	-1	0	3	0	-1	2	1	-2	5	5	4	7	2	6	9	4	5	2	3	7	1	4	13	7	4	3	5	3	0.17	inf
0	-2	1	3	-3	-1	1	4	0	-4	-4	-1	-2	-3	-2	0	-1	-3	-4	-4	8	2	6	17	1	2	10	27	2	1	2	3	1	1	3	6	4	0	1	1	0.48	inf
-2	0	0	2	-1	0	2	-3	1	-1	0	0	3	-1	0	1	-1	-3	-1	-2	4	5	4	10	1	4	15	2	3	4	9	6	7	3	5	9	3	0	2	3	0.19	inf
-4	-2	4	3	-1	-1	0	-2	1	-4	-3	-1	-3	-4	0	2	2	-3	-3	-2	2	3	16	15	1	2	7	3	3	1	3	3	1	1	6	16	12	0	1	4	0.48	inf
-2	0	2	0	-2	1	1	-2	2	0	-1	0	1	-2	3	-1	-2	-1	0	-1	4	5	10	6	1	6	10	4	4	5	7	5	3	2	14	5	2	1	3	5	0.20	inf
0	1	0	1	-2	1	1	-2	1	0	-1	1	2	-1	0	1	-1	-2	-1	0	6	6	4	8	1	6	9	3	3	5	7	7	6	3	5	9	3	1	2	7	0.08	inf
0	1	0	2	-4	3	3	-2	1	-3	-3	1	-2	-4	-2	0	-1	-2	-5	-2	7	6	4	12	1	12	19	4	3	2	3	8	1	1	2	6	4	1	1	3	0.37	inf
-1	-3	-3	-5	-3	2	-2	-5	-3	3	3	-2	3	-1	-3	-4	1	0	-3	2	6	1	1	1	1	9	3	1	1	12	25	3	6	3	2	1	9	2	1	13	0.49	inf
-2	-1	-2	-4	-2	-2	-3	-5	0	2	2	-2	1	4	-4	-4	-4	4	4	0	4	4	2	2	1	2	2	1	2	12	20	3	3	13	1	2	2	5	14	6	0.61	inf
-1	2	1	1	-2	2	3	-3	2	-4	-1	2	0	0	-4	0	-2	0	0	-3	4	10	6	6	1	9	15	3	5	1	6	11	2	4	1	7	3	1	3	2	0.29	inf
-1	1	2	-1	-1	2	0	-4	1	0	0	3	1	-2	-5	-1	-2	-1	0	-2	4	8	8	4	2	8	5	2	3	6	10	19	4	2	1	4	2	1	3	4	0.28	inf
-3	-5	-5	-6	-2	-5	-6	-7	-1	6	1	-4	0	0	-6	-4	-2	1	-3	3	2	1	1	1	1	1	1	1	2	44	12	1	3	4	1	2	3	2	1	18	1.27	inf
-1	3	-2	-1	0	0	0	-2	-2	0	1	2	1	-1	-2	-1	0	0	-3	0	5	13	2	3	2	4	7	4	1	5	15	12	4	3	2	6	5	1	1	7	0.16	inf
0	2	2	0	-4	1	2	-3	1	-2	-3	2	-2	-4	-3	1	-1	-1	-2	-2	7	12	10	5	1	7	12	2	3	2	3	13	1	1	1	10	5	1	2	3	0.31	inf
0	-1	1	0	1	-1	-1	4	0	-2	-2	-1	0	-4	-1	-1	-2	1	-2	-2	8	4	7	6	3	2	5	32	2	3	4	5	2	1	3	4	2	2	2	3	0.40	inf
-1	0	1	1	-1	0	1	0	-1	0	-1	2	-1	-3	1	-1	0	-2	-3	0	4	6	7	7	2	4	10	6	2	5	6	13	2	1	6	5	6	1	1	8	0.10	inf
-4	0	-1	-1	-3	-1	-1	-1	1	0	1	-1	0	1	2	-2	-2	1	4	0	1	5	3	4	1	2	4	6	3	5	13	4	2	6	9	3	3	2	14	8	0.25	inf
-2	3	1	2	-3	1	1	-3	0	-3	-3	1	-2	-2	-1	1	2	-3	-2	-3	3	15	7	10	1	6	8	2	2	2	3	8	1	2	4	11	10	0	2	2	0.30	inf
-3	-3	-2	-3	-4	-3	-2	-4	-2	2	2	-3	3	4	2	-4	-2	3	2	-2	2	2	2	2	1	1	3	2	1	11	20	2	7	18	10	2	3	3	6	3	0.58	inf
-3	0	-3	0	0	-1	0	-3	-1	-3	-2	-1	-2	-4	6	-1	-1	-7	-2	-2	3	6	2	5	2	3	6	2	1	2	4	5	1	1	42	5	5	0	2	4	0.88	inf
-1	1	-1	0	1	0	1	-2	-1	0	-1	0	-1	1	2	1	-1	0	-2	-1	5	8	3	6	3	5	8	3	1	6	5	6	1	5	10	11	4	1	1	5	0.11	inf
-2	-1	-2	0	-4	-2	1	-3	-1	-1	-1	1	0	-2	6	-1	-1	-4	-3	-3	4	3	2	5	0	2	10	2	2	4	7	7	2	2	34	5	4	0	1	2	0.66	inf
-1	0	-1	1	-1	1	2	-3	-1	0	1	1	0	0	2	-1	-1	-1	0	0	4	5	2	7	1	5	14	3	2	5	12	8	2	4	9	4	4	1	3	6	0.11	inf
-1	0	0	0	2	0	0	-1	2	0	-1	0	2	1	0	-1	0	4	1	-1	5	5	5	5	5	5	5	5	5	5	5	5	5	5	5	5	5	5	5	5	0.09	inf
-1	0	1	2	1	0	1	-2	1	-2	-2	1	-1	-1	2	0	-1	1	-1	-1	6	5	5	11	3	4	8	4	4	3	4	7	2	2	12	8	4	2	2	4	0.15	inf
-2	0	2	0	0	0	0	0	3	-1	-1	1	-1	-1	0	0	0	1	0	-1	3	6	9	6	2	5	6	6	7	4	6	8	2	3	5	8	7	2	3	5	0.08	inf
-1	-3	-2	-3	4	-2	-2	-3	0	3	2	-1	1	2	-3	-3	-2	3	1	2	5	2	2	2	7	2	3	2	2	14	16	4	4	8	2	2	2	3	5	13	0.37	inf
-3	-3	0	1	0	-2	-2	-3	1	-3	-4	-3	-2	-1	2	5	0	0	-1	-3	2	2	5	8	2	2	3	3	3	2	3	2	1	3	12	36	7	1	2	2	0.65	inf
-1	-1	-1	1	-1	0	2	-3	0	-3	-3	1	-1	-3	5	1	-2	-1	-2	-2	6	3	3	8	1	4	12	3	2	2	3	7	2	1	24	9	3	1	2	3	0.42	inf
-1	-1	0	3	-2	1	5	-1	-1	-4	-2	0	0	-4	-2	0	-1	-1	-2	-2	6	3	4	13	1	5	30	4	2	1	4	5	2	1	3	7	4	1	2	3	0.46	inf
4	-7	-5	-4	3	-3	-3	-1	-3	0	2	-5	2	3	-4	-2	-3	0	-2	1	28	0	1	1	5	1	2	5	1	5	18	1	5	10	1	3	2	1	2	9	0.60	inf
-1	3	-2	-3	-1	0	-1	-5	1	1	0	3	0	-2	-5	-2	-2	0	3	0	5	14	2	2	1	5	4	1	3	8	8	19	2	2	1	3	3	1	8	7	0.38	inf
-1	0	2	5	-1	2	2	-3	1	-5	-4	0	0	-4	-5	0	-2	-8	-4	-5	5	6	8	29	1	7	12	2	4	1	2	5	2	1	1	8	3	0	1	1	0.67	inf
-4	-5	-5	-9	-2	-5	-6	-9	-3	2	5	-6	1	4	-5	-6	-4	-2	-2	0	2	1	1	0	1	1	1	0	1	10	53	1	3	14	1	1	2	1	2	7	1.34	inf
-2	-9	-9	-6	0	-8	-6	-6	-4	5	3	-9	5	-2	-9	-5	-5	-2	-3	2	4	0	0	1	2	0	1	1	1	32	27	0	13	2	0	1	1	1	1	12	1.33	inf
-2	2	-1	-1	0	2	1	-3	0	-2	0	3	0	-3	-4	1	0	-2	0	-3	4	12	3	4	2	8	10	2	2	2	9	16	2	1	1	10	5	1	3	2	0.28	inf
-1	3	-1	-1	0	2	-1	-1	0	-3	-1	3	0	-3	-4	1	-4	1	-2	-4	5	16	3	4	2	9	5	6	3	1	7	19	3	1	1	9	1	2	2	2	0.41	inf
-2	-6	-10	-6	9	-9	-10	-6	-10	0	3	-6	6	-2	-10	-6	-4	-9	-4	-5	4	1	0	1	39	0	0	1	0	5	23	1	19	2	0	1	1	0	1	1	2.21	inf
-7	-4	-6	-6	1	-9	-10	-7	-10	1	5	-7	1	1	-7	-6	-2	8	-8	-1	1	1	1	1	3	0	0	1	0	7	54	1	3	5	0	1	3	16	0	4	1.68	inf
0	1	2	1	2	3	1	-6	3	-3	-4	1	-1	-4	-5	0	1	-8	-4	0	8	6	8	9	4	14	8	1	5	2	2	8	2	1	1	7	8	0	1	7	0.38	inf
-1	1	-4	-2	-1	0	0	-4	1	0	-1	3	0	2	2	-2	-1	1	2	0	5	7	1	2	1	4	6	1	3	5	7	17	2	7	9	3	3	2	7	8	0.24	inf
-5	-2	5	6	-3	-1	1	-7	-1	-4	-6	-1	-3	-4	-5	-1	-4	-9	-4	-4	2	3	22	40	1	3	10	1	2	1	1	4	1	1	1	5	2	0	1	2	1.30	inf
-1	-3	-6	-6	-5	-3	-4	-5	-2	-4	-7	-5	-4	-4	8	-3	-5	-3	-2	-2	6	2	0	1	0	1	1	1	1	1	1	1	1	1	71	3	1	1	2	3	2.20	inf
1	1	1	1	-1	1	3	-4	0	-3	-3	2	-1	-3	-5	2	0	-2	-1	-3	10	6	7	8	1	5	18	1	2	2	3	10	1	1	0	13	6	1	2	2	0.34	inf
-2	1	0	2	-1	3	2	-6	1	-5	-2	4	0	-2	-6	-1	-1	-4	-4	-4	4	6	5	12	1	10	13	1	3	1	5	24	2	2	0	4	4	0	1	2	0.59	inf
-11	9	-10	-6	-4	-5	-10	-11	-10	-11	-8	-6	-4	-11	-11	-10	-6	-11	-11	-11	0	95	0	1	1	1	0	0	0	0	1	1	1	0	0	0	1	0	0	0	3.67	inf
-2	-7	-7	-7	-1	-7	-10	-6	-5	3	2	-7	0	-2	7	-4	-5	1	0	-4	4	0	0	0	1	0	0	1	0	14	16	0	3	2	48	1	1	2	3	2	1.55	inf
-4	-3	1	0	-3	-5	-5	0	-3	-9	-6	-2	-4	-7	-3	4	6	-5	-6	-6	2	2	6	5	1	1	1	8	1	0	1	3	0	0	2	30	37	0	0	1	1.23	inf
4	-9	-9	-7	0	-6	-7	-6	-9	2	-1	-9	5	4	-3	-1	-2	-2	-3	0	32	0	0	0	2	0	0	1	0	12	6	0	11	15	2	5	3	1	1	6	1.02	inf
1	0	-1	1	-3	1	3	-2	0	-3	-2	2	-1	-4	-1	2	-1	-8	-3	-3	10	6	3	9	1	7	16	3	3	2	4	13	1	1	3	12	4	0	1	2	0.30	inf
-2	-2	-1	3	-5	5	5	-3	-2	-7	-7	0	-3	-7	-7	-3	-2	-4	-5	-6	3	3	3	17	0	20	35	2	1	0	1	5	1	0	0	3	3	0	1	1	1.18	inf
2	-7	-7	-7	1	-8	-7	-6	-9	4	3	-7	-2	-1	-6	-5	-4	-8	-4	3	17	0	0	0	3	0	0	1	0	23	28	0	1	3	1	1	1	0	1	19	1.10	inf
-4	-1	-6	-7	0	-3	-6	-7	-4	0	5	1	4	0	-6	-5	-4	-7	-5	1	2	3	0	0	2	1	1	1	1	5	52	10	8	4	1	1	1	0	0	8	1.12	inf
0	2	2	0	-1	4	2	-3	1	-4	-2	3	-2	-4	-5	0	-2	-4	-4	-3	7	9	10	5	2	15	14	2	3	1	4	16	1	1	0	6	2	0	1	2	0.46	inf
-5	-3	-1	2	-3	-2	-4	-5	10	-3	-4	-4	-1	-3	-6	-1	-3	-6	-2	-4	1	2	3	10	1	2	1	1	61	2	2	1	2	1	0	6	2	0	1	1	2.32	inf
-1	-1	-3	-1	-3	-2	1	-3	-2	-3	-4	0	-3	-4	7	0	-3	-3	-3	-3	5	3	1	4	1	2	8	2	1	1	2	5	1	1	51	6	2	1	1	2	1.21	inf
-5	-5	-4	-6	-3	-3	-6	-6	-5	-4	-1	-5	-3	6	-6	-5	-4	9	5	-2	1	1	1	0	1	1	1	1	0	1	7	1	1	35	0	1	1	27	16	3	2.05	inf
-5	-6	-6	-7	-4	-6	-6	-5	-4	3	3	-6	3	7	-5	-5	-5	-3	-3	1	1	0	0	0	0	0	1	1	0	14	21	1	6	41	1	1	1	0	1	9	1.41	inf
0	2	0	-2	2	2	-1	-3	-1	-2	0	2	-1	-2	-3	1	1	2	-2	-1	8	11	4	2	4	8	3	1	1	2	9	15	2	2	1	11	9	3	1	4	0.22	inf
-2	1	1	1	-3	3	3	0	0	-2	-3	2	-2	-4	1	0	0	-2	-3	-3	3	6	7	6	1	11	17	7	2	2	3	11	1	1	7	7	5	1	1	2	0.28	inf
-1	1	1	1	0	0	0	0	1	0	0	1	-1	-2	0	0	-1	-1	0	0	5	9	7	8	2	3	6	7	3	5	8	8	2	2	4	6	4	1	4	6	0.04	inf
0	1	0	1	-2	0	0	-1	2	-3	-2	1	0	-3	1	2	0	-1	0	-2	7	7	4	7	1	4	6	6	4	2	5	7	3	1	8	16	6	1	3	3	0.15	inf
0	-1	0	1	-1	-1	0	0	-1	-1	-1	1	0	0	1	0	1	2	-2	-1	7	3	4	10	2	2	7	6	2	3	7	8	2	4	6	8	9	3	1	5	0.07	inf
-1	-1	-2	-2	0	-1	0	-3	-2	1	1	1	-1	-2	4	0	-1	-1	-1	1	5	4	2	3	2	3	6	2	1	7	11	8	2	2	18	6	4	1	2	11	0.22	inf
2	-1	0	1	-3	-1	1	-2	-3	-2	-1	1	-4	-2	2	2	1	-2	-1	-1	14	3	5	8	1	3	8	4	1	2	6	7	0	2	11	12	8	1	2	4	0.19	inf
-1	-1	1	3	-3	0	1	-3	-1	-1	-2	-1	-3	-3	2	2	0	-4	-3	0	4	4	6	13	1	4	10	2	2	3	5	4	1	1	10	16	5	0	1	6	0.26	inf
-3	1	0	-2	-1	0	2	-4	-1	-1	3	-1	3	1	0	-1	-1	-2	0	-1	2	7	4	2	1	5	12	1	1	4	23	4	6	5	4	4	5	1	3	5	0.24	inf
-2	-1	0	-3	-4	-3	-2	-4	-1	2	2	0	3	-1	4	-1	-2	-1	-2	0	3	4	4	2	0	1	3	1	1	10	22	5	6	2	18	4	3	1	2	7	0.40	inf
-1	0	0	0	-3	2	1	-3	5	-1	-1	0	-3	-3	3	1	0	-2	0	-2	6	5	4	5	1	8	8	2	12	3	6	5	1	1	13	9	5	1	3	3	0.28	inf
0	2	0	2	0	0	0	-2	-1	-2	-1	2	1	-1	-1	0	-1	0	-3	-3	7	13	5	10	2	5	6	3	2	3	7	13	4	2	4	7	4	1	1	2	0.17	inf
-1	1	0	0	-2	3	2	-1	0	-2	-1	1	0	-3	1	0	0	-2	-2	-2	5	6	5	5	1	14	11	5	2	2	7	8	2	1	8	8	5	1	1	3	0.17	inf
-2	1	0	2	-3	1	3	-3	-2	-2	0	0	-1	-4	2	1	-1	-4	-2	-1	3	7	5	9	1	5	20	2	1	2	10	6	2	1	9	10	3	0	1	4	0.26	inf
0	-2	1	-1	0	-1	-1	-3	-2	1	-1	-1	-1	-1	1	1	3	-4	-1	1	7	2	8	4	2	2	5	2	1	8	6	3	2	3	7	10	16	0	2	11	0.17	inf
-1	-2	-2	-2	-1	-1	-1	-3	-1	2	1	0	0	0	1	-1	0	0	-2	2	6	2	2	3	1	3	5	2	2	12	13	5	2	4	8	5	5	1	1	18	0.16	inf
-2	-1	0	1	-5	1	4	-4	1	-5	-3	1	-4	-2	2	1	-1	-4	-3	-4	3	3	5	8	0	5	28	1	4	1	3	9	0	2	12	10	4	0	1	1	0.54	inf
-1	2	0	0	4	0	1	-2	-1	-1	0	1	0	-2	1	0	0	-3	-1	-2	5	11	5	6	8	4	8	3	2	4	10	9	3	2	6	6	5	0	2	2	0.13	inf
-2	-2	-3	-2	-2	-2	0	-5	-3	1	3	-3	3	1	-3	-1	0	2	-1	1	3	2	1	3	1	2	7	1	0	8	33	2	7	5	1	4	5	2	2	10	0.40	inf
-2	3	0	-1	-5	1	0	-4	0	-5	-2	4	-2	0	-1	1	0	-6	-2	-4	3	15	4	3	0	5	6	1	3	1	4	27	1	5	4	10	6	0	2	1	0.51	inf
-2	1	2	0	-3	1	3	-3	2	-3	-2	2	-2	-1	0	0	0	-5	-1	-2	3	6	11	5	0	7	17	2	4	2	5	15	1	3	6	5	5	0	2	2	0.29	inf
0	-3	-2	-3	-3	-2	0	-2	-1	0	1	-2	1	5	-1	0	-2	1	3	-1	8	2	2	2	1	2	6	3	2	4	11	3	3	26	3	6	2	2	10	4	0.42	inf
-2	1	3	2	-3	0	1	-2	-1	-1	-1	-1	1	-2	-1	1	0	-3	-2	-1	3	8	16	9	1	4	10	3	1	3	7	4	4	2	3	10	5	0	1	4	0.19	inf
3	1	-2	0	-1	-1	0	-1	-2	-1	-1	-1	-1	-2	1	1	1	-4	-2	0	22	7	1	6	1	3	5	4	1	4	7	3	2	2	8	11	7	0	1	5	0.16	inf
-2	4	0	0	-3	2	2	-4	-2	-2	-2	1	2	-1	1	-1	-2	-2	0	-1	3	20	4	5	0	7	12	1	1	2	5	8	6	2	8	5	3	1	3	5	0.31	inf
-1	4	2	-1	-4	2	1	-3	0	-2	-2	1	-1	-3	-3	1	-1	-5	-2	-3	4	21	9	3	0	8	10	2	2	3	5	9	2	1	2	12	4	0	2	2	0.36	inf
-2	2	-1	-2	-6	1	3	-3	0	-2	-2	4	-2	-4	1	0	-2	-4	-2	-3	3	11	2	2	0	6	17	3	2	3	4	27	1	1	6	7	3	0	1	2	0.52	inf
-1	0	-2	-2	-1	-1	-1	-2	-2	0	3	-1	1	1	-1	0	0	4	-1	-1	5	5	2	3	1	3	4	3	1	4	27	3	3	7	3	7	7	7	2	4	0.21	inf
-2	2	-1	0	-5	2	1	-4	-3	-4	-3	5	1	-2	0	1	-2	-3	-1	-2	3	10	3	6	0	9	7	1	1	1	3	30	4	2	4	10	2	0	2	2	0.51	inf
0	1	1	0	-3	0	2	2	-1	-4	-2	3	-4	-4	0	0	0	-2	-3	-3	6	6	5	5	1	3	12	17	1	1	4	18	0	1	4	6	6	1	1	2	0.29	inf
2	-1	1	1	0	0	1	-1	0	0	-1	0	1	-1	-1	1	0	-2	-2	-1	17	3	6	8	2	3	9	3	2	6	7	5	3	2	2	12	4	0	1	5	0.10	inf
1	-1	-1	-1	-1	-1	0	-2	-1	2	1	-1	0	0	-1	0	-1	-3	-2	2	14	4	2	4	1	3	7	3	2	12	11	4	3	4	3	6	2	0	1	14	0.10	inf
-1	-1	0	-1	-4	-1	1	-2	1	1	2	-1	2	1	0	-1	-1	0	0	-1	5	3	4	4	0	2	11	3	4	7	23	3	7	5	5	5	3	1	3	4	0.13	inf
1	2	-1	0	-2	1	0	-1	0	-2	-2	1	-3	-2	0	2	1	-2	-1	-1	13	13	3	4	1	6	5	3	2	2	4	7	0	2	4	14	9	1	3	5	0.15	inf
0	-1	0	0	-2	-1	1	-3	-3	-1	-2	0	-2	-1	0	2	3	-3	-1	1	7	3	4	4	1	2	10	1	0	4	4	5	1	3	5	16	17	0	2	11	0.21	inf
-1	0	-1	-1	-4	1	1	-1	-1	2	1	0	2	-1	0	0	0	-4	-2	1	3	4	2	3	0	7	10	4	1	11	15	5	6	3	4	7	6	0	1	8	0.10	inf
1	0	-1	0	-2	-1	1	-1	-1	0	1	-1	2	-1	2	-1	-1	1	0	-1	14	6	3	4	1	3	11	3	1	5	14	3	5	2	9	4	2	2	3	4	0.09	inf
0	-1	0	0	-1	0	1	-2	-1	0	0	0	0	-1	-1	1	0	-1	-1	2	9	4	3	4	1	3	10	3	1	6	8	4	3	3	3	12	4	1	2	15	0.06	inf
0	1	2	1	-3	0	1	0	0	-3	-2	0	1	-3	0	2	1	0	-2	-2	7	6	10	8	0	4	8	7	2	1	4	4	5	1	4	15	8	1	1	3	0.17	inf
-2	4	-1	0	-2	1	2	-3	0	-3	0	2	-1	-2	0	0	-1	-3	-1	-3	3	20	2	4	1	7	15	2	2	1	10	11	1	2	4	7	5	0	2	2	0.32	inf
-1	0	3	1	-2	1	1	-1	1	-1	-2	1	-2	-4	-1	2	0	-5	-1	-1	4	5	14	7	1	5	9	4	3	5	5	7	1	0	4	16	4	0	2	5	0.19	inf
-1	0	0	-1	-3	0	1	-1	-1	0	1	-1	1	2	1	0	-1	-2	1	0	3	6	4	2	0	4	9	5	1	7	12	3	3	10	8	7	4	0	4	6	0.07	inf
0	0	0	0	-1	0	2	-2	0	-1	-1	0	-1	-1	0	3	0	-5	-1	-2	6	4	4	5	1	4	13	3	2	4	6	6	1	2	5	23	5	0	2	2	0.20	inf
1	0	-1	0	-2	0	1	-1	-1	-2	-1	1	0	-2	2	1	-1	0	0	-2	12	6	2	5	1	5	11	5	1	2	8	8	2	2	9	11	4	1	3	2	0.12	inf
1	-1	0	-2	-1	-1	0	-1	1	1	-1	-1	-1	-2	1	2	2	0	-3	-1	11	3	5	2	1	2	6	4	3	10	7	3	2	1	6	16	13	2	1	4	0.14	inf
-2	2	-1	0	-2	2	1	-1	-2	-4	-3	3	0	-1	1	2	0	-3	-2	-3	3	9	3	5	1	8	8	5	1	1	2	20	2	3	7	14	5	0	1	2	0.30	inf
0	0	-1	1	-3	0	0	0	-1	0	-2	1	-2	-1	1	2	0	-2	-3	-1	7	6	3	7	0	3	5	9	1	6	3	8	1	4	7	17	7	0	1	5	0.11	inf
-1	-2	-2	-3	-2	-2	-2	-3	2	1	4	0	2	-1	-1	-2	-1	-5	-1	0	5	3	2	2	1	1	2	2	5	9	36	5	5	3	3	3	4	0	2	7	0.38	inf
-1	0	-1	-1	-2	1	0	-2	-1	1	2	0	2	1	-1	0	0	-3	0	0	5	5	2	3	1	7	6	2	2	8	19	5	6	7	3	7	5	0	3	5	0.08	inf
-1	0	4	2	-4	0	0	-1	1	-4	-2	2	-2	-4	-2	2	0	-4	-2	-3	4	5	18	12	0	4	4	5	4	1	4	13	1	1	2	13	5	0	1	2	0.35	inf
-1	2	-2	0	-3	2	1	-2	0	-2	-1	3	1	-4	-1	1	1	-3	-1	-2	4	12	2	6	0	8	8	3	2	2	5	17	3	1	3	12	8	0	2	3	0.24	inf
-1	2	1	-1	-3	1	0	-1	1	-3	-1	2	0	-2	3	0	0	-3	-2	-2	4	13	6	4	0	7	5	4	4	1	5	12	2	2	13	6	7	0	2	3	0.24	inf
0	0	1	-2	-3	0	0	-1	-1	-1	0	0	0	0	2	2	0	-4	-1	0	8	5	7	2	0	3	6	5	2	3	8	7	2	4	10	16	5	0	2	6	0.11	inf
-1	-1	0	3	-3	0	1	-2	1	-2	-2	-1	-2	-1	2	1	0	-3	-2	-2	5	4	5	18	0	5	11	3	4	2	5	3	1	3	9	13	6	0	1	2	0.24	inf
0	0	-1	-1	-1	1	1	3	0	-2	-2	1	-1	-3	0	1	0	-3	-3	-2	8	5	3	3	1	7	8	20	2	2	5	9	1	1	5	11	6	0	1	2	0.19	inf
0	0	1	1	-2	2	0	2	0	-2	-2	0	-1	-3	1	1	0	-3	-1	-2	7	4	8	6	1	9	6	15	2	2	4	6	2	1	7	10	5	0	2	3	0.16	inf
0	-1	-1	-1	-3	1	0	-2	-1	0	1	0	1	-1	-1	0	0	-2	-2	1	7	3	2	3	0	7	6	2	1	6	17	6	4	3	4	8	7	1	1	12	0.08	inf
0	1	1	1	-2	1	1	-1	1	-3	-2	2	-3	-2	1	2	0	-5	-3	-1	9	7	6	9	1	6	9	5	3	1	4	11	0	2	6	13	5	0	1	4	0.17	inf
-1	2	-1	1	-1	-1	0	-1	1	-1	0	1	1	1	0	1	0	-2	-1	-1	4	12	2	9	1	2	6	4	3	4	8	8	4	6	5	10	5	0	2	5	0.07	inf
-1	3	0	0	-4	1	1	-2	1	-1	-1	0	0	-3	0	2	0	-3	-2	-1	4	14	3	5	0	6	10	3	3	3	8	5	2	1	5	17	5	0	1	4	0.18	inf
-1	1	1	0	-2	1	2	0	2	-1	-1	1	-1	-3	1	1	-1	-4	-1	-1	3	7	7	4	1	5	12	8	5	3	7	8	1	1	6	11	4	0	3	4	0.13	inf
0	1	0	1	-3	1	1	0	0	-2	-1	1	-2	-2	1	2	0	-3	-2	-1	6	8	3	7	0	5	9	6	2	2	7	9	1	2	7	17	5	0	1	4	0.14	inf
0	-1	0	-1	-3	0	2	-2	-1	0	0	-1	0	-1	0	2	0	-5	-2	-1	6	3	4	3	0	5	15	3	2	6	11	4	2	2	5	18	7	0	1	5	0.15	inf
0	0	0	0	-1	0	1	1	-1	-1	-2	0	-2	-3	0	2	1	-5	-2	-2	8	5	5	5	1	5	9	11	1	3	4	6	1	1	5	14	11	0	1	3	0.14	inf
0	1	0	0	-3	1	0	1	0	-2	-2	0	-1	-1	0	2	-1	0	-1	-1	9	8	5	4	0	6	5	9	2	3	5	5	1	3	4	19	4	2	2	4	0.12	inf
0	0	-1	0	-2	0	0	-1	-2	0	1	0	0	0	-1	0	1	-2	-1	0	6	4	2	7	1	3	6	4	1	5	17	6	3	4	3	9	9	1	2	9	0.04	inf
-1	1	1	-1	-2	0	1	0	4	-2	-2	1	-1	-3	2	1	-1	-2	-3	-1	6	7	6	3	1	3	7	6	10	2	5	11	2	1	10	11	4	1	0	4	0.20	inf
-1	0	-1	-1	0	-1	1	-1	-2	0	0	0	0	1	1	1	0	2	0	0	4	4	3	3	2	2	9	4	1	4	9	6	3	8	7	12	6	3	3	6	0.05	inf
0	1	-1	-1	-2	1	0	-3	-1	0	1	0	1	-2	1	1	0	-1	-1	0	7	8	3	3	1	8	7	1	1	7	13	6	3	1	7	13	4	1	2	6	0.09	inf
-1	-1	-1	-2	-4	-1	1	1	-1	-3	0	0	0	-3	5	1	-2	-6	-3	-1	4	4	3	2	0	3	8	9	1	1	9	6	2	1	27	11	2	0	1	5	0.43	inf
0	1	-1	-1	-3	2	1	0	-1	-1	-2	1	-1	-2	1	2	0	-5	-1	-1	8	6	3	4	0	10	9	7	2	3	3	8	2	1	6	17	5	0	2	4	0.16	inf
0	-1	0	0	1	1	0	0	2	-1	0	0	-1	1	-1	2	0	-4	-3	-1	7	3	4	5	3	6	6	7	5	3	8	6	1	6	3	17	6	0	0	4	0.09	inf
1	0	2	0	-2	1	0	-1	-1	-2	1	0	-2	-3	0	2	0	-5	-2	-2	10	6	12	6	1	5	5	3	1	2	13	7	1	1	4	14	7	0	1	2	0.15	inf
-1	0	3	1	-4	1	1	-1	1	-2	-2	0	0	-2	0	2	0	-3	-2	-1	5	5	12	6	0	6	9	5	3	2	5	5	3	2	4	15	6	0	1	3	0.16	inf
-1	2	-1	0	-3	1	2	-2	-1	-2	-2	3	-1	-2	1	1	0	-5	-4	-2	5	11	2	5	0	7	14	3	1	2	4	15	1	2	7	12	5	0	0	3	0.25	inf
-1	1	2	2	-5	0	1	-1	-1	-2	-2	1	-3	-3	2	1	1	-5	-2	-2	6	6	12	11	0	3	7	4	2	2	5	7	0	1	10	11	10	0	1	3	0.23	inf
-1	-1	0	0	0	-1	0	-1	-1	-1	-1	0	0	0	0	3	0	-5	-1	0	4	3	5	4	2	2	7	5	1	4	6	4	3	4	6	25	6	0	2	7	0.16	inf
0	0	0	0	-2	0	0	-1	-1	1	1	-1	0	-1	0	0	0	-2	-1	1	6	5	3	6	0	6	6	4	1	9	19	4	2	3	5	7	5	0	1	9	0.04	inf
0	0	0	0	-2	0	0	0	-1	0	0	0	0	-1	0	1	1	1	-1	0	7	7	5	5	1	3	6	7	2	4	9	5	2	3	4	10	8	2	2	10	0.03	inf
1	0	0	-2	-1	2	0	0	1	-3	-2	0	-1	-1	0	3	1	-5	0	-2	11	4	3	2	1	9	7	6	4	2	4	5	1	3	5	21	7	0	3	2	0.20	inf
-1	0	0	2	-4	0	0	-2	-1	-2	-3	0	-5	-4	5	1	-1	-6	-2	-2	5	5	5	10	0	4	6	3	2	3	3	5	0	1	29	11	3	0	1	3	0.54	inf
0	0	0	0	0	0	0	1	-1	0	0	0	0	0	2	1	0	-2	-1	0	7	4	3	4	2	3	4	10	2	5	11	4	2	3	10	10	7	0	2	7	0.05	inf
0	0	-2	-1	-1	2	2	-1	1	-1	-2	1	-1	0	1	1	-1	-3	-1	0	8	4	1	3	1	9	14	4	3	4	4	8	1	4	7	12	3	0	2	6	0.13	inf
0	2	0	1	-1	2	3	-2	0	-2	-2	0	-2	-4	1	1	-1	-5	-2	-2	7	10	4	7	1	9	17	3	2	2	4	6	1	1	7	12	4	0	1	4	0.22	inf
-1	1	0	0	-4	1	1	-1	0	-2	-1	0	-2	0	4	1	-2	-1	-3	-2	5	7	5	5	0	6	7	4	2	3	5	6	1	4	23	9	2	1	1	3	0.31	inf
1	0	0	-1	-1	-1	-1	0	-1	0	0	0	-1	-2	2	1	2	-2	-1	0	10	6	4	3	1	1	4	7	2	5	8	5	2	1	10	11	12	1	2	7	0.10	inf
0	-1	-1	1	-3	0	1	-2	0	-1	-1	-1	-2	-2	5	1	-1	-1	-2	-2	8	3	3	8	0	4	10	4	2	3	6	3	1	2	25	12	3	1	1	2	0.37	inf
0	1	0	-1	-2	0	0	-1	-1	0	1	0	1	-1	1	0	1	-4	-2	1	7	9	5	3	1	4	5	4	2	4	13	4	4	3	6	9	7	0	1	10	0.06	inf
0	2	0	1	-2	2	1	-2	0	-4	-2	0	0	-2	0	2	0	-5	-1	-2	8	11	3	7	1	11	8	3	2	1	4	6	2	2	5	17	5	0	2	3	0.22	inf
1	0	-1	1	-3	0	0	0	-1	-2	-2	0	-2	-4	3	2	1	-3	-3	-2	10	4	2	7	0	4	6	7	2	2	4	5	1	1	15	19	7	0	1	2	0.27	inf
2	-1	-2	-1	-2	0	0	1	0	-2	-1	0	1	-2	0	1	1	-4	-2	-1	18	3	1	3	1	5	5	12	2	2	7	5	4	2	4	12	8	0	1	5	0.12	inf
0	0	-1	-1	0	0	0	-1	0	0	1	0	-1	1	-1	0	0	-2	1	0	5	5	2	2	3	6	4	5	3	7	19	5	1	6	3	9	6	0	4	6	0.03	inf
-1	1	1	0	-2	0	2	-1	3	-2	-1	1	-2	-2	2	0	0	2	-2	-3	5	6	7	5	1	4	13	4	6	2	6	8	1	2	9	9	6	3	1	1	0.17	inf
-3	-1	1	-2	0	-2	-1	-1	-2	-4	-4	0	-3	-5	6	0	0	-4	-4	-3	3	3	7	3	2	1	4	5	1	1	2	7	1	1	45	6	6	0	1	2	0.99	inf
0	2	-1	-1	-2	2	1	-2	-1	-2	-1	0	-2	0	2	1	1	-2	-1	-1	6	12	2	3	1	8	7	3	1	2	6	5	1	5	11	11	7	1	2	5	0.15	inf
-1	-1	1	-1	-2	0	0	-2	-1	0	0	0	-1	-1	0	2	2	-5	-2	0	5	3	6	3	1	4	5	2	1	5	11	4	1	2	5	17	15	0	2	7	0.14	inf
0	0	-1	1	-2	0	-1	-1	-1	-2	0	-2	0	-2	0	1	3	-5	-2	0	6	6	3	8	1	4	4	3	1	2	10	2	3	2	5	13	18	0	1	6	0.15	inf
0	-1	-1	-2	-4	0	0	-2	-3	-1	-1	1	0	0	3	2	0	-3	-4	1	7	4	3	2	0	4	6	2	0	4	5	7	2	4	18	14	5	0	0	10	0.24	inf
-1	-1	-1	-1	-2	0	0	-2	-2	2	2	-1	0	-1	-2	0	0	-2	-1	1	5	4	3	3	1	3	7	3	1	11	22	4	2	3	2	5	7	0	2	11	0.10	inf
-1	0	0	-1	-2	1	1	-2	6	-3	-2	-1	-2	-1	1	0	1	-1	1	-2	4	4	4	4	1	7	11	3	22	2	4	4	1	3	6	6	7	1	4	3	0.41	inf
1	0	2	1	-4	1	0	-1	0	-2	-2	-1	-3	0	-1	1	0	-2	-1	-1	13	6	11	8	0	7	7	3	2	2	4	3	0	4	3	13	7	1	2	4	0.15	inf
0	0	0	0	-2	-2	0	0	-1	-2	-1	0	-1	-2	3	0	0	2	-2	-1	8	6	5	5	1	1	7	7	1	2	8	5	2	2	17	7	7	3	1	5	0.17	inf
-1	0	-1	-1	-4	1	2	1	0	-1	-2	2	-1	-1	0	1	-1	-4	-3	1	5	6	2	3	0	5	12	10	2	3	3	12	2	3	5	13	4	0	0	9	0.14	inf
0	1	1	2	-5	2	1	0	-1	-3	-2	0	-1	-4	1	1	-1	-5	-3	-2	7	7	5	11	0	12	8	8	1	1	3	6	1	1	8	13	4	0	1	3	0.23	inf
0	-1	1	1	-3	0	0	2	-1	-2	-2	0	-1	-1	1	1	0	-1	-2	-2	7	3	5	9	0	3	5	17	1	3	4	6	2	2	7	13	6	1	1	3	0.15	inf
0	1	0	-2	-2	1	-1	-2	0	1	1	0	1	-2	0	1	-1	-2	-1	1	7	7	5	2	0	6	4	2	3	8	13	5	4	1	4	12	3	0	1	12	0.08	inf
0	1	2	-1	-3	1	0	-2	-2	-2	-2	2	-1	-3	4	1	-1	0	-4	-1	8	6	9	4	0	7	6	2	1	3	4	12	1	1	18	9	3	1	0	4	0.29	inf
-1	2	1	0	-5	0	2	2	0	-3	-3	1	-3	-2	-1	1	-2	-5	-3	-2	5	13	6	6	0	3	13	17	2	1	3	10	0	2	3	10	2	0	0	3	0.28	inf
0	1	0	-1	-2	0	-1	0	0	-1	-1	0	-1	-2	0	2	1	-4	-2	-1	8	8	3	4	0	5	3	9	2	3	6	6	2	2	4	20	10	0	1	5	0.13	inf
0	0	0	-1	-3	1	0	-1	-2	-1	0	-1	-2	-3	1	2	2	-5	-2	0	6	4	4	2	0	8	7	6	1	3	8	3	1	1	6	16	16	0	1	7	0.17	inf
-1	0	0	1	-1	3	3	-3	-2	-2	0	1	-2	-3	1	1	-2	-2	-4	-3	4	6	5	7	2	12	18	1	1	2	10	8	1	1	7	10	2	0	0	2	0.27	inf
1	0	-1	-1	-2	2	0	-2	-3	-3	-1	2	-1	-1	1	3	0	-5	-4	-2	11	6	3	2	1	9	5	3	0	1	6	11	1	3	6	24	5	0	0	3	0.27	inf
1	-1	-1	-1	3	-1	-1	-1	-2	0	0	0	0	-1	0	2	0	-4	-1	1	13	2	3	3	8	3	3	4	0	5	8	5	2	2	5	16	5	0	2	11	0.13	inf
0	1	2	0	-5	0	-1	1	-1	-3	-3	-1	0	-2	-1	3	0	-5	-4	-2	8	9	10	6	0	5	4	10	1	1	2	4	3	2	4	24	5	0	0	2	0.28	inf
-1	-1	-1	-2	-1	-1	-1	0	-1	0	1	-1	-1	-1	1	0	2	-2	-3	1	5	3	2	2	1	3	3	9	1	6	17	3	1	2	7	8	18	1	0	8	0.14	inf
-1	-2	-1	-1	-4	-1	1	-2	0	1	0	-1	-1	0	-4	2	3	-5	-1	1	4	2	2	4	0	3	8	2	2	8	10	3	1	4	0	16	18	0	2	9	0.20	inf
0	1	0	1	-2	0	0	-1	0	0	0	0	0	-2	1	1	0	-4	-2	-1	7	7	4	7	1	4	6	4	2	8	11	4	2	2	8	15	3	0	0	4	0.08	inf
-1	0	0	0	-2	1	2	-2	3	-2	-1	1	0	1	0	2	-1	-4	0	-1	5	5	3	6	1	7	13	2	7	2	6	7	2	6	5	15	2	0	3	3	0.15	inf
-2	0	1	3	-3	1	1	1	0	-4	-2	0	-1	-2	2	1	-1	-5	-3	-1	2	5	5	16	0	5	10	10	2	1	3	6	2	2	9	12	4	0	0	5	0.24	inf
-1	1	0	0	-2	0	2	-3	0	0	-1	0	0	-1	1	0	-1	0	-1	0	4	10	4	5	1	3	18	1	2	4	5	6	3	3	7	8	3	1	1	9	0.13	inf
-1	-1	1	4	-5	1	2	0	0	-2	-2	0	-2	-3	0	0	-1	-5	-4	-2	5	3	6	22	0	7	13	9	2	3	5	4	1	1	6	7	4	0	0	3	0.29	inf
0	1	-1	-2	-1	0	0	-2	-1	1	1	0	0	0	-1	0	0	-2	-2	1	8	9	2	2	1	5	7	2	1	10	14	4	1	4	3	9	6	0	0	10	0.06	inf
-2	2	-1	1	-3	0	0	-4	-2	0	0	2	0	-1	0	0	0	0	-1	-1	2	13	3	9	0	5	5	1	1	5	11	16	2	2	4	9	5	1	2	4	0.17	inf
1	0	-1	-1	2	-1	0	0	-1	-1	-1	-1	0	-2	1	2	1	2	-1	-1	13	5	3	3	4	1	5	8	1	4	5	4	2	2	6	17	7	3	2	5	0.11	inf
-1	2	0	-1	-4	2	2	0	0	-2	-2	1	-2	-2	1	1	0	-1	-3	-2	3	12	5	3	0	10	13	6	2	2	3	10	1	1	6	12	7	1	1	3	0.21	inf
1	0	0	1	1	0	0	-1	-1	-2	-1	-1	-1	-2	1	1	2	-1	-2	-1	13	4	5	7	4	3	6	4	1	2	7	4	1	1	6	13	13	1	1	3	0.12	inf
0	0	0	-1	0	1	0	-2	1	0	-3	-1	-2	-2	5	1	0	-3	-2	-1	7	5	4	3	2	6	5	3	3	5	3	3	1	2	29	10	6	0	1	4	0.44	inf
0	-1	0	3	-5	0	1	-1	0	-4	-2	-2	-3	-2	3	1	1	-3	-4	-2	9	4	3	19	0	4	8	5	2	1	5	1	0	2	14	12	8	0	0	3	0.32	inf
0	-1	0	-1	-1	-1	0	2	1	-1	0	-1	0	-1	1	2	1	-4	-2	-1	7	4	5	2	1	2	6	15	3	3	9	3	2	3	6	15	8	0	1	4	0.11	inf
0	1	0	0	-3	0	0	1	-1	-1	-1	1	0	0	1	0	0	-1	1	-1	8	9	3	4	0	4	5	10	1	4	7	10	3	4	7	8	4	1	5	4	0.05	inf
1	2	0	0	-4	0	-1	-1	-1	-3	-2	0	-1	-1	1	2	1	-5	-2	-1	10	13	4	5	0	4	4	4	1	1	3	5	1	3	7	20	8	0	1	5	0.20	inf
-1	0	0	2	-2	-1	1	0	-3	0	0	0	-1	-2	3	0	0	-4	-1	-1	3	5	4	11	1	2	11	7	0	5	10	4	1	1	14	8	5	0	2	4	0.17	inf
-1	2	-1	-1	1	1	0	1	-2	-3	-2	2	-2	-1	3	1	-1	-2	-1	-2	5	10	3	3	3	6	6	9	0	1	4	12	1	3	14	11	2	1	2	3	0.21	inf
-1	0	1	3	-1	-1	1	1	-1	-1	-2	0	-2	-2	0	1	0	-4	-2	-2	5	6	6	17	1	2	8	12	1	3	4	4	1	2	5	13	4	0	1	2	0.17	inf
0	0	0	0	-2	0	0	0	0	0	0	0	0	-1	1	1	1	0	0	0	5	5	4	4	1	4	4	6	3	5	8	5	4	3	7	15	9	1	3	5	0.05	inf
1	0	0	1	-2	0	1	0	-2	-1	0	0	1	-1	1	1	0	-1	-3	-1	13	5	4	8	0	3	8	5	1	3	9	5	4	2	8	10	7	1	0	3	0.08	inf
0	0	0	-1	2	0	0	-1	-1	0	1	-1	0	-1	1	1	1	-3	-1	0	10	4	4	2	6	4	6	4	1	5	13	1	2	3	6	10	7	0	2	8	0.05	inf
-1	-1	0	-1	-1	0	-1	-2	-1	-2	0	0	-2	-1	5	1	-1	-2	-3	-2	6	2	4	4	1	4	3	2	2	2	8	6	1	3	31	13	4	0	0	3	0.48	inf
0	0	-1	0	-2	0	0	1	0	0	0	0	0	-1	1	1	1	-4	-2	1	4	4	2	5	0	4	7	11	3	5	8	4	2	2	6	12	10	0	0	10	0.07	inf
2	0	0	-1	-1	1	0	-1	-1	-1	0	1	0	-2	2	0	1	-4	-1	0	17	4	4	2	1	6	5	3	2	4	8	9	2	2	10	5	8	0	2	7	0.10	inf
0	-1	-1	-1	0	0	0	0	-1	-1	-1	1	0	-2	-1	2	1	-4	-3	0	7	2	2	3	2	5	5	8	1	4	6	9	2	2	2	20	11	0	0	9	0.12	inf
-1	1	-1	-1	0	2	2	-1	-2	-1	0	1	0	-1	0	0	0	-4	-1	-2	3	9	2	3	2	10	14	4	0	3	11	11	3	3	4	8	6	0	1	2	0.14	inf
-1	3	-1	2	-2	2	1	0	-3	-1	-2	0	-1	-2	1	0	-1	-4	-1	0	5	15	3	12	1	12	8	6	0	3	4	5	1	2	6	6	3	0	2	6	0.20	inf
-1	-2	0	0	-4	1	0	-1	-1	-2	0	1	0	-2	4	1	-1	-5	-4	-2	4	2	5	6	0	7	7	5	1	2	9	7	3	1	25	10	3	0	0	3	0.35	inf
0	0	0	-2	-1	3	2	-1	0	-2	-1	1	-1	-4	1	1	0	0	-2	-1	8	5	5	0	2	16	12	5	2	2	5	7	1	0	6	11	4	1	1	5	0.19	inf
-1	1	0	-1	-1	0	-1	-2	0	-4	-2	1	-2	-4	6	0	-2	-5	-1	-1	5	7	4	3	1	5	4	3	3	1	5	7	1	1	35	8	2	0	2	4	0.61	inf
1	0	0	1	-1	2	1	-1	-1	-2	-1	0	-2	-4	0	3	0	-4	-3	-1	9	4	3	8	1	9	11	5	1	1	6	4	1	0	4	22	7	0	1	5	0.20	inf
0	0	-1	0	-3	0	-1	-2	-1	1	1	0	1	1	1	0	-1	-1	-1	0	5	4	3	6	0	5	1	2	1	12	13	6	4	8	8	8	3	1	2	8	0.07	inf
0	0	0	0	2	0	-2	0	-1	1	0	-1	0	-3	1	1	1	-3	-1	0	10	5	5	5	6	4	1	5	1	12	9	1	2	0	7	11	8	0	2	5	0.08	inf
1	0	0	0	-3	1	0	-1	-1	-2	-2	0	1	-3	0	3	1	-4	0	-1	15	6	3	4	0	7	5	3	1	2	2	5	4	1	4	23	9	0	4	3	0.21	inf
-1	2	2	0	1	1	0	-1	-1	-1	-1	0	-2	-3	1	2	0	-4	-1	-1	4	11	10	5	3	7	5	5	1	3	5	6	1	1	7	16	5	0	2	4	0.14	inf
-1	-1	-1	0	1	-1	0	-2	-2	0	1	0	0	1	0	1	0	1	0	0	4	2	3	6	4	3	6	2	0	7	19	6	2	7	4	14	5	2	3	4	0.07	inf
0	0	0	-1	-1	0	0	0	0	0	1	-1	0	-1	0	1	0	-3	-2	1	6	5	5	2	1	4	6	6	2	5	21	2	2	3	3	11	5	0	0	10	0.05	inf
1	3	-2	0	-1	1	2	0	-1	-2	-1	0	-1	-1	-1	1	-1	-4	-1	-2	13	18	1	5	1	6	13	6	1	2	5	5	1	3	3	9	4	0	3	2	0.17	inf
-1	2	0	-1	-4	1	1	0	2	-1	-1	3	-3	-1	0	0	1	-2	-3	-2	3	11	3	2	0	5	8	9	6	4	6	20	0	3	4	6	8	1	0	3	0.19	inf
-2	1	0	1	-5	4	3	0	0	-4	-3	2	1	-3	-2	0	-2	-5	-2	-1	2	7	4	7	0	18	19	8	2	0	1	10	4	1	1	6	2	0	1	4	0.38	inf
1	-1	-1	2	-1	0	3	-1	0	-4	-4	-2	-3	-4	1	3	0	-1	0	-3	15	3	3	12	1	2	20	3	2	0	1	0	1	0	6	21	4	1	4	2	0.37	inf
-1	-1	-1	2	-3	-1	-1	1	-3	2	0	-2	2	-3	-1	0	0	1	-1	0	4	2	2	16	0	2	3	10	0	15	11	2	7	0	4	8	4	2	3	6	0.14	inf
0	-3	-2	-2	-2	0	1	-3	-1	2	0	-2	0	-1	0	0	1	-4	-2	3	6	0	2	2	1	4	9	1	1	15	9	2	2	3	5	6	10	0	1	21	0.18	inf
-1	1	2	0	-4	2	1	0	-2	-2	-3	2	-2	-3	-1	1	1	0	-3	-2	5	8	9	5	0	8	8	6	0	2	2	16	1	1	2	14	9	2	0	2	0.23	inf
0	-1	-2	-3	-1	-1	-1	-2	-3	2	1	-2	2	-2	-1	-1	1	-4	-1	3	10	3	2	0	1	2	4	2	0	12	12	2	7	1	4	5	9	0	2	24	0.20	inf
1	-1	1	0	-3	0	0	-1	0	-1	-1	0	-1	-2	1	1	2	-1	-3	0	15	3	5	5	0	3	4	4	2	2	6	7	1	1	5	12	18	1	0	6	0.15	inf
-1	2	0	3	-5	3	3	-2	4	-5	-4	1	-4	-5	-4	-1	-2	-5	-2	-2	4	10	3	15	0	16	20	2	12	0	1	7	0	0	0	4	2	0	1	3	0.59	inf
-1	0	0	0	-4	4	2	-2	-2	-3	-2	1	0	0	1	0	0	-4	-2	-1	5	3	4	4	0	23	14	3	0	0	4	10	3	4	6	5	6	0	1	4	0.31	inf
-1	0	-1	-2	-3	-1	-1	-3	-3	2	3	-2	1	-1	0	-1	-2	0	1	1	3	6	4	2	0	2	5	1	0	10	33	2	3	2	5	4	1	1	5	12	0.21	inf
-1	-1	0	-1	-1	-1	0	-2	4	1	1	-1	0	-1	-1	0	0	-3	1	0	3	4	4	2	2	2	8	3	12	13	15	4	1	1	3	5	7	0	6	7	0.10	inf
-1	1	0	1	2	0	5	-1	-3	-3	-2	-1	-1	2	-2	-1	-3	0	-1	-3	3	8	5	6	4	4	39	4	0	1	3	3	1	10	1	3	0	1	1	2	0.48	inf
1	0	0	-1	-2	1	0	-1	0	-1	0	1	0	-1	0	1	0	-3	-2	0	18	3	3	3	0	5	6	4	2	4	8	12	3	3	3	10	7	0	0	5	0.07	inf
0	-1	-1	-1	1	-1	-2	0	-3	3	0	-2	0	0	-1	0	-1	-3	-2	2	9	3	3	3	3	2	2	8	0	22	9	2	2	3	3	6	2	0	0	19	0.15	inf
2	0	3	-1	2	3	0	-2	-2	-3	-2	0	-3	-4	-1	2	0	-4	-3	-1	17	5	16	2	5	17	4	2	0	1	3	5	0	0	3	14	3	0	0	3	0.33	inf
-1	-2	5	0	4	-1	0	-2	0	-3	-2	-2	-3	0	0	0	-1	2	0	-2	5	1	30	4	11	3	7	2	2	1	4	2	0	5	4	8	2	3	3	2	0.39	inf
1	-1	0	-2	-3	0	-1	5	-3	-2	-3	0	-3	-2	-3	0	-1	0	-3	-2	13	4	5	1	0	5	4	43	0	2	1	6	0	2	1	6	2	2	0	2	0.53	inf
-1	-2	0	6	-4	1	2	-2	0	-4	-4	-1	-4	-4	0	0	-3	0	-4	-4	5	2	4	48	0	6	10	3	2	1	1	2	0	0	5	8	1	2	0	1	0.83	inf
-2	-3	-1	1	-3	0	2	-3	-2	-2	1	-1	-1	4	0	-2	-1	-2	2	-1	3	1	2	7	0	3	15	1	0	1	18	3	0	24	5	1	4	0	8	5	0.32	inf
-1	-1	0	2	-4	0	3	-1	3	-4	-2	-2	-1	-1	0	1	-1	-4	-1	-3	5	3	4	13	0	3	28	5	9	0	4	0	2	3	4	12	3	0	1	0	0.35	inf
2	0	-2	-1	-3	-2	0	1	-3	-3	-2	-1	-1	0	-1	1	3	-4	-3	-1	24	4	0	4	0	0	6	9	0	0	2	2	2	5	2	10	26	0	0	3	0.33	inf
1	1	-2	-2	-3	-2	-3	-3	1	0	1	-2	0	-1	0	1	-1	-2	4	0	16	10	2	2	0	0	0	0	3	6	17	0	2	0	4	11	2	0	19	5	0.25	inf
0	1	-2	-2	0	0	-2	-1	-3	0	-3	-1	1	-3	-1	2	3	1	-1	0	8	10	0	2	2	4	0	4	0	5	0	2	4	0	3	17	27	2	2	6	0.28	inf
-1	2	0	-1	0	0	0	0	-2	-1	0	2	-1	-3	0	1	1	-3	-2	-1	3	13	5	3	2	4	5	6	0	2	13	17	0	0	3	12	8	0	0	4	0.13	inf
-1	0	-1	-1	0	0	-2	-3	1	2	3	-1	2	0	-2	-1	-2	-3	-1	0	5	5	2	3	2	4	1	1	4	18	34	4	4	2	2	3	0	0	2	4	0.22	inf
0	-2	-3	-2	6	-1	-2	-1	-3	-1	1	2	0	-2	-1	-1	1	-3	-1	0	9	0	0	3	19	3	1	5	0	3	18	15	2	0	3	2	8	0	2	6	0.29	inf
-1	0	2	5	-4	0	1	-1	0	-4	-3	-1	-3	-4	0	0	-1	-4	-4	-4	5	4	7	45	0	3	9	3	2	0	2	3	0	0	4	7	3	0	0	1	0.66	inf
-1	0	-1	-1	-3	-2	-1	-2	3	-3	-2	-1	-3	-3	5	0	2	-4	-1	0	3	4	2	3	0	0	4	3	9	1	3	3	0	0	31	7	17	0	2	8	0.53	inf
-1	-2	1	2	-3	1	2	4	-1	-3	-2	-2	-3	-4	-3	1	1	-4	-3	-2	1	1	5	10	0	6	13	34	1	1	3	1	0	0	1	12	8	0	0	3	0.44	inf
0	-2	-1	-2	-2	-1	-2	0	1	1	2	0	1	2	-2	-1	-1	-2	-1	1	7	1	3	1	0	3	1	7	4	7	27	8	3	11	1	3	3	0	0	10	0.11	inf
0	-1	2	0	0	0	0	0	0	-2	-1	-1	-2	-1	2	1	1	-3	-2	-1	10	3	13	3	3	4	7	6	2	1	5	3	0	3	10	11	13	0	0	3	0.15	inf
2	-1	1	-2	3	1	-1	0	-2	-3	-3	0	-2	-3	1	2	1	1	0	-1	17	3	8	0	8	8	3	6	0	0	1	4	0	0	7	18	8	3	3	3	0.22	inf
-1	0	0	0	-3	-2	0	-2	1	1	0	-2	-1	4	-3	-1	-2	-2	0	1	3	5	6	5	0	0	8	3	5	12	10	0	0	28	0	3	0	0	0	10	0.24	inf
-1	1	0	1	-3	2	3	-1	-2	0	-2	1	-2	-3	-1	0	1	-3	-3	-1	3	9	4	7	0	8	26	3	0	9	3	6	0	0	2	7	9	0	0	3	0.22	inf
-1	-1	-3	-1	-4	-2	0	-4	-3	-3	-2	2	0	-4	6	0	-3	3	-4	-1	3	3	0	2	0	0	4	0	0	0	3	15	3	0	50	5	0	4	0	5	1.04	inf
-1	1	1	-1	-4	2	5	-2	-2	-4	-2	1	-3	-4	-1	0	-2	-4	-3	-4	3	7	8	0	0	10	47	3	0	0	4	8	0	0	3	5	0	0	0	0	0.63	inf
3	-1	2	-2	-2	0	-2	-1	1	-1	-3	1	1	-3	0	2	0	-4	-3	-2	30	3	10	0	0	3	0	3	4	4	0	8	6	0	3	22	5	0	0	0	0.29	inf
0	-1	-3	-4	1	0	-3	-4	-3	1	4	-3	3	0	0	-1	0	-3	-2	-1	6	3	0	0	3	5	0	0	0	5	51	0	9	3	4	3	7	0	0	0	0.40	inf
1	0	-1	-2	-2	0	-2	2	0	0	-1	0	-1	-3	0	2	0	-3	-2	1	11	4	0	0	0	4	0	19	4	4	7	4	0	0	4	20	3	0	0	15	0.15	inf
-1	-1	6	3	-4	-2	0	1	1	-5	-5	-2	-4	-5	0	0	-2	-5	-4	-4	4	3	49	17	0	0	3	13	4	0	0	0	0	0	4	4	0	0	0	0	0.82	inf
0	-3	-3	-3	-2	-2	1	-3	-2	1	3	-2	0	0	-1	0	1	-2	0	-1	10	0	0	0	0	0	11	0	0	8	41	0	0	3	3	8	10	0	4	0	0.23	inf
-1	1	-2	0	-3	2	1	-3	-2	1	-1	-1	-1	-3	0	1	0	-3	-2	3	0	10	0	5	0	13	10	0	0	7	5	0	0	0	4	12	4	0	0	30	0.20	inf
-2	1	-1	1	-4	1	4	-3	-2	-3	-1	0	-2	-4	0	1	0	-4	-3	-1	0	8	0	7	0	6	38	0	0	0	9	4	0	0	4	15	3	0	0	4	0.41	inf
0	-1	-2	-1	-3	-2	-2	4	3	-3	-1	-2	0	0	0	-1	-2	-3	1	-1	7	3	0	4	0	0	0	44	11	0	6	0	3	4	4	4	0	0	5	6	0.43	inf
1	-1	0	-2	-2	-1	2	-3	-1	1	1	-1	3	1	-3	0	0	-3	-2	0	15	3	4	0	0	0	19	0	1	9	10	0	16	6	0	8	6	0	0	4	0.15	inf
0	1	1	4	-4	1	0	3	-2	-4	-4	0	-3	-4	0	1	-2	-4	-3	-4	6	8	8	27	0	6	3	25	0	0	0	4	0	0	4	8	0	0	0	0	0.45	inf
-2	0	0	-3	-3	0	-2	-3	-2	0	-1	1	-1	5	-3	-1	0	7	0	-1	1	4	5	0	0	5	1	1	0	4	5	9	0	31	0	4	5	19	0	5	0.54	inf
-2	1	-1	-2	-3	2	0	-3	7	-2	-3	-1	-2	-2	0	-1	2	3	-1	0	1	7	0	1	0	10	5	1	36	0	1	1	0	0	4	1	17	5	0	10	0.56	inf
0	3	1	-1	-3	-1	-1	0	-2	-3	-3	1	-2	-3	4	1	0	-3	-3	-2	5	22	8	1	0	0	1	6	0	1	1	10	0	0	23	15	5	0	0	1	0.45	inf
-1	-2	-2	-3	-2	-2	-2	1	-2	-1	1	-2	1	4	1	0	1	-1	0	0	1	1	0	1	0	0	1	11	0	1	12	1	5	32	6	10	13	0	0	5	0.26	inf
-1	-1	1	-2	-3	3	-1	0	6	-3	-3	0	-2	-1	-3	0	-2	-1	5	-3	4	1	5	1	0	15	1	6	25	1	1	5	0	0	1	6	1	0	27	1	0.54	inf
-1	-1	-2	-2	-2	-1	-2	-2	1	1	1	1	0	4	-2	-1	0	-1	2	1	1	1	1	1	0	1	1	1	4	11	11	12	0	27	1	1	7	0	6	12	0.18	inf
0	1	-1	1	-3	2	4	-2	-1	-3	-3	1	-2	-3	-1	0	1	-3	-2	-2	5	6	1	5	0	6	47	1	0	1	2	7	0	1	1	7	8	0	1	1	0.45	inf
-2	-1	6	0	-3	1	0	1	-1	-3	-3	-1	-2	-3	1	-1	-1	-3	-3	-1	1	1	54	1	0	5	7	12	0	1	1	1	0	0	6	1	1	0	0	7	0.60	inf
1	-2	0	-2	-2	-1	-2	-2	1	0	2	-2	0	0	-2	1	-1	-2	2	1	17	1	7	1	0	1	1	1	4	1	28	1	0	0	1	11	1	0	11	14	0.13	inf
0	0	-2	0	2	-2	-2	-2	-2	2	2	-2	0	-1	-2	-2	-1	0	-1	2	5	6	1	6	5	1	1	1	0	10	34	1	0	1	1	1	1	2	1	20	0.16	inf
1	-1	0	1	-2	1	1	1	-1	-2	-2	1	-2	-3	2	2	0	-3	-2	-2	11	1	1	6	0	6	12	9	0	1	2	12	0	1	10	24	1	0	1	1	0.24	inf
-2	3	2	1	-3	1	2	-2	3	-3	-3	3	-2	-3	-2	-1	-1	-3	-2	-3	1	23	10	6	0	6	12	1	11	1	1	23	0	1	1	1	1	0	0	1	0.40	inf
-1	2	2	-1	-3	4	1	0	-1	-2	-2	1	-2	-2	1	0	-1	-2	1	-2	1	12	11	1	0	27	7	9	0	2	1	6	0	1	6	8	1	0	6	1	0.28	inf
1	-1	2	-1	0	1	-1	-1	0	-2	-1	1	-1	-2	0	3	1	-3	-2	-2	9	1	16	1	2	6	1	1	2	1	5	10	0	1	5	32	7	0	0	1	0.24	inf
-1	-1	2	3	-3	0	1	-2	-1	-2	-2	2	-2	-3	2	1	1	-3	-3	-2	1	0	16	20	0	0	6	1	0	0	6	16	0	0	10	12	11	0	0	1	0.31	inf
-1	1	0	0	-2	0	-1	-2	-2	-1	-1	0	-1	-2	5	-1	-1	-3	-2	1	3	9	6	7	0	5	1	1	0	1	7	6	0	0	31	1	1	0	0	20	0.40	inf
0	0	-2	0	-2	-1	0	-3	2	2	0	-1	0	2	-3	-2	-1	-2	-1	2	9	9	0	6	0	0	7	0	7	24	5	0	0	12	0	0	0	0	0	19	0.13	inf
-2	-1	0	-2	-3	2	-1	1	7	-3	-3	1	-2	-3	1	-1	-2	-3	-1	-1	0	0	3	0	0	14	0	14	44	0	0	8	0	0	7	0	0	0	0	6	0.64	inf
-1	0	-1	-2	-2	-1	0	2	-2	-1	-2	-1	-2	-3	1	1	3	-3	-2	1	0	6	0	0	0	0	5	16	0	0	0	0	0	0	8	14	32	0	0	14	0.27	inf
0	-2	-1	-2	-2	-2	-2	-2	-2	0	0	-2	-1	1	-2	3	4	-3	-2	-1	6	0	0	0	0	0	0	0	0	6	7	0	0	7	0	27	44	0	0	0	0.39	inf
0	-2	-2	-2	-2	-1	-1	-3	2	2	1	-2	3	1	3	-2	-1	-2	-1	1	7	0	0	0	0	0	5	0	9	15	17	0	14	8	14	0	0	0	0	7	0.22	inf
0	-3	-3	-3	-2	-2	-3	1	-2	0	3	-3	0	-1	-3	0	-1	-2	2	0	6	0	0	0	0	0	0	15	0	0	52	0	0	0	0	11	0	0	9	7	0.28	inf
0	1	5	0	-3	-1	0	-2	-1	-4	-4	2	-3	-4	-2	2	-1	-4	-3	-3	5	6	47	0	0	0	5	0	0	0	0	13	0	0	0	24	0	0	0	0	0.62	inf
0	0	-3	-3	-4	-2	-2	-3	-3	-4	-4	-2	-3	-5	8	-2	0	-5	-4	-3	8	7	0	0	0	0	0	0	0	0	0	0	0	0	79	0	6	0	0	0	1.84	inf
-1	-1	4	0	-3	0	-1	0	5	-3	-3	1	-2	-2	1	0	-1	-3	-1	-3	1	1	32	1	0	1	1	8	25	1	2	8	0	1	7	8	1	0	1	1	0.42	inf
-1	-1	-2	-2	-1	-1	-1	0	-2	1	2	-1	1	-1	-1	-1	-1	-1	-1	2	3	2	2	2	1	2	2	9	1	4	29	2	1	1	2	3	2	0	1	31	0.11	inf
-1	-1	0	1	-2	0	1	-1	7	-2	-2	-1	-1	-1	-1	-1	-1	-2	0	-2	3	2	2	9	1	2	10	3	49	2	3	2	1	1	2	3	2	0	1	2	0.58	inf
-1	-2	-2	-2	3	-2	-2	-2	-2	2	2	-2	0	-1	-2	0	0	-2	-1	2	2	1	1	1	8	1	2	2	1	16	21	2	1	1	1	9	2	0	1	28	0.15	inf
0	-1	-1	-1	-1	2	-1	-1	-1	1	0	-1	2	-1	-1	1	0	-2	-1	0	9	1	1	2	1	15	2	2	1	18	5	2	13	1	1	20	2	0	1	5	0.10	inf
1	-2	-1	-2	-2	1	-1	5	-2	-3	-3	-1	-2	-3	-2	1	1	-3	-3	-2	9	1	0	1	0	11	1	52	0	1	1	1	0	0	1	10	11	0	0	1	0.55	inf
-1	1	0	2	-3	2	3	-2	-1	-3	-2	1	-2	-3	2	0	0	-3	-2	-2	1	9	1	16	0	12	23	1	0	1	1	9	0	1	11	7	7	0	0	1	0.34	inf
-1	1	0	4	-3	-1	1	1	-2	-3	-3	-1	-2	-3	4	-1	1	-3	-3	-2	1	9	1	31	0	1	6	13	0	1	1	1	0	1	23	1	10	0	0	1	0.47	inf
5	-2	-2	-2	-2	1	-1	1	-2	-2	-2	-1	-2	-3	-2	1	0	-3	-3	-1	74	0	0	0	0	10	0	8	0	0	0	0	0	0	0	2	6	0	0	0	0.56	inf
4	-2	-2	-3	-1	-2	-2	-1	-3	-1	0	-2	-1	-2	-2	0	1	-3	-2	1	66	0	0	0	0	0	0	0	0	0	12	0	0	0	0	0	10	0	0	12	0.43	inf
1	-3	-3	-3	6	-2	-3	-3	-2	-1	0	-3	-1	-1	-3	-1	1	4	3	1	13	0	0	0	30	0	0	0	0	0	13	0	0	0	0	0	11	9	14	11	0.45	inf
-1	-2	1	-2	-2	0	-2	-3	-2	3	0	-2	0	2	-3	-1	1	-2	-1	3	0	0	11	0	0	9	0	0	0	23	0	0	0	14	0	0	13	0	0	31	0.20	inf
3	-3	-2	-2	-2	-2	-2	4	-3	-3	-3	-2	-3	-4	3	0	-1	-3	-3	-2	40	0	0	0	0	0	0	47	0	0	0	0	0	0	13	0	0	0	0	0	0.70	inf
-2	1	-1	-2	-3	-1	-1	-3	6	-3	-2	-1	-2	0	2	-2	-2	-1	5	-2	1	11	1	1	0	0	1	1	36	1	1	1	0	0	14	1	1	0	30	1	0.66	inf
-1	-2	-2	-3	-1	-2	-2	-3	-3	3	2	-2	1	-1	-2	0	0	-2	-1	3	1	1	1	1	0	0	1	1	0	28	20	1	0	0	1	14	1	0	0	30	0.24	inf
-1	5	-1	-2	-3	0	-1	0	-1	-3	-3	2	-2	-3	1	0	1	-3	-2	-3	0	47	0	0	0	0	0	7	0	0	0	17	0	0	9	7	13	0	0	0	0.50	inf
1	-2	-3	-3	-1	-2	-2	-2	-3	2	3	-2	1	0	-2	-2	-1	-2	-2	1	19	1	0	1	0	0	1	1	0	18	55	1	0	0	1	1	1	0	0	1	0.31	inf
-1	-2	-2	-2	-1	-2	-2	-2	-2	1	0	-2	2	-2	2	-1	3	-3	-2	3	1	1	0	1	0	0	1	1	0	1	1	1	11	0	13	1	30	0	0	37	0.31	inf
1	0	-1	-1	-3	5	1	-2	-1	-3	-2	3	-1	-3	-2	0	-1	-3	-2	-2	14	1	0	1	0	54	1	1	0	1	1	23	0	0	1	1	1	0	0	1	0.58	inf
0	0	-3	-3	-2	-2	-2	-3	-1	0	1	0	0	2	-3	-2	-1	0	5	1	13	7	0	0	0	0	0	0	0	0	23	7	0	6	0	0	0	0	34	11	0.29	inf
0	-2	-3	-3	-2	1	-2	-3	-2	2	3	-2	2	2	-3	-2	-1	-2	-1	0	13	0	0	0	0	13	0	0	0	13	42	0	8	11	0	0	0	0	0	0	0.25	inf
0	-2	0	3	-2	1	0	-2	-2	-2	-2	-1	2	-3	2	2	1	-4	-3	-2	9	0	0	30	0	7	0	0	0	0	0	0	11	0	13	25	7	0	0	0	0.37	inf
0	1	-1	-2	-3	-1	-1	4	-2	-2	0	2	-2	-3	-2	0	-1	-3	-3	-2	2	6	0	0	0	0	0	47	0	0	13	22	0	0	0	7	0	0	0	2	0.41	inf
-1	3	4	-1	-3	4	0	-1	0	-4	-3	0	-2	-4	-2	1	0	-3	-2	-3	0	18	29	0	0	36	0	2	0	0	0	0	0	0	0	13	2	0	0	0	0.54	inf
1	-3	0	-2	-3	-2	-2	6	-2	-4	-4	-2	-3	-4	-3	1	0	-3	-3	-3	7	0	2	0	0	0	0	74	0	0	0	0	0	0	0	11	7	0	0	0	0.92	inf
1	4	-2	-2	-2	1	0	-2	1	0	-1	0	1	-2	-2	-1	-1	-3	-2	1	14	38	0	0	0	7	6	0	3	2	0	0	8	0	0	0	0	0	0	21	0.26	inf
2	-2	-2	-1	-2	2	2	-2	-2	-3	-3	-1	-2	-4	5	1	-1	-4	-3	-2	33	0	0	0	0	11	14	0	0	0	0	0	0	0	33	9	0	0	0	0	0.66	inf
-1	2	0	3	-3	0	0	-2	5	-1	0	0	-1	-2	-2	0	-1	-3	-1	0	0	16	0	24	0	0	0	0	22	0	14	4	0	0	0	11	0	0	0	9	0.26	inf
-1	-2	1	2	-2	-1	-1	-2	-2	-1	-2	-1	-2	-3	-2	2	4	-4	-2	1	0	0	9	14	0	0	0	0	0	0	0	0	0	0	0	22	43	0	0	13	0.37	inf
2	0	-1	-2	-2	-1	-1	-2	0	-1	-1	-1	5	-2	-2	3	0	-3	-2	-1	25	6	0	0	0	0	0	0	3	0	0	0	32	0	0	34	0	0	0	0	0.34	inf
-1	2	-1	-1	-3	5	0	-2	3	-4	-3	0	-2	-4	-2	2	-1	-3	-2	-3	0	13	0	0	0	52	0	0	11	0	0	0	0	0	0	24	0	0	0	0	0.64	inf
1	-1	2	-1	-2	3	0	-1	-1	-2	-2	0	-1	-3	-2	2	1	-3	-2	0	13	0	11	0	0	27	0	0	0	0	0	0	0	0	0	30	9	0	0	11	0.30	inf
-2	5	-1	-1	-4	3	3	-3	-1	-3	-1	1	-1	-3	-2	-1	-2	-3	-2	-3	0	49	0	0	0	19	23	0	0	0	9	0	0	0	0	0	0	0	0	0	0.62	inf
-2	-1	3	2	-4	2	3	-2	-1	-3	-3	0	-2	1	2	-1	-1	-3	-2	-3	0	0	27	9	0	11	30	0	0	0	0	0	0	11	13	0	0	0	0	0	0.46	inf
0	-2	-1	-2	-2	-1	-2	1	-2	-2	0	-1	-1	-2	-2	3	3	-3	-2	-1	0	0	0	0	0	0	0	14	0	0	14	0	0	0	0	36	36	0	0	0	0.36	inf
-1	5	-1	-2	-3	0	-1	-2	-1	-2	0	1	-1	-3	-2	2	-1	-3	-2	-2	0	59	0	0	0	0	0	0	0	0	12	0	0	0	0	29	0	0	0	0	0.54	inf
0	-2	-2	-2	-1	-1	-2	-2	-2	2	0	-2	0	-1	-2	-1	2	-2	-1	4	2	1	1	1	0	1	1	1	0	1	2	1	0	1	1	1	21	0	1	62	0.23	inf
-2	-3	-3	-4	-3	-2	-3	-3	-1	-2	-2	-3	-2	1	-3	-2	2	10	4	-2	0	0	0	0	0	0	0	0	0	0	0	0	0	0	0	0	20	60	20	0	1.59	inf
-1	-1	0	2	-3	0	2	-2	6	-3	-3	-1	-2	-3	-2	2	-1	-3	0	-3	0	0	0	17	0	0	20	0	34	0	0	0	0	0	0	29	0	0	0	0	0.48	inf
1	4	-1	-2	-2	0	0	-2	-1	-3	-3	2	-2	-3	-2	1	0	-3	-2	-2	17	50	0	0	0	0	0	0	0	0	0	14	0	0	0	20	0	0	0	0	0.45	inf
-2	6	0	2	-4	0	0	-3	-1	-4	-3	2	-2	-3	-2	-1	-2	-3	-2	-3	0	74	0	17	0	0	0	0	0	0	0	9	0	0	0	0	0	0	0	0	0.74	inf
-2	0	2	4	-3	1	0	-2	0	-3	-3	2	-2	-1	-2	-1	-1	-1	3	-3	0	0	17	34	0	9	0	0	0	0	0	20	0	0	0	0	0	0	20	0	0.40	inf
0	-2	3	-1	-3	-1	-2	5	-1	-4	-4	-1	-3	-3	-2	2	-1	-3	-3	-3	0	0	21	0	0	0	0	59	0	0	0	0	0	0	0	20	0	0	0	0	0.68	inf
-1	4	-1	-1	-4	3	1	-2	-1	-3	-3	4	-2	-4	-2	-1	-1	-3	-2	-3	0	26	0	0	0	20	0	0	0	0	0	54	0	0	0	0	0	0	0	0	0.60	inf
-3	-3	-4	-5	-3	-2	-3	-3	-3	-3	-2	-3	-2	1	-4	-3	-3	11	2	-3	0	0	0	0	0	0	0	0	0	0	0	0	0	0	0	0	0	100	0	0	2.59	inf
-1	-1	-2	-2	-2	3	0	-3	-1	1	1	0	1	-1	-2	-1	-1	-2	-1	2	0	0	0	0	0	40	0	0	0	0	22	0	0	0	0	0	0	0	0	38	0.21	inf
-1	-1	5	0	5	-1	-1	-1	0	-1	-2	-1	-2	-3	-2	0	0	-4	-2	-2	0	0	71	0	22	0	0	0	0	8	0	0	0	0	0	0	0	0	0	0	0.50	inf
0	-3	-3	-3	-1	-3	-3	-4	-3	3	1	-3	1	-1	-3	-2	0	-3	-1	4	0	0	0	0	0	0	0	0	0	21	0	0	0	0	0	0	0	0	0	79	0.37	inf
-2	0	0	-1	-3	0	0	-2	8	-4	-3	-1	-2	-1	-2	-1	-2	-3	2	-3	0	0	0	0	0	0	0	0	100	0	0	0	0	0	0	0	0	0	0	0	0.99	inf
-2	-3	-3	-4	-2	-3	-3	-3	-1	1	0	-3	0	6	-3	-2	-2	1	4	1	0	0	0	0	0	0	0	0	0	0	0	0	0	65	0	0	0	0	14	22	0.52	inf
-2	0	0	-1	-3	0	0	-2	8	-4	-3	-1	-2	-1	-2	-1	-2	-3	2	-3	0	0	0	0	0	0	0	0	100	0	0	0	0	0	0	0	0	0	0	0	0.99	inf
-1	5	-1	-2	6	0	-1	-3	-1	-2	-2	1	-2	-3	-3	-1	-1	-3	-2	-2	0	67	0	0	33	0	0	0	0	0	0	0	0	0	0	0	0	0	0	0	0.61	inf
1	-1	1	0	-1	0	0	0	-1	-3	-3	0	-2	-3	-1	4	1	-3	-2	-2	0	0	0	0	0	0	0	0	0	0	0	0	0	0	0	100	0	0	0	0	0.50	inf
1	-2	-1	-1	-2	-2	-2	5	-2	-3	-3	-1	-2	-3	-2	0	1	-3	-3	-2	10	0	0	0	0	0	0	68	0	0	0	0	0	0	0	0	22	0	0	0	0.63	inf
3	-1	0	-1	-1	2	0	0	-1	-2	-2	0	-1	-3	-1	2	0	-3	-2	-1	49	0	0	0	0	22	0	0	0	0	0	0	0	0	0	30	0	0	0	0	0.31	inf
-1	-2	-2	-2	-3	-1	-1	-2	-2	-3	-3	-1	-3	-4	8	-1	-1	-4	-3	-3	0	0	0	0	0	0	0	0	0	0	0	0	0	0	100	0	0	0	0	0	2.08	inf
1	-1	0	-1	-1	-1	-1	-1	-2	0	-1	-1	-1	-2	-1	3	2	-3	-2	1	15	0	0	0	0	0	0	0	0	0	0	0	0	0	0	41	22	0	0	22	0.22	inf
3	-2	-2	-3	-1	-2	-2	-1	-2	1	0	-2	0	-2	-2	0	0	-3	-2	3	49	0	0	0	0	0	0	0	0	0	0	0	0	0	0	0	0	0	0	51	0.21	inf
-1	-2	-2	-2	-3	-1	-1	-2	-2	-3	-3	-1	-3	-4	8	-1	-1	-4	-3	-3	0	0	0	0	0	0	0	0	0	0	0	0	0	0	100	0	0	0	0	0	2.04	inf
-1	-2	-3	-3	-1	-2	-3	-4	-3	3	3	-2	2	0	-3	-2	0	-2	-1	2	0	0	0	0	0	0	0	0	0	34	54	0	0	0	0	0	11	0	0	0	0.30	inf
-1	1	0	0	-3	5	2	-2	0	-3	-2	3	-1	-3	-1	0	-1	-2	-2	-2	0	0	0	0	0	70	0	0	0	0	0	30	0	0	0	0	0	0	0	0	0.53	inf
