-1	-2	-3	-4	-2	-1	-2	-3	-2	1	2	-2	7	0	-3	-2	-1	-2	-1	0	0	0	0	0	0	0	0	0	0	0	0	0	100	0	0	0	0	0	0	0	0.64	inf
-2	-1	4	3	-4	1	4	-2	0	-4	-4	0	-3	-4	-2	0	-1	-4	-3	-3	0	0	35	24	0	0	40	0	0	0	0	0	0	0	0	0	0	0	0	0	0.64	inf
-1	-2	-2	-2	-2	1	-1	-3	-2	0	2	-1	0	-1	5	0	-1	-3	-2	-1	0	0	0	0	0	13	0	0	0	0	40	0	0	0	33	14	0	0	0	0	0.48	inf
0	-2	-3	-2	-3	-1	2	-2	-2	-3	-2	-2	-2	0	-3	-2	-2	10	1	-3	14	0	0	0	0	0	21	0	0	0	0	0	0	0	0	0	0	65	0	0	1.55	inf
-1	3	-1	0	-3	1	4	-3	-1	-1	-2	2	-2	-3	-2	-1	-1	-3	-2	-2	0	30	0	0	0	0	50	0	0	11	0	9	0	0	0	0	0	0	0	0	0.45	inf
-1	1	0	-1	-3	6	2	1	0	-3	-3	1	-1	-4	-2	0	-1	-3	-2	-3	0	6	0	0	0	74	9	11	0	0	0	0	0	0	0	0	0	0	0	0	0.64	inf
-1	-3	-2	-3	7	-2	-3	-3	-3	0	0	-2	-1	-2	-2	0	3	-3	-2	0	0	0	0	0	50	0	0	0	0	6	6	0	0	0	0	0	31	0	0	7	0.63	inf
2	-2	-2	-2	-1	-2	-2	1	-3	1	0	-2	0	-2	-2	0	1	-3	-2	3	34	0	0	0	0	0	0	9	0	0	0	0	0	0	0	0	12	0	0	45	0.21	inf
0	3	0	-1	-2	1	0	-2	3	-2	-2	1	-1	-3	-2	0	3	-3	-1	-1	9	34	0	0	0	9	0	0	12	0	0	0	0	0	0	0	36	0	0	0	0.33	inf
-3	-3	-4	-5	-3	-3	-4	-3	-3	-3	-2	-4	-2	0	-4	-3	-3	11	2	-4	0	0	0	0	0	0	0	0	0	0	0	0	0	0	0	0	0	100	0	0	2.85	inf
-2	-3	-4	-4	-2	-2	-3	-4	-3	2	4	-3	2	0	-3	-3	-1	-2	-1	2	0	0	0	0	0	0	0	0	0	0	86	0	0	0	0	0	0	0	0	14	0.51	inf
-1	1	-2	-2	-1	-2	-2	-3	-2	4	1	-1	0	-1	-2	-1	1	-2	-1	2	1	11	1	1	0	1	1	1	0	66	1	1	0	1	1	1	10	0	0	1	0.21	inf
0	1	0	2	-2	2	0	-1	2	-2	-2	0	-1	-2	-1	2	2	-2	-1	-2	1	10	1	20	0	13	1	1	9	1	1	1	0	1	1	21	17	0	0	1	0.23	inf
-1	-3	-3	-4	7	-2	-3	-3	-3	0	2	-3	2	-1	-3	-1	-1	-2	-2	0	0	0	0	0	49	0	0	0	0	0	36	0	11	0	0	4	0	0	0	0	0.64	inf
-1	2	0	2	-3	0	0	3	-1	-3	-3	3	-2	-3	-2	-1	-1	-3	-3	-3	0	12	0	14	0	0	0	36	0	0	0	38	0	0	0	0	0	0	0	0	0.43	inf
-1	-3	-3	-4	-1	-3	-3	-4	-4	2	0	-3	0	-1	-3	-2	0	-3	-2	5	0	0	0	0	0	0	0	0	0	0	0	0	0	0	0	0	0	0	0	100	0.54	inf
-2	-3	-4	-4	-2	-3	-3	-4	-3	2	4	-3	2	0	-3	-3	-1	-2	-1	1	0	0	0	0	0	0	0	0	0	9	91	0	0	0	0	0	0	0	0	0	0.55	inf
-1	-1	0	0	-3	0	3	-2	-1	-3	-3	0	-2	-4	6	0	0	-4	-3	-3	0	0	6	0	0	0	38	0	0	0	0	0	0	0	46	0	9	0	0	0	0.92	inf
0	-1	-1	-1	-2	-1	-1	-1	-2	-2	-2	-1	-2	-3	5	2	2	-3	-2	-2	1	1	1	1	0	1	1	1	0	1	1	1	0	0	42	34	14	0	0	1	0.75	inf
-1	-2	2	2	-2	-1	0	-1	-1	-3	-3	-1	-2	-3	6	1	-1	-3	-2	-2	1	1	16	18	0	1	1	1	0	1	1	1	0	0	46	11	1	0	0	1	0.81	inf
-1	1	0	-1	-3	0	0	1	5	-3	-3	3	-2	-2	-2	-1	-1	-2	0	-3	1	1	1	1	0	1	1	13	34	1	1	43	0	0	1	1	1	0	0	1	0.40	inf
-1	4	1	-1	-3	1	0	-2	-1	-3	-2	4	-2	-3	-1	0	-1	-3	-2	-2	1	39	10	1	0	1	1	1	0	1	1	41	0	0	1	1	1	0	0	1	0.47	inf
0	-2	-1	-2	-1	-1	-2	0	-2	2	0	-1	0	-1	-2	0	2	-2	-2	2	9	1	1	1	0	1	1	10	0	19	1	1	0	0	1	1	27	0	0	26	0.14	inf
0	-1	-1	-2	-1	1	-1	-2	-2	2	0	-1	0	-1	-1	0	2	-2	-1	2	9	1	1	1	0	12	1	1	0	22	1	1	0	0	1	1	28	0	0	20	0.14	inf
-1	-2	-1	0	3	1	-1	-2	-2	-1	0	-1	1	-1	-2	1	-1	7	0	-1	1	1	1	7	11	8	1	1	0	1	13	1	10	0	1	17	1	26	0	1	0.41	inf
-2	-2	0	5	-3	0	2	-2	-1	-2	-1	-1	-2	-3	3	-1	-1	-3	-3	-2	1	1	0	54	0	0	14	1	0	1	9	1	0	0	15	1	1	0	0	1	0.57	inf
0	0	0	2	-2	0	1	0	-1	-3	-3	0	-2	-3	4	2	0	-3	-2	-2	1	8	0	15	0	0	8	9	0	0	1	0	0	0	27	28	0	0	0	1	0.48	inf
2	-1	0	1	-2	3	3	-1	-1	-2	-2	0	-1	-3	-1	1	-1	-2	-2	-2	23	1	1	8	0	17	36	1	0	1	1	1	0	1	1	7	1	0	0	1	0.35	inf
0	0	-1	1	-3	2	3	0	-1	-2	-2	3	-1	-3	-1	0	-1	-3	-2	-1	8	0	0	7	0	12	24	8	0	0	1	30	0	0	0	0	0	0	0	9	0.27	inf
-1	-2	-2	-2	-2	-1	1	-3	2	1	0	-2	0	4	-3	-2	0	-1	1	1	0	0	0	0	0	0	13	0	7	6	7	0	0	39	0	0	7	0	0	17	0.24	inf
-2	-3	-4	-4	-2	-3	-4	-4	-2	2	3	-3	0	5	-4	-3	-2	-1	2	0	0	0	0	0	0	0	0	0	0	15	36	0	0	45	0	0	0	0	4	0	0.62	inf
3	2	-1	-2	-2	3	1	-1	-1	-2	-2	1	1	-2	-2	0	-1	-2	0	-2	37	11	0	0	0	24	4	0	0	0	0	9	6	0	0	4	0	0	5	0	0.30	inf
1	-1	0	3	-2	2	1	-2	-1	-2	0	1	0	-2	-2	1	0	-3	-2	-2	13	0	0	25	0	13	5	0	0	0	12	7	4	0	0	15	6	0	0	0	0.21	inf
1	-2	-1	-2	-2	-2	-2	3	-2	-1	-1	-2	-1	-2	-2	2	1	3	-2	-1	13	0	0	0	0	0	0	34	0	4	5	0	0	0	0	26	8	5	0	5	0.33	inf
-2	-3	-4	-4	5	-3	-4	-4	-4	1	4	-3	1	1	-4	-3	-2	-2	-2	0	0	0	0	0	15	0	0	0	0	0	80	0	0	4	0	0	0	0	0	0	0.72	inf
-2	4	-1	-2	-4	1	1	-3	-1	-3	-3	5	0	-4	-2	-1	-2	-4	-3	-3	0	35	0	0	0	0	6	0	0	0	0	55	4	0	0	0	0	0	0	0	0.74	inf
-2	-2	3	6	-4	0	2	-2	-1	-4	-4	-1	-3	-4	-2	0	-1	-5	-3	-4	0	0	20	60	0	0	15	0	0	0	0	0	0	0	0	5	0	0	0	0	0.90	inf
1	-3	-2	-2	-3	-3	-3	6	-3	-4	-4	-2	-3	-4	-3	-1	-2	-4	-4	-4	13	0	0	0	0	0	0	87	0	0	0	0	0	0	0	0	0	0	0	0	1.31	inf
-1	-3	-3	-4	-2	-1	-3	-4	-3	3	2	-3	0	-1	-3	-2	1	-3	-2	4	0	0	0	0	0	3	0	0	0	22	17	0	0	0	0	0	9	0	0	49	0.44	inf
-2	-3	-4	-4	-2	-3	-4	-4	-4	3	3	-3	1	1	-4	-3	-1	-3	-2	3	0	0	0	0	0	0	0	0	0	23	47	0	0	4	0	0	0	0	0	27	0.55	inf
-3	-3	-4	-5	-2	-3	-4	-5	-4	0	5	-4	1	2	-4	-4	-2	-2	-1	0	0	0	0	0	0	0	0	0	0	0	89	0	0	11	0	0	0	0	0	0	0.89	inf
-2	-5	-4	-5	10	-4	-5	-4	-5	-2	0	-5	-2	-3	-4	-3	-2	-4	-4	-2	0	0	0	0	89	0	0	0	0	0	11	0	0	0	0	0	0	0	0	0	2.23	inf
-1	3	2	0	-3	2	1	-2	-1	-3	-2	2	-2	1	-2	1	0	-2	-1	-2	1	23	10	3	0	10	9	1	0	0	1	18	0	10	0	10	2	0	0	1	0.28	inf
-2	-3	-3	-4	-2	-2	-3	-4	-3	1	4	-3	4	0	-3	-3	-2	-2	-2	1	1	0	0	0	0	0	1	1	0	0	67	0	17	2	0	1	0	0	0	7	0.65	inf
-1	-3	0	-3	-2	-2	-3	-3	-3	3	3	-2	2	-1	-3	-2	-1	-3	-2	2	4	0	9	0	0	0	1	1	0	34	32	0	4	0	0	1	0	0	0	12	0.33	inf
-3	-2	6	2	-4	1	3	-2	2	-2	-4	-1	-3	-4	-3	-1	-2	-5	-3	-4	0	0	58	8	0	7	20	0	4	3	0	0	0	0	0	0	0	0	0	0	0.88	inf
-1	2	2	-1	-3	2	0	-2	1	0	-2	3	-2	-3	-2	0	1	-4	-2	-1	2	11	15	0	0	10	0	0	3	8	0	32	0	0	0	5	11	0	0	2	0.31	inf
-2	-3	-3	-4	-2	-3	-3	-4	2	3	3	-3	1	-1	-3	-1	-2	-3	-2	2	0	0	0	0	0	0	0	0	8	23	49	0	0	0	0	7	0	0	0	13	0.46	inf
-1	2	0	-1	2	1	0	-3	-1	-1	1	1	0	-2	-2	0	-1	4	0	-1	0	12	5	3	7	9	7	0	0	0	18	13	2	0	0	10	0	8	3	3	0.17	inf
-1	0	-3	-3	-4	-2	-2	-2	-3	-2	-3	0	2	1	6	0	-2	-4	-3	-1	1	7	0	0	0	0	0	3	0	0	0	7	8	7	54	7	0	0	0	7	1.02	inf
-1	0	1	2	-4	-2	-1	4	1	-3	-3	-2	-3	2	1	-1	-2	-3	-1	-3	0	7	8	14	0	0	3	40	6	0	0	0	0	15	6	3	0	0	0	0	0.45	inf
2	-2	-1	-2	0	-1	0	0	-2	-2	-2	-1	-2	-2	0	3	2	-3	1	-1	19	0	0	0	2	0	7	3	0	0	2	0	0	0	3	39	14	0	8	2	0.34	inf
-1	-3	-3	-3	-2	-3	-3	-3	-3	4	1	0	0	2	-3	0	-1	-3	-1	2	2	0	0	0	0	0	0	0	0	37	8	7	0	13	0	12	0	0	0	21	0.34	inf
-2	0	-1	1	-4	1	2	0	2	-4	-3	2	-3	-4	4	0	-2	-4	-3	-3	0	3	0	7	0	7	20	6	6	0	2	18	0	0	23	8	0	0	0	0	0.50	inf
-2	0	1	1	-4	0	3	-3	-2	-1	-2	4	-2	-4	-2	0	-2	-4	-3	-3	0	2	6	8	0	0	26	0	0	5	5	43	0	0	0	6	0	0	0	0	0.53	inf
-2	-2	-2	0	2	-2	-2	-3	1	3	0	0	1	0	-3	0	-1	-3	1	2	0	0	0	6	6	0	0	0	5	30	6	10	5	3	0	10	0	0	5	15	0.19	inf
-2	0	5	-2	6	-2	-3	-3	-2	-2	1	-2	0	-2	-4	-1	-2	-3	2	-1	0	6	40	0	20	0	0	0	0	0	17	0	3	0	0	2	0	0	9	4	0.61	inf
0	1	-2	-1	-3	0	2	-3	-1	1	1	-1	-1	1	2	0	-1	-2	1	-1	6	12	0	2	0	2	23	0	0	10	14	0	0	8	9	5	0	0	5	0	0.15	inf
-1	4	0	-1	-4	0	2	-3	1	-4	-3	1	-2	-4	2	1	0	-4	-3	-3	2	29	4	1	0	0	18	0	5	0	2	7	0	0	11	14	7	0	0	0	0.44	inf
-1	-2	-1	-2	-3	2	0	-3	-2	-2	-1	-2	4	-3	5	1	0	-4	-3	-2	2	0	3	0	0	10	5	0	0	0	2	0	18	0	38	15	3	0	0	2	0.75	inf
0	0	-1	-1	-3	5	1	-2	1	-2	-1	1	-2	-3	-2	1	-1	-3	-2	-2	6	4	0	3	0	42	6	2	4	2	6	7	0	0	0	14	2	0	0	0	0.45	inf
-1	0	4	0	-3	-1	2	0	-1	-3	-3	-1	0	-3	-2	3	1	-4	-3	-3	2	5	27	4	0	0	13	7	0	0	1	0	4	0	0	27	8	0	0	0	0.39	inf
0	0	0	-1	-3	3	3	-3	-2	-3	-1	-1	-2	-2	1	-1	-2	6	-2	-3	11	6	5	2	0	19	22	1	0	0	6	0	0	0	8	1	0	17	0	0	0.51	inf
0	0	-2	-2	-2	0	1	-2	1	1	0	-1	-1	4	-1	0	0	3	0	-1	7	5	0	1	0	5	11	1	4	11	6	1	0	26	2	8	6	5	0	1	0.18	inf
0	0	0	2	-2	2	1	-2	-1	1	1	1	-1	-2	1	-1	-1	-3	-2	-1	6	4	5	13	0	16	6	1	0	11	20	9	0	0	6	1	1	0	0	1	0.14	inf
-2	-3	-2	0	7	-1	-2	-1	-2	-1	0	-2	3	-1	0	0	-2	-2	0	0	1	1	1	5	36	4	1	4	0	2	9	2	11	2	5	6	1	0	4	5	0.55	inf
0	-2	-1	-3	0	-2	-2	-3	-2	1	2	-2	2	2	-3	0	0	-2	-1	1	6	2	5	0	2	0	1	1	0	4	30	1	8	14	0	7	5	0	0	14	0.20	inf
0	1	0	2	-3	0	3	-2	-1	-4	-3	2	-3	-3	0	1	-1	-3	0	-3	9	8	3	12	0	0	25	0	0	0	0	17	0	0	5	14	0	0	4	0	0.38	inf
0	0	6	1	-3	-1	-1	-2	-1	-4	-4	1	-3	-3	-3	1	-1	-4	0	-3	8	5	50	5	0	2	0	1	0	0	1	8	0	0	0	12	0	0	4	0	0.71	inf
-2	-2	1	-1	2	-2	-1	-3	-3	4	2	0	3	-2	-3	-2	-2	-3	-2	0	1	1	7	3	4	0	4	1	0	40	17	8	10	0	1	1	1	0	0	1	0.36	inf
-2	4	2	1	-4	0	-1	0	-1	-4	-3	1	-3	-3	2	0	-1	-3	1	-3	1	31	13	10	0	2	2	7	0	0	1	6	0	0	11	7	2	0	7	0	0.43	inf
0	0	2	3	-3	1	1	-1	-1	-1	-1	1	-2	-2	-2	-1	0	-3	-1	0	7	4	13	23	0	5	11	4	0	5	4	8	0	0	1	1	5	0	2	6	0.20	inf
-3	-3	-3	-4	-3	-3	-3	-1	-2	2	1	-3	-1	6	-4	-1	-2	3	2	-1	1	1	0	1	0	0	1	5	0	12	14	1	0	48	1	5	1	4	6	1	0.74	inf
0	1	0	0	-3	1	0	0	2	0	2	0	-1	-2	-3	-2	-2	-3	0	-1	7	7	4	5	0	9	7	10	7	7	29	3	0	0	0	0	0	0	4	0	0.11	inf
-2	2	-1	0	-3	-1	1	-1	1	0	-1	3	-1	-1	0	0	-1	-3	-2	-2	1	15	0	6	0	0	11	4	3	9	4	28	2	4	4	8	1	0	0	0	0.24	inf
2	-3	-2	-3	-3	-2	-3	3	-3	-1	-2	-2	3	0	-3	2	1	-3	-3	1	18	0	0	0	0	0	0	22	0	2	0	0	11	5	0	17	11	0	0	14	0.35	inf
0	-1	-3	-3	7	-2	1	-3	-3	0	0	-1	-2	-2	0	-1	-2	-3	2	0	9	3	0	0	30	0	10	1	0	7	10	4	0	0	4	5	0	0	9	7	0.47	inf
0	-1	-1	0	2	2	1	1	3	-1	-1	1	-2	-2	-2	0	-1	-3	0	0	4	1	0	3	5	14	12	14	8	3	4	9	0	0	1	8	1	0	4	7	0.16	inf
1	1	-1	2	-3	-1	3	-1	2	-3	-3	0	-3	-3	-2	2	-1	-4	-2	-1	15	7	2	13	0	0	21	3	7	0	1	3	0	0	0	20	2	0	0	4	0.33	inf
1	-2	-1	2	-3	-1	-1	-1	-2	-1	-2	1	2	-2	1	2	1	-3	2	-2	11	1	1	11	0	2	1	3	0	3	1	11	6	0	7	22	9	0	9	1	0.22	inf
0	-3	-3	-3	-3	-2	0	-2	1	-1	1	-1	2	5	-3	0	0	-2	2	-2	7	0	0	1	0	1	7	3	3	3	12	3	6	35	0	6	5	0	5	1	0.41	inf
1	1	-1	0	1	0	-1	2	0	-2	-1	1	0	-3	1	-1	-2	-3	-3	-2	15	8	2	6	4	4	3	20	2	3	4	12	3	0	7	3	1	0	0	1	0.19	inf
0	0	-3	-3	-2	-1	0	-3	-3	2	3	-1	1	-2	-3	0	1	-3	-2	1	9	5	0	0	0	3	5	1	0	12	33	4	3	0	0	5	11	0	0	7	0.23	inf
0	2	0	1	-3	3	2	-2	0	-3	-1	1	0	-3	-1	-1	-1	-3	0	-3	7	15	5	7	0	15	14	1	2	1	6	10	2	0	3	3	3	0	3	1	0.26	inf
0	1	-1	-2	1	0	0	-1	-1	0	0	0	1	0	0	0	1	-2	0	1	7	9	1	1	3	5	4	3	0	7	10	8	5	3	5	6	10	0	3	11	0.04	inf
-1	0	1	1	-2	1	1	-1	-1	0	0	0	-1	-1	1	1	0	1	-2	-1	2	3	7	8	0	9	9	5	0	5	12	4	0	3	6	13	5	3	1	4	0.09	inf
0	0	1	0	-2	0	0	1	1	0	-1	0	-1	-1	-2	1	0	-2	0	0	9	3	10	5	0	4	6	10	5	5	7	3	0	2	1	12	5	0	4	8	0.06	inf
0	-1	0	-2	-3	0	0	0	0	0	-2	-1	-2	-2	4	0	0	-3	0	0	7	3	3	1	0	5	8	8	2	8	1	3	0	1	24	6	7	0	5	6	0.28	inf
0	0	0	-1	-2	0	0	0	1	1	0	-1	-1	0	3	0	0	-3	-2	-1	6	6	6	3	0	3	5	7	4	10	11	3	0	5	19	5	5	0	1	1	0.17	inf
0	1	0	-1	1	1	1	-2	-1	-1	0	1	-1	-2	1	0	0	-2	-1	1	6	9	3	2	3	7	8	1	0	1	13	9	0	1	5	9	7	0	3	12	0.08	inf
-1	1	0	-1	1	2	0	-2	0	0	-1	0	-1	0	1	1	0	-3	-2	0	1	7	5	1	3	14	6	1	3	7	6	3	0	4	6	17	6	0	1	9	0.11	inf
0	0	1	-1	-3	2	1	-1	-2	-1	-2	2	0	0	4	1	-1	-3	-2	-1	6	3	6	3	0	9	8	4	0	3	2	14	3	6	20	9	1	0	1	3	0.28	inf
-1	1	-1	-2	-3	2	-1	-2	-2	0	-1	2	-2	-1	4	0	-1	-3	0	-1	5	8	3	1	0	9	3	1	0	5	4	13	0	3	26	5	3	0	4	4	0.37	inf
0	1	2	-1	-2	1	0	-2	0	-1	0	0	0	-1	2	2	0	-3	-2	-1	7	8	10	1	0	9	5	1	3	3	8	3	2	3	10	19	3	0	1	4	0.15	inf
-1	0	1	1	-3	0	0	-2	3	-1	-1	1	0	0	1	-1	0	2	2	-1	6	3	8	7	0	5	6	1	11	3	3	12	2	4	6	3	5	3	8	3	0.14	inf
0	1	-1	0	-2	1	0	-2	0	0	0	0	1	-2	2	1	0	-2	-1	0	10	9	1	5	0	7	3	1	3	7	11	6	4	1	9	11	5	0	3	5	0.09	inf
-1	1	-1	-2	-2	-1	-1	0	0	1	-1	1	0	-1	-1	0	0	-3	0	2	3	8	3	1	0	2	3	9	3	6	1	8	3	3	3	9	7	0	3	27	0.10	inf
1	-1	-2	-2	2	1	0	0	-1	0	-2	2	0	-2	0	1	1	-3	0	-1	10	1	0	1	6	5	7	9	1	7	1	15	3	0	3	10	12	0	5	4	0.12	inf
1	0	-1	-1	-3	-1	1	-1	-2	-1	-2	0	0	-2	2	0	0	-2	3	-1	17	5	2	3	0	0	13	5	0	5	3	6	3	0	13	5	4	0	13	3	0.19	inf
0	1	0	1	-3	0	1	1	1	-2	-2	0	-2	-2	0	1	-1	-3	1	-2	5	10	3	11	0	4	8	12	5	2	3	5	0	0	4	16	3	0	5	2	0.16	inf
-1	0	-1	0	1	0	1	-2	-2	2	1	-1	0	-2	1	1	-1	-3	0	1	1	4	2	5	3	3	10	3	0	15	15	3	1	0	8	11	3	0	3	9	0.08	inf
-1	1	0	-2	-3	0	1	-1	0	-1	0	1	0	-3	2	0	1	1	-2	-1	3	8	3	0	0	3	11	6	3	5	8	8	3	0	13	7	10	3	0	3	0.15	inf
0	-1	1	1	-3	1	0	-2	1	-3	-3	0	-3	-4	3	2	2	1	-3	-1	9	3	7	10	0	5	5	2	4	0	0	6	0	0	15	15	13	2	0	3	0.30	inf
1	0	-2	-1	-2	-1	0	0	1	-1	0	-2	0	0	1	2	0	-3	-2	0	14	4	0	2	0	2	4	5	4	3	13	0	2	5	8	18	7	0	0	7	0.10	inf
-1	1	1	3	-3	1	1	-2	2	-2	-1	0	0	-2	1	0	0	-3	1	-1	5	9	5	19	0	5	6	2	7	0	5	7	3	0	8	4	4	0	5	5	0.19	inf
-2	0	-1	-2	-2	-1	0	-2	0	0	1	-2	1	1	-3	1	1	3	1	1	0	6	2	0	0	3	8	3	2	5	18	0	4	5	0	12	8	4	5	14	0.11	inf
-2	-1	-3	-2	1	-1	-1	-4	0	1	-1	-3	-2	6	-2	-1	-2	-2	2	0	3	3	0	2	3	4	5	0	2	11	5	0	0	41	2	5	2	0	6	6	0.55	inf
-3	1	0	3	-4	3	4	-1	0	-2	-3	0	-3	-4	-1	0	-1	1	-3	-4	0	6	4	17	0	15	29	4	2	2	2	3	0	0	2	8	2	3	0	0	0.51	inf
3	0	0	-1	-3	-2	0	-1	0	-3	-3	0	-1	-4	5	0	-1	-4	-3	-1	26	5	5	2	0	0	6	5	2	0	1	4	2	0	27	7	3	0	0	4	0.51	inf
0	-1	1	1	-3	2	2	0	2	-2	-2	-1	-2	1	0	0	1	-3	-2	0	7	2	8	8	0	12	12	6	5	2	1	2	0	10	5	4	9	0	0	7	0.15	inf
-2	1	-1	4	0	1	2	-2	-2	-3	-3	1	1	-1	0	1	0	-4	-1	-2	2	7	0	25	2	7	14	3	0	0	0	6	5	2	3	10	7	0	2	3	0.33	inf
-1	-3	-1	-3	-3	0	0	-4	0	0	3	-1	3	1	0	-3	0	-3	-1	0	5	0	2	0	0	3	6	1	3	4	42	5	8	5	5	0	5	0	2	4	0.32	inf
-1	1	-1	-3	-3	0	0	-1	1	-1	-1	0	-2	1	1	-1	-1	1	5	-1	5	10	3	0	0	4	8	6	2	2	7	4	0	7	6	3	4	2	23	3	0.24	inf
-1	1	0	3	1	1	3	-3	2	-3	-3	0	-3	-3	0	1	0	-3	2	-1	3	7	3	16	3	4	20	0	4	0	1	6	0	0	4	10	6	0	7	4	0.31	inf
0	0	1	0	-3	-1	-1	2	-2	-1	-1	0	0	-3	0	2	0	-3	-3	0	8	4	8	4	0	0	4	18	0	4	5	7	4	0	5	16	5	0	0	8	0.15	inf
0	1	0	0	-3	2	1	1	1	0	-1	0	0	-1	0	0	0	-3	-2	-1	6	10	5	4	0	12	8	10	3	6	5	5	3	4	4	4	6	0	0	5	0.08	inf
-1	0	2	1	1	2	1	0	2	-1	-1	0	-2	-3	0	0	0	2	-2	-2	5	5	11	10	4	11	8	6	6	4	8	4	0	0	4	6	4	4	0	0	0.15	inf
-3	-3	-1	-2	-3	-1	-1	-2	-1	2	2	-2	2	4	-2	-1	-1	1	2	0	0	0	3	2	0	3	4	2	1	11	21	2	7	21	2	4	4	2	6	4	0.32	inf
0	-1	2	-1	1	1	-1	2	1	-2	-3	-1	-3	-4	0	2	2	-4	-2	-2	7	3	11	2	3	7	4	16	4	2	1	3	0	0	4	16	12	0	1	3	0.24	inf
-1	1	0	0	-1	3	2	-1	-1	-4	-1	3	-1	-4	-1	-1	0	-4	-1	-2	3	7	4	5	2	16	16	4	1	0	5	20	2	0	3	2	5	0	2	2	0.35	inf
-1	-1	-2	-3	-3	0	0	-2	0	1	1	-2	2	1	0	0	-1	1	1	3	4	2	2	0	0	3	6	2	2	5	14	1	7	7	4	7	3	2	4	23	0.16	inf
-1	-1	-3	-1	0	2	0	-2	-3	2	2	-1	-1	-1	-1	-1	0	-3	0	1	5	3	0	3	2	13	5	2	0	13	21	2	0	3	3	5	7	0	3	10	0.14	inf
0	0	2	1	-4	1	0	-2	0	-2	-2	0	-1	-4	-3	3	1	-4	-1	-1	5	5	12	8	0	6	6	2	2	2	4	6	2	0	0	24	7	0	2	5	0.24	inf
1	0	1	-1	1	0	-1	0	-3	-1	-2	0	0	-3	0	2	2	0	0	-2	12	4	7	4	3	3	2	6	0	3	3	4	2	0	4	17	17	2	4	2	0.18	inf
-1	-1	-2	-1	0	0	-2	-1	-1	2	2	-3	-1	-1	0	-1	0	-3	0	2	5	4	2	3	2	4	2	4	2	10	28	0	0	2	4	5	4	0	4	16	0.16	inf
0	1	-2	-1	-3	0	-1	-1	0	-1	1	0	1	-1	0	1	1	-3	1	0	6	9	0	3	0	5	2	4	3	3	13	6	5	2	5	14	8	0	5	5	0.08	inf
2	1	0	-1	-1	1	0	0	0	-2	-2	-1	-3	0	1	1	0	0	-1	-1	17	10	3	3	2	7	6	5	3	2	3	3	0	4	8	10	6	1	2	3	0.13	inf
-1	0	-1	-1	0	0	-1	-1	1	0	2	-1	1	0	0	0	-1	-2	1	1	5	6	2	2	2	3	3	4	5	5	22	4	4	4	3	7	3	0	6	9	0.05	inf
0	0	2	0	-3	1	0	0	1	-1	-3	1	-3	-3	1	2	0	-4	0	-1	7	4	14	5	0	5	4	6	4	4	0	8	0	0	8	15	5	0	4	5	0.19	inf
0	0	0	0	-2	1	0	0	1	0	-1	0	1	-2	1	0	0	-2	1	0	6	6	5	6	0	5	6	6	5	6	6	6	5	0	6	6	6	0	5	6	0.02	inf
0	0	0	0	-2	0	0	-1	0	0	0	0	0	0	0	1	1	-2	0	0	8	4	5	4	0	4	6	3	2	7	7	7	2	6	5	9	9	0	3	9	0.03	inf
0	-1	0	-1	0	0	0	-1	-3	0	-1	0	0	-3	3	2	1	-4	0	-1	8	3	3	3	2	4	6	5	0	6	5	5	2	0	15	16	10	0	3	3	0.18	inf
0	1	0	0	-3	1	1	-1	0	-1	-1	1	0	-1	-1	1	1	2	-2	0	7	7	3	4	0	6	9	5	3	4	5	8	3	3	3	10	8	3	0	9	0.07	inf
-1	0	0	0	2	0	0	-1	2	-2	-1	0	1	0	0	0	0	3	1	-1	5	5	5	5	5	5	5	5	5	0	5	5	5	5	5	5	5	5	5	5	0.08	inf
-1	0	0	0	2	0	0	-1	2	0	-1	0	1	0	0	0	0	3	1	-1	5	5	5	5	5	5	5	5	5	5	5	5	5	5	5	5	5	5	5	5	0.06	inf
1	-1	0	-1	-3	-1	-1	2	-1	-1	-1	-1	0	-1	1	1	0	0	1	-1	15	3	3	3	0	3	3	16	2	4	6	4	2	2	7	8	7	1	5	4	0.11	inf
1	-1	0	-1	-3	1	0	-1	1	-1	0	0	0	-2	-1	2	1	-4	0	-1	10	3	3	2	0	7	7	5	4	4	8	5	3	1	3	19	9	0	3	4	0.12	inf
0	1	0	-3	-5	2	-1	2	0	-4	-1	0	-4	-3	4	-1	0	-5	-1	-1	6	8	4	1	0	12	3	15	2	0	7	5	0	1	21	4	6	0	2	4	0.39	inf
-1	-1	1	-3	0	-1	0	0	0	-3	-2	-2	-2	-3	2	3	2	-5	-2	-2	5	3	8	1	2	2	6	6	2	1	4	2	1	1	12	27	13	0	1	3	0.38	inf
0	0	1	2	-5	3	2	-2	0	-2	-4	0	-4	-1	1	1	-1	-5	-2	-2	8	5	6	13	0	14	12	3	2	2	1	6	0	2	7	9	4	0	1	2	0.29	inf
0	1	0	0	-5	0	-1	1	-1	-3	-4	-1	-2	0	4	1	-1	1	0	-2	8	7	4	4	0	4	5	10	2	1	1	3	1	4	22	13	4	2	3	3	0.34	inf
-1	-3	-1	-2	-5	-3	-2	-2	-1	1	1	-2	0	-1	4	0	2	-5	-2	1	5	1	3	2	0	1	3	4	2	9	13	2	3	3	21	8	12	0	1	9	0.35	inf
0	0	0	1	3	0	0	1	-1	-3	-1	1	1	-1	-1	1	0	0	-4	-2	6	4	4	9	6	4	6	11	1	1	7	7	3	2	3	13	6	1	0	3	0.12	inf
0	-2	0	1	-1	-1	-1	1	0	-2	0	-3	0	-1	3	1	0	-5	-3	1	9	2	4	7	1	3	4	12	2	1	8	1	2	3	16	9	5	0	1	9	0.20	inf
-1	3	0	-2	-6	1	1	-2	2	-2	-3	2	-2	1	0	1	-1	-5	0	-1	6	17	4	2	0	6	9	2	5	2	2	11	1	6	5	10	4	0	3	4	0.28	inf
-2	-2	-1	-2	0	-4	-2	-1	0	-3	-3	-2	-1	-2	6	1	1	0	2	-3	4	2	3	2	2	1	3	5	2	2	3	2	2	2	37	10	7	1	7	2	0.78	inf
1	0	0	-1	0	0	-1	0	-1	-3	-1	0	0	-5	-1	3	1	-6	2	-1	10	5	5	4	2	4	5	7	2	1	6	5	2	0	3	20	9	0	6	5	0.20	inf
1	-2	0	0	1	1	1	-1	0	-3	-3	-3	-1	-4	0	3	1	-1	-1	-2	10	2	5	4	3	7	10	5	2	2	3	2	1	1	6	24	7	1	3	3	0.29	inf
0	0	0	1	0	1	2	0	1	-1	0	0	-2	-1	0	0	-1	2	-1	-1	7	6	4	7	2	6	13	7	4	4	9	4	1	2	5	7	3	3	2	4	0.07	inf
0	1	1	-1	-1	3	0	-2	2	-2	-1	1	0	-1	0	2	0	-1	-1	-2	6	7	7	3	1	11	6	3	5	2	5	8	2	2	4	15	7	1	2	2	0.19	inf
0	0	0	0	-1	0	0	0	-1	0	0	0	-1	0	1	0	0	-3	-1	0	10	6	5	6	1	5	4	7	1	6	8	3	1	4	7	6	7	0	1	10	0.03	inf
0	2	0	-1	-6	1	-1	-2	0	-1	-1	-1	-1	-2	3	1	1	-6	-1	0	6	9	5	4	0	5	4	4	3	4	6	4	2	2	15	10	8	0	2	7	0.18	inf
0	0	2	0	1	0	0	-1	-4	-1	-3	0	0	-1	1	1	2	1	-1	-1	7	6	9	4	3	5	6	5	0	3	3	6	2	2	6	12	11	2	2	5	0.13	inf
-1	0	1	0	1	0	-1	-1	1	-1	-2	-1	1	2	0	0	1	2	2	-1	5	5	6	4	3	4	4	5	3	4	4	3	3	8	4	8	10	3	8	5	0.09	inf
-1	0	0	0	2	0	0	-1	2	0	-1	0	2	1	0	-1	0	3	1	-1	5	5	5	5	5	5	5	5	5	5	5	5	5	5	5	5	5	5	5	5	0.08	inf
1	-1	2	0	-1	1	0	-1	-1	-2	-2	0	-2	-2	-1	2	1	-1	-1	-1	10	3	9	5	1	6	6	5	2	2	3	6	1	1	4	19	8	1	2	4	0.16	inf
0	0	-1	-2	0	0	0	-1	-1	0	1	-1	0	1	0	1	1	-3	0	0	9	4	3	2	2	4	6	4	2	7	12	2	3	8	4	10	10	0	3	7	0.05	inf
0	-1	2	0	0	0	-1	2	1	-1	-2	-1	-1	-2	0	2	-1	0	-1	-1	6	3	11	5	2	4	3	17	3	3	3	3	2	2	6	17	4	1	2	3	0.19	inf
0	-1	-1	0	1	0	0	-1	0	-2	-2	-1	0	-1	3	2	1	-4	-1	-1	8	3	3	6	4	5	6	3	2	2	3	3	3	3	17	14	8	0	2	4	0.20	inf
0	0	0	0	-3	3	1	-1	1	-1	-1	0	1	-1	0	0	0	2	0	-1	10	4	4	6	0	15	7	3	3	3	7	6	4	3	5	6	7	3	3	4	0.11	inf
0	0	0	0	2	0	0	-1	1	0	-1	0	1	0	0	0	0	-2	1	0	5	5	5	5	5	5	5	5	5	5	5	5	5	5	5	5	5	0	5	5	0.03	inf
0	-1	0	0	-1	0	0	0	0	0	0	0	0	0	1	1	1	-3	-1	0	10	2	3	5	1	4	5	8	2	7	7	5	2	4	6	10	9	0	2	7	0.04	inf
0	-1	2	-2	0	0	-1	2	1	-2	-1	-1	-1	-1	0	1	-1	-4	2	-1	6	3	12	1	2	5	3	18	4	2	6	3	1	3	4	10	3	0	9	5	0.18	inf
0	0	0	0	-2	1	-1	0	2	-3	-3	-1	-1	-1	3	2	1	-5	0	-3	6	5	4	4	1	6	4	7	5	1	3	3	1	3	18	16	8	0	3	2	0.29	inf
-1	2	2	-1	-2	0	1	0	0	-1	-2	0	-2	-1	0	2	0	-1	-3	-2	4	12	9	3	1	4	10	9	2	4	4	5	1	3	5	16	7	1	1	3	0.15	inf
-1	-2	0	-1	-4	-1	0	0	-1	-2	-1	0	0	-3	0	2	4	-2	-2	-1	5	2	4	2	0	3	6	6	1	1	6	5	2	1	6	13	29	1	2	5	0.32	inf
0	-1	1	0	0	1	0	0	-1	-2	-2	0	-1	-2	1	2	1	-4	0	-1	7	3	6	6	2	7	7	8	1	2	3	5	1	1	8	16	9	0	3	4	0.14	inf
-1	-1	1	-1	-4	1	0	0	-1	-2	-2	1	0	0	1	2	1	-5	-2	-2	5	3	5	4	0	7	6	7	1	2	4	10	3	4	7	20	8	0	1	3	0.18	inf
-1	-1	-1	-1	-1	0	0	-1	-4	0	1	-1	2	-3	2	-1	0	-1	-2	2	5	3	4	3	1	4	6	4	0	6	17	4	5	0	11	4	6	1	2	14	0.14	inf
0	-1	-1	0	-2	1	-1	0	0	-1	-2	-1	0	-1	3	1	0	-4	0	0	8	4	3	7	1	6	3	7	3	4	4	2	2	3	16	11	7	0	3	6	0.17	inf
-1	1	0	0	-2	2	0	-1	0	-2	-4	0	-1	0	4	1	0	-5	-2	-3	4	9	4	4	1	9	7	4	2	2	1	6	1	4	20	9	7	0	1	2	0.33	inf
0	0	0	0	-2	0	-1	2	-1	-3	-3	-1	-1	-2	2	1	1	-1	-3	-2	9	6	4	6	1	4	3	19	1	2	3	3	1	2	10	13	8	1	1	3	0.22	inf
-1	1	0	0	-1	1	1	0	2	-2	-2	-1	-1	-2	2	1	0	-1	-1	-1	5	7	5	4	1	7	11	6	5	2	5	3	1	1	12	11	7	1	2	4	0.15	inf
0	-1	-1	0	-1	2	0	0	1	-1	-1	-1	-1	-1	1	1	0	-3	1	0	8	3	3	6	1	13	6	6	4	4	4	3	1	3	6	11	6	0	5	7	0.10	inf
-1	0	0	-1	-1	1	1	-1	0	-1	-1	0	-1	-2	3	2	1	-4	0	-2	5	6	5	3	1	5	8	3	2	4	7	5	2	1	14	15	7	0	3	3	0.16	inf
1	-1	0	0	0	0	0	0	-1	-2	-2	-1	-1	0	2	2	0	0	0	-2	10	3	5	4	2	5	6	7	2	2	4	4	1	4	11	16	7	1	3	3	0.13	inf
0	0	-1	-1	0	0	-1	-1	1	1	0	0	1	0	2	0	0	-3	0	0	6	4	3	3	2	4	3	5	3	8	8	4	4	3	12	8	6	0	3	9	0.07	inf
0	0	1	2	0	0	1	-1	1	-1	-2	0	0	-1	2	0	0	-4	0	-1	6	5	6	13	3	4	12	4	4	3	4	5	3	3	10	6	4	0	3	3	0.13	inf
0	0	0	0	-3	0	0	-1	1	0	-1	0	1	0	0	0	0	3	1	0	5	5	5	5	0	5	5	5	5	5	5	5	5	5	5	5	5	5	5	5	0.06	inf
0	0	0	-1	-1	0	0	-1	0	-1	-1	0	0	-1	2	1	1	-3	-1	0	6	5	3	3	1	5	6	5	2	4	7	5	3	3	11	12	12	0	2	5	0.10	inf
0	0	0	2	0	1	0	0	0	-1	-1	-1	0	-1	1	0	1	-3	-1	-1	8	5	3	11	3	9	7	9	2	3	5	3	2	2	8	6	10	0	2	3	0.10	inf
0	-1	2	1	1	0	0	0	2	-1	-1	0	1	-3	1	1	0	-3	0	-1	6	3	9	9	3	5	6	7	6	4	5	4	4	0	8	10	6	0	3	4	0.10	inf
0	0	0	0	2	0	0	-1	1	0	-1	0	1	0	0	0	0	-2	1	0	5	5	5	5	5	5	5	5	5	5	5	5	5	5	5	5	5	0	5	5	0.03	inf
0	-1	1	1	-1	0	0	0	-1	-2	-2	0	1	-1	3	1	0	-4	-3	-1	8	3	8	10	1	4	7	7	1	2	2	6	5	2	13	11	6	0	0	4	0.17	inf
-1	0	1	1	-1	1	1	1	1	-1	-2	1	-2	-1	0	0	0	-3	0	-1	5	4	7	8	1	9	11	12	3	3	3	7	1	3	4	8	5	0	4	4	0.11	inf
0	0	-1	-1	-1	1	0	0	0	0	-1	0	0	-1	2	0	0	-3	0	1	6	5	2	3	1	8	7	8	2	5	6	7	2	2	12	5	3	0	4	12	0.09	inf
-1	2	-1	-1	0	0	0	-2	-1	0	0	1	0	0	2	-1	0	-3	1	0	4	12	2	3	2	4	6	3	1	4	7	9	3	5	13	3	6	0	5	8	0.11	inf
-1	1	-2	-3	2	0	-1	-3	-2	1	0	1	1	1	-2	-1	1	0	2	1	4	11	1	0	6	5	4	0	0	8	8	9	4	7	2	2	9	1	10	9	0.13	inf
2	-4	-4	-4	2	-4	-4	-1	-2	-1	-2	-2	0	1	-4	-2	-2	0	4	4	22	0	0	0	4	0	0	4	1	2	2	2	2	6	0	2	1	1	14	36	0.61	inf
-2	4	-3	-3	-4	2	0	-3	-1	1	-2	3	-1	-4	-4	-2	-1	-4	-2	2	2	27	0	0	0	9	5	1	1	8	2	21	1	0	0	1	4	0	2	15	0.52	inf
6	-5	-4	-5	1	-4	-4	0	0	-3	-3	-4	-4	-5	-4	-1	-1	-5	-5	0	71	0	0	0	3	0	0	6	2	1	2	0	0	0	0	3	3	0	0	5	1.28	inf
-2	-1	-4	-2	-2	-1	-3	-5	-1	2	5	-1	1	-2	-5	-4	-2	-4	-3	1	3	4	0	3	1	3	2	0	1	12	53	3	3	1	0	0	2	0	0	7	0.67	inf
-2	-2	-3	-6	0	-3	-5	-4	1	-5	-3	0	-4	4	-6	-4	-5	4	8	-3	3	2	1	0	2	1	0	1	3	0	1	5	0	17	0	1	0	5	53	2	1.64	inf
-1	-2	1	7	-6	-1	-1	-3	-1	-6	-3	-2	-6	-7	1	0	-2	-7	-6	-4	4	2	6	59	0	3	2	2	1	0	2	2	0	0	6	6	2	0	0	1	1.28	inf
-5	-6	-1	-6	4	-6	-6	-6	2	-5	-2	-6	-5	6	-1	-5	-5	2	7	-5	0	0	4	0	8	0	0	0	5	0	4	0	0	27	4	0	0	2	42	0	1.82	inf
-1	-1	1	1	1	2	2	-3	1	-1	-2	1	0	-2	-1	0	1	-4	-2	1	3	2	7	7	3	8	16	0	3	4	4	10	2	1	3	5	10	0	1	10	0.19	inf
4	-2	-4	-3	-4	-2	-2	3	-4	-5	-3	-1	-1	-5	3	1	0	-5	-5	-3	31	2	0	2	0	2	2	18	0	0	2	4	2	0	17	9	5	0	0	2	0.66	inf
0	2	1	1	0	3	1	-2	0	-1	-2	-1	0	-2	-2	0	0	1	-1	-2	8	10	7	9	2	15	8	3	2	4	3	3	3	2	2	7	6	2	2	3	0.18	inf
-1	-1	3	2	0	0	2	-1	3	-2	-3	-1	-1	-1	-1	0	1	-5	-1	-2	3	4	13	10	2	4	16	5	6	2	2	3	2	2	3	8	8	0	2	2	0.26	inf
0	-1	0	4	0	0	2	-2	1	-5	-3	-1	-5	-1	3	1	-1	-6	-5	-2	6	3	4	20	2	3	16	4	3	0	3	4	0	2	14	10	4	0	0	3	0.43	inf
-2	-1	2	5	-3	0	1	2	0	-5	-5	-1	-1	-5	-4	1	1	-5	-5	-4	2	3	10	34	1	3	9	13	2	0	1	3	2	0	0	8	9	0	0	1	0.66	inf
-3	-4	-2	3	-6	0	7	-2	-2	-6	-4	-3	-4	-5	-5	-3	-2	-6	-6	-6	2	0	2	16	0	3	64	3	1	0	2	1	0	1	0	2	3	0	0	0	1.54	inf
-5	-5	-6	-4	-5	-5	-6	-6	-6	3	6	-5	1	-2	-6	-5	-4	-5	-4	-1	0	0	0	1	0	0	0	0	0	13	73	0	3	1	0	0	0	0	0	4	1.53	inf
0	-2	0	0	-4	-1	-1	-1	-4	-4	-4	0	-3	-5	1	5	2	-5	-3	-4	6	2	4	5	0	2	3	5	0	1	1	5	1	0	6	48	10	0	1	0	0.73	inf
-5	-5	-6	-6	-3	-6	-6	-6	-5	1	3	-3	0	8	-6	-5	-5	-4	-2	-1	0	0	0	0	1	0	0	0	0	6	24	2	2	58	0	0	0	0	0	4	1.72	inf
-1	3	0	0	0	2	1	-3	1	-3	-2	3	-1	-3	-1	0	0	-4	-2	-1	5	15	3	5	2	9	10	0	3	1	4	19	2	1	2	7	6	0	1	3	0.29	inf
1	2	-3	-1	-3	1	2	-3	-2	-2	-3	4	-3	-3	0	-2	-1	-5	-3	-1	14	10	1	2	0	5	15	1	1	3	2	31	0	1	5	2	3	0	1	5	0.49	inf
-3	-4	0	1	-6	-5	-3	7	0	-6	-6	-4	-6	-6	-5	-2	-3	-6	-4	-6	2	1	4	8	0	0	2	73	2	0	0	1	0	0	0	3	1	0	1	0	1.69	inf
0	-3	-2	7	-6	0	4	-5	-5	-6	-6	-4	-3	-7	-5	-3	-2	-7	-6	-6	8	1	2	55	0	4	25	0	0	0	0	0	1	0	0	1	2	0	0	0	1.57	inf
-2	0	-4	-3	-2	-1	0	-5	-1	4	1	0	0	-1	-3	-2	-1	-4	-1	3	2	6	0	1	0	2	6	0	1	30	10	6	2	2	1	2	4	0	2	21	0.44	inf
-4	-5	-6	-6	-4	-5	-6	-6	-5	5	3	-5	2	1	-6	-5	-3	-5	0	3	0	0	0	0	0	0	0	0	0	40	23	0	4	6	0	0	1	0	3	20	1.13	inf
-2	0	-1	0	0	2	2	-4	2	-1	-1	0	-1	-1	-4	-1	2	-3	2	-1	2	6	2	4	2	9	14	0	6	4	7	7	1	3	0	3	18	0	9	4	0.23	inf
-4	-5	0	-4	-3	-4	-4	-4	-3	4	1	-3	-2	-3	-5	-5	-4	-6	-4	5	0	0	6	1	1	1	1	1	1	25	13	1	1	1	0	0	0	0	0	48	1.13	inf
-2	-1	-4	-4	-1	-3	-2	-4	-1	3	3	-2	1	-1	-4	-2	0	-4	1	2	2	3	0	1	1	1	2	1	2	18	36	2	2	2	0	3	6	0	4	11	0.47	inf
-2	1	2	3	-2	1	4	-1	-1	-4	-3	0	-3	-4	-1	2	-2	-5	-3	-3	2	6	8	14	1	6	25	6	1	1	2	4	0	1	2	17	2	0	1	1	0.45	inf
-1	2	1	1	-3	2	1	-3	0	-2	-3	3	1	-3	-1	0	0	-2	-2	-1	4	9	5	7	0	11	7	1	2	2	2	24	3	1	3	6	6	0	1	5	0.31	inf
-1	-3	0	2	-2	-1	2	-1	-1	0	-2	-1	-2	-3	0	2	0	-4	-2	2	3	0	3	11	1	2	16	4	2	7	3	4	0	1	5	16	6	0	1	15	0.19	inf
-2	-2	2	5	-5	-1	3	-1	1	-5	-4	-2	-5	-3	0	0	-2	-5	0	-5	2	2	11	30	0	2	22	4	3	0	2	1	0	1	6	7	3	0	3	0	0.69	inf
-1	-1	1	3	-2	1	2	2	-2	-3	-3	0	-2	-5	1	0	-1	-5	-3	-3	4	3	8	16	1	5	16	17	1	1	2	4	1	0	9	7	3	0	1	2	0.36	inf
-3	-1	2	3	-5	-1	1	5	1	-5	-3	-1	-4	-3	-3	-1	-2	-5	-4	-4	1	3	9	17	0	2	8	40	4	0	3	3	0	1	1	3	2	0	0	1	0.73	inf
-3	-2	-6	-6	-1	-6	-6	-6	-6	-6	-6	-6	-5	-1	-6	-2	-3	12	-3	-6	2	3	0	0	1	0	1	1	0	0	1	0	0	2	0	4	2	80	0	1	3.88	inf
-4	-6	-6	-6	1	-4	-6	-4	-2	-3	0	-6	0	-1	-6	-3	-4	11	2	-5	2	0	0	0	3	1	1	1	1	1	9	0	2	2	0	2	1	64	7	1	2.89	inf
-2	3	-2	-2	-4	2	2	-4	0	-1	1	2	0	0	-3	-2	-1	2	2	-1	1	15	2	2	0	8	16	1	2	2	12	12	3	3	0	1	4	3	7	5	0.28	inf
2	-5	-3	-3	2	-4	-3	6	-2	-3	-4	-4	-4	-5	-4	-2	-3	-5	-5	0	20	0	1	1	5	0	2	53	1	1	2	0	0	0	0	2	1	0	0	8	1.08	inf
-2	3	-2	0	-2	1	3	-2	1	-2	-1	2	1	-2	-3	1	0	-4	-2	-1	2	19	1	6	1	4	18	3	3	2	5	11	3	1	0	9	5	0	1	4	0.31	inf
0	0	0	-2	2	-1	-2	-2	2	0	2	-1	2	-1	-1	0	0	-3	1	0	6	7	6	2	5	1	1	2	5	5	19	4	6	2	3	8	6	0	4	8	0.10	inf
-1	0	4	1	-2	0	0	1	2	-3	-3	1	-1	-3	-2	0	1	-4	-2	-2	4	4	20	8	1	5	5	12	5	1	3	11	2	1	2	6	8	0	1	3	0.29	inf
-2	0	0	1	-4	-1	-1	5	-4	-5	-5	-1	-4	-1	-1	1	0	-4	-1	-4	3	5	4	9	0	3	4	41	0	1	1	4	0	2	3	9	7	0	2	1	0.64	inf
-1	3	-1	-1	0	2	1	-1	1	-1	-2	2	-1	-4	1	0	-1	-4	-1	-1	3	18	2	3	3	11	7	6	3	3	3	12	2	0	6	8	3	0	2	4	0.24	inf
-1	1	-1	-1	0	2	2	-2	0	0	-2	0	0	-1	-1	0	2	0	-1	0	5	7	2	2	2	11	12	2	3	5	2	6	2	2	4	6	15	1	2	8	0.16	inf
1	-1	-1	-1	-1	1	-1	1	-2	1	-1	-1	0	-2	-1	0	1	-2	-2	1	15	1	1	1	0	15	1	15	0	15	1	1	0	1	1	1	15	0	0	15	0.10	inf
-1	-1	-1	-1	2	-1	-2	-3	0	1	0	-1	1	1	-3	0	0	7	2	-1	3	2	2	3	5	2	1	1	2	10	11	3	4	4	1	11	5	17	10	4	0.34	inf
0	-2	-2	-2	2	-2	-2	-1	-2	1	1	-2	0	3	-2	0	0	-1	1	2	7	1	1	1	5	1	1	6	0	8	9	1	0	23	1	6	6	0	5	21	0.15	inf
0	0	0	-1	-2	0	0	-1	-1	-2	-2	2	-1	-2	4	2	0	-2	-2	-2	2	1	1	1	0	1	2	2	1	1	2	26	1	1	26	27	1	0	1	2	0.39	inf
0	1	-1	-1	1	0	0	-1	1	-1	-1	-1	0	3	2	0	-1	-3	0	-1	6	8	3	3	3	3	6	4	3	3	4	4	3	16	12	8	4	0	3	4	0.14	inf
1	-1	4	-1	0	0	-1	-1	0	1	-2	-1	0	-1	-1	0	1	-4	-3	-1	12	3	24	3	2	3	4	3	2	11	3	3	2	2	3	7	8	0	0	4	0.24	inf
-1	1	-2	-2	2	-1	0	0	2	0	0	0	1	1	1	0	-1	-2	1	-1	1	8	0	0	7	0	8	8	7	8	8	8	7	7	8	8	0	0	7	0	0.09	inf
0	0	0	-2	2	1	0	0	-2	0	0	0	1	1	-2	0	0	3	-1	0	6	6	6	0	6	6	6	6	0	6	6	6	6	6	0	6	6	6	0	6	0.07	inf
0	0	0	0	2	0	0	-1	1	0	-1	0	1	0	0	0	0	3	-2	0	5	5	5	5	5	5	5	5	5	5	5	5	5	5	5	5	5	5	0	5	0.05	inf
0	0	0	0	2	0	0	-1	1	0	-1	0	1	0	0	0	0	-2	1	0	5	5	5	5	5	5	5	5	5	5	5	5	5	5	5	5	5	0	5	5	0.03	inf
-1	0	0	0	2	0	0	-1	2	0	-1	0	2	1	0	-1	0	3	1	-1	5	5	5	5	5	5	5	5	5	5	5	5	5	5	5	5	5	5	5	5	0.09	inf
0	0	0	0	-2	1	0	0	1	0	-1	0	1	0	1	0	0	-2	1	0	6	6	5	6	0	5	6	6	5	6	6	6	5	5	6	6	6	0	5	6	0.03	inf
0	0	0	0	2	0	0	-1	2	0	-1	0	1	-2	0	0	0	3	1	0	5	5	5	5	5	5	5	5	5	5	5	5	5	0	5	5	5	5	5	5	0.07	inf
0	0	0	0	-3	0	0	-1	1	0	-1	0	1	0	0	0	0	3	1	0	5	5	5	5	0	5	5	5	5	5	5	5	5	5	5	5	5	5	5	5	0.06	inf
-1	0	0	1	-4	1	2	-1	1	-1	-2	-1	1	-1	2	1	0	2	0	-1	5	4	4	10	0	7	14	4	4	3	4	3	4	3	9	10	4	3	3	4	0.14	inf
0	0	1	0	-2	1	0	0	1	0	-1	0	-1	0	1	0	0	-3	-1	0	6	6	6	6	0	6	6	6	6	6	6	6	0	6	6	6	6	0	0	6	0.05	inf
0	0	0	0	2	0	0	-1	1	0	-1	0	1	0	0	0	0	-2	1	0	5	5	5	5	5	5	5	5	5	5	5	5	5	5	5	5	5	0	5	5	0.03	inf
-1	0	0	0	0	1	1	-1	1	0	0	0	0	0	1	0	0	-2	1	0	4	3	3	5	3	6	9	4	3	5	9	5	3	4	6	7	7	0	5	7	0.03	inf
0	0	0	0	-3	0	0	-1	1	0	-1	0	1	0	0	0	0	3	1	0	5	5	5	5	0	5	5	5	5	5	5	5	5	5	5	5	5	5	5	5	0.06	inf
0	0	0	0	-3	1	1	-1	1	-1	-2	0	0	0	1	0	0	3	0	0	6	6	4	6	0	8	11	4	3	4	3	3	3	5	8	7	4	5	4	7	0.10	inf
0	0	0	0	2	0	0	-1	1	0	-1	0	-2	0	0	0	0	3	1	-1	5	5	5	5	5	5	5	5	5	5	5	5	0	5	5	5	5	5	5	5	0.06	inf
-1	0	0	0	2	0	0	-1	2	0	-1	0	2	1	0	-1	0	3	1	-1	5	5	5	5	5	5	5	5	5	5	5	5	5	5	5	5	5	5	5	5	0.09	inf
0	1	0	-1	2	1	-1	2	1	0	-2	1	0	-5	1	0	-1	2	0	-1	7	8	5	4	3	5	4	13	4	5	3	7	3	0	6	8	4	3	3	4	0.13	inf
0	0	0	0	2	0	0	-1	1	0	-1	0	1	0	0	0	0	-2	1	0	5	5	5	5	5	5	5	5	5	5	5	5	5	5	5	5	5	0	5	5	0.03	inf
0	0	0	0	2	0	0	-1	1	0	-1	0	1	0	0	0	0	-2	1	0	5	5	5	5	5	5	5	5	5	5	5	5	5	5	5	5	5	0	5	5	0.03	inf
-1	-1	-1	1	1	1	1	0	2	-1	-1	0	0	-1	1	1	-1	-5	0	-1	5	4	3	8	3	7	9	7	4	4	6	6	3	3	8	12	4	0	3	4	0.09	inf
-1	0	0	0	2	0	0	-1	2	0	-1	0	2	1	0	-1	0	3	1	-1	5	5	5	5	5	5	5	5	5	5	5	5	5	5	5	5	5	5	5	5	0.09	inf
0	0	0	0	-3	0	0	-1	1	0	-1	0	1	0	0	0	0	3	1	0	5	5	5	5	0	5	5	5	5	5	5	5	5	5	5	5	5	5	5	5	0.06	inf
0	0	0	0	2	1	0	0	1	0	-1	0	1	-2	1	0	0	-3	-2	0	6	6	6	6	6	6	6	6	6	6	6	6	6	0	6	6	6	0	0	6	0.06	inf
0	0	0	0	-2	1	0	0	1	0	-1	0	1	0	1	0	0	-2	1	0	6	6	5	6	0	5	6	6	5	6	6	6	5	5	6	6	6	0	5	6	0.03	inf
0	0	0	0	2	0	0	-1	1	0	-1	0	1	0	0	0	0	-2	1	0	5	5	5	5	5	5	5	5	5	5	5	5	5	5	5	5	5	0	5	5	0.03	inf
-1	0	0	0	2	0	0	-1	2	0	-1	0	2	1	0	-1	0	3	1	-1	5	5	5	5	5	5	5	5	5	5	5	5	5	5	5	5	5	5	5	5	0.08	inf
0	0	0	0	2	0	0	0	1	0	-1	0	1	0	1	0	0	-3	-1	0	6	6	5	6	5	5	6	6	5	6	6	6	5	5	6	6	6	0	0	6	0.03	inf
0	0	0	0	2	0	0	-1	1	0	-1	0	1	0	0	0	0	-2	1	0	5	5	5	5	5	5	5	5	5	5	5	5	5	5	5	5	5	0	5	5	0.03	inf
0	1	0	-1	-3	1	0	0	1	0	0	0	1	-1	0	0	0	-3	0	-1	5	7	4	3	0	7	7	7	5	4	12	7	4	3	4	8	6	0	3	4	0.04	inf
-1	0	0	0	2	0	0	-1	2	0	-1	0	2	1	0	-1	0	3	1	-1	5	5	5	5	5	5	5	5	5	5	5	5	5	5	5	5	5	5	5	5	0.08	inf
0	0	0	0	2	0	0	-1	1	0	-1	0	1	0	0	0	0	-2	1	0	5	5	5	5	5	5	5	5	5	5	5	5	5	5	5	5	5	0	5	5	0.03	inf
-1	0	0	0	2	0	0	-1	2	0	-1	0	2	1	0	-1	0	3	1	-1	5	5	5	5	5	5	5	5	5	5	5	5	5	5	5	5	5	5	5	5	0.08	inf
-1	0	2	1	-6	1	2	-2	2	-1	-1	1	1	-1	0	-1	-1	-6	0	-1	6	6	9	7	0	7	13	3	5	3	5	7	4	3	6	5	3	0	4	4	0.16	inf
0	0	0	0	2	0	0	-1	2	0	-1	0	1	-2	0	0	0	3	1	0	5	5	5	5	5	5	5	5	5	5	5	5	5	0	5	5	5	5	5	5	0.07	inf
-1	0	0	0	2	0	0	-1	2	0	-1	0	2	1	0	-1	0	3	1	-1	5	5	5	5	5	5	5	5	5	5	5	5	5	5	5	5	5	5	5	5	0.08	inf
-1	2	-1	0	2	0	-1	0	0	-1	0	-1	0	0	-5	-1	-1	3	2	-1	5	13	3	5	4	5	5	9	3	4	10	4	3	4	0	4	3	4	8	5	0.16	inf
-1	0	0	0	2	0	0	-1	2	0	-1	0	2	1	0	-1	0	3	1	-1	5	5	5	5	5	5	5	5	5	5	5	5	5	5	5	5	5	5	5	5	0.08	inf
-1	0	0	0	2	0	0	-1	2	0	-1	0	2	1	0	-1	0	3	1	-1	5	5	5	5	5	5	5	5	5	5	5	5	5	5	5	5	5	5	5	5	0.08	inf
0	0	0	0	2	-1	0	0	-2	0	0	0	1	1	-3	0	0	3	1	0	6	6	6	6	6	0	6	6	0	6	6	6	6	6	0	6	6	6	6	6	0.06	inf
0	0	0	0	-3	1	0	0	-1	0	0	0	1	1	-2	0	0	3	1	0	6	6	6	6	0	6	6	6	0	6	6	6	6	6	0	6	6	6	6	6	0.06	inf
-1	2	1	1	1	1	-1	-1	3	-2	-2	1	1	1	0	-1	-1	2	0	-2	6	12	7	7	3	5	4	4	7	3	5	8	4	5	4	4	4	3	4	3	0.15	inf
-2	-1	0	1	-5	1	5	-2	0	-5	-3	-1	0	0	-1	1	-1	-5	-4	-2	3	4	5	6	0	6	38	4	2	0	3	4	2	4	3	11	4	0	0	2	0.52	inf
0	0	-1	0	2	1	0	0	1	0	0	0	1	0	1	0	0	-3	-1	0	6	6	0	6	6	6	6	6	6	6	6	6	6	6	6	6	6	0	0	6	0.04	inf
0	1	0	1	-2	1	0	-1	0	0	0	0	0	0	-2	0	0	-2	0	0	6	8	3	7	0	7	5	5	3	9	8	6	4	3	0	10	5	0	4	6	0.04	inf
-1	0	0	1	0	2	2	-1	0	-1	-2	1	-2	-1	0	2	1	-3	0	-1	4	4	2	7	2	10	12	4	2	3	4	8	0	2	3	16	8	0	4	4	0.13	inf
-1	-1	0	-1	0	-1	-1	-1	-3	-1	-1	0	0	-2	-1	2	4	-4	-1	-1	5	3	5	2	2	3	2	3	0	2	5	5	2	2	3	16	33	0	2	3	0.36	inf
-2	-2	-1	-1	0	1	6	-1	0	-2	-2	0	-4	-5	-2	-1	-2	-5	-2	-1	3	2	2	2	2	5	52	4	2	3	4	6	0	0	2	3	2	0	2	4	0.77	inf
0	3	0	0	-4	1	1	2	-1	-3	-2	1	-1	-2	-3	0	-1	-4	-2	-1	5	23	5	4	0	6	8	14	1	0	4	8	1	1	0	8	4	0	1	4	0.27	inf
1	1	1	2	-3	2	1	-2	2	-2	-2	1	0	-3	-1	1	0	-4	-3	-1	11	7	6	14	0	10	8	2	7	2	2	8	3	0	2	10	4	0	0	4	0.21	inf
-3	-2	-4	-1	-4	-4	-1	-3	4	-4	-1	-4	-3	3	-2	-2	-2	-2	7	-2	2	2	0	4	0	0	4	2	8	1	5	1	0	10	2	3	2	0	49	3	1.21	inf
-2	-2	-2	-1	-3	-1	-3	-3	-1	3	0	-3	-1	-3	-1	-1	0	-4	-1	4	3	2	2	3	0	2	1	1	1	21	8	1	1	0	3	5	6	0	2	37	0.50	inf
0	0	0	0	2	1	0	0	1	0	-1	0	-1	0	1	0	0	-3	-1	0	6	6	6	6	6	6	6	6	6	6	6	6	0	6	6	6	6	0	0	6	0.04	inf
-1	0	0	3	0	1	0	-2	2	0	-1	0	1	-1	-1	0	0	-4	0	-1	4	5	4	18	3	6	6	3	5	5	5	4	5	3	3	7	7	0	4	5	0.12	inf
-4	-4	-1	-2	-4	-4	-4	-2	2	1	5	-4	1	0	-1	-2	-1	-4	0	-1	0	0	3	3	0	0	0	4	5	8	55	0	3	3	3	3	3	0	3	4	0.71	inf
-1	1	1	-1	-4	2	2	2	2	-2	-2	1	-3	-2	-2	0	-1	-4	-1	-2	3	8	6	3	0	9	16	16	7	2	5	10	0	2	2	6	2	0	2	2	0.25	inf
0	0	-1	1	1	0	0	-1	0	1	0	0	0	0	-1	0	0	-3	0	0	5	6	2	11	3	3	7	3	2	9	13	4	2	4	3	10	7	0	3	5	0.03	inf
-1	-3	-4	-3	3	-4	-4	-2	-5	3	2	-2	2	-3	-2	-1	0	0	-2	2	4	1	0	1	7	0	0	3	0	20	23	3	5	0	2	4	6	1	1	17	0.43	inf
-1	-1	-1	1	0	0	-1	-3	0	2	1	-1	0	-1	-1	0	0	-3	-1	2	3	3	3	8	3	4	3	0	3	16	13	4	2	2	2	7	6	0	1	15	0.10	inf
-2	1	2	1	-4	2	3	-2	-1	-3	-2	2	-3	-4	-2	1	-1	-5	-4	-2	2	6	12	8	0	10	17	3	1	2	5	13	0	0	1	13	4	0	0	2	0.36	inf
-1	-2	1	1	-2	0	0	1	4	-1	0	-1	-1	-1	-1	-1	0	1	0	0	5	1	6	8	1	3	5	12	15	3	9	4	1	2	2	3	6	2	4	9	0.14	inf
-5	-2	-5	-3	-5	-5	-5	-6	-1	0	-2	-5	-1	6	-3	-3	-5	3	7	-2	1	2	0	2	0	0	1	1	2	6	3	0	1	34	1	2	0	4	36	3	1.55	inf
-2	2	-3	-2	3	0	-1	-2	1	2	2	-1	3	0	-4	-1	-3	-3	1	0	3	12	0	2	6	5	3	4	3	10	22	2	10	3	0	5	0	0	4	5	0.25	inf
0	2	0	0	-1	2	0	-1	1	-2	-1	2	-1	-3	-1	0	-1	2	-3	-1	7	14	4	4	1	9	5	5	4	2	5	15	1	0	2	8	3	4	0	5	0.18	inf
0	0	0	-2	0	1	1	-1	1	-1	-3	-1	-4	-4	5	0	1	-5	0	-2	9	6	4	1	3	6	8	4	4	4	2	2	0	0	27	7	8	0	4	2	0.43	inf
-3	-3	-2	-5	2	-2	-3	-4	1	0	4	-2	5	0	-2	-3	-1	-1	-4	1	2	1	2	0	4	1	1	1	3	5	44	2	15	3	2	1	3	1	0	8	0.70	inf
0	2	0	1	-4	3	1	-2	0	-2	-1	1	0	-4	-2	0	-1	0	-4	-1	7	10	4	9	0	17	11	2	2	2	8	9	3	0	2	6	3	2	0	5	0.25	inf
-1	1	1	0	-4	1	2	-1	0	-1	-1	2	-3	-2	-1	1	0	0	-3	-1	4	7	8	5	0	7	12	4	2	3	7	14	0	2	2	12	5	1	0	4	0.16	inf
0	0	0	1	0	1	2	0	-1	-1	-1	0	0	-1	1	0	-1	2	-1	-1	6	6	3	6	2	6	14	7	1	3	5	6	3	3	8	9	2	3	2	3	0.10	inf
-1	-2	0	2	0	-1	2	2	-1	-2	-1	1	-3	-2	1	1	0	-4	-1	-1	5	2	5	10	2	2	15	14	1	2	7	7	0	2	8	9	5	0	2	4	0.17	inf
0	0	0	-1	0	0	0	0	0	0	0	0	0	0	1	0	0	-2	0	0	5	5	5	3	3	5	5	8	3	6	10	7	3	5	7	7	5	0	4	4	0.02	inf
-4	-3	-5	-5	0	-4	-2	-2	-5	3	4	-2	3	3	-3	-3	0	-4	1	0	0	1	0	0	2	0	2	4	0	15	36	3	8	11	2	1	5	0	4	6	0.58	inf
-1	0	0	0	-1	-3	0	-2	-1	0	-1	-1	-1	-1	3	2	2	-4	0	-2	4	5	5	4	1	0	6	2	1	6	5	3	1	3	14	18	16	0	3	2	0.25	inf
1	0	0	1	-4	2	2	-1	2	-2	-2	0	-2	-4	3	0	0	-5	-2	-1	10	4	4	7	0	8	17	4	5	2	3	5	1	0	14	6	6	0	1	3	0.28	inf
0	2	1	1	-4	2	2	-1	-2	-2	-1	1	-1	-4	1	0	0	-4	-2	0	8	12	6	6	0	11	12	5	0	1	5	10	1	0	6	5	4	0	1	6	0.19	inf
-2	1	1	3	0	2	3	-2	0	-1	-1	1	0	-3	-3	-1	-1	-4	-3	-1	3	6	7	17	2	9	20	2	2	4	6	7	2	1	0	4	4	0	0	4	0.29	inf
0	0	-4	-4	0	-3	-1	-2	0	3	2	0	1	1	-4	-2	-2	-3	-1	3	7	5	0	0	2	0	3	2	3	16	21	6	3	5	0	1	2	0	2	21	0.28	inf
0	2	2	1	-2	1	2	-1	1	-3	-3	2	-2	-3	-3	1	0	-1	-2	-4	9	12	9	8	1	7	12	4	4	1	2	11	1	1	1	8	6	1	1	0	0.25	inf
0	0	-1	-2	-1	0	0	1	3	0	-1	0	0	-2	-2	1	2	0	-1	0	5	4	2	1	1	4	7	10	7	7	4	6	2	1	1	14	12	2	2	7	0.11	inf
-2	-3	-2	-3	-4	-5	-5	-4	-5	5	4	-5	1	-3	-5	-3	-2	-5	-2	1	4	2	2	2	0	0	0	2	0	31	38	0	3	0	0	2	2	0	1	10	0.86	inf
-3	-4	-6	-1	-1	-6	-3	-7	-1	-5	-1	-6	-1	9	-7	-4	-4	-4	-2	-5	3	1	0	4	2	0	2	0	1	0	5	0	2	76	0	2	1	0	0	0	2.26	inf
-1	-1	-1	-2	-2	0	-2	3	-2	-2	-3	-3	-4	-2	3	3	-1	-5	1	-2	3	4	3	1	1	3	1	25	1	2	3	0	0	2	13	26	2	0	5	4	0.50	inf
-4	1	7	-1	3	-1	-1	-3	-1	-4	-5	0	-5	-6	-4	0	0	0	-2	-4	0	8	49	2	7	3	3	2	1	1	1	6	0	0	1	8	5	1	1	1	1.09	inf
-2	-1	-4	-4	-3	-3	-4	-4	0	4	2	-2	3	1	-4	-1	0	5	0	1	3	3	0	0	0	0	0	0	3	26	22	3	7	5	0	4	5	8	3	7	0.46	inf
-2	-1	0	2	1	2	4	-2	0	-4	-2	0	0	-2	1	0	-1	-5	-3	-2	2	3	3	9	4	10	31	2	2	0	4	4	2	2	6	8	4	0	0	3	0.37	inf
-2	0	-1	3	-4	0	4	-4	0	-2	-2	-1	0	-4	-1	0	1	-4	0	-2	3	5	2	18	0	3	30	0	2	2	3	3	2	0	3	6	9	0	4	3	0.42	inf
-1	-5	-6	-6	-4	-5	-5	-6	-5	5	4	-5	2	-2	-5	-5	-4	-4	1	2	5	0	0	0	0	0	0	0	0	34	40	0	5	0	0	0	0	0	5	11	1.01	inf
-1	-1	-1	-4	1	-1	-4	-3	2	3	1	-2	1	0	-4	-1	-2	0	4	1	3	4	3	0	3	2	0	1	6	20	13	3	4	2	0	5	1	1	17	10	0.36	inf
0	1	-1	2	-1	2	3	0	1	-3	-3	1	-1	-1	-1	1	-1	-1	-2	-3	6	9	1	11	1	8	19	8	3	1	1	9	2	3	3	10	2	1	1	1	0.25	inf
-1	-4	-4	-3	1	-1	-4	-5	2	1	1	-2	1	4	-4	-1	0	1	1	1	5	0	0	1	3	3	0	0	5	7	16	2	3	24	0	6	5	2	4	12	0.40	inf
-3	-1	3	-2	-6	2	-3	-5	9	-6	-6	-4	-5	-5	-3	2	-2	-5	1	-6	2	3	12	2	0	10	0	0	46	0	0	0	0	0	1	15	2	0	5	0	1.53	inf
-2	2	0	-2	-4	3	1	-4	0	-1	-1	2	0	-4	-4	2	2	-5	-4	-1	2	11	3	1	0	17	9	0	2	3	6	12	2	0	0	16	11	0	0	5	0.36	inf
-1	2	0	0	-4	1	1	-1	2	1	-2	2	-1	-2	-2	0	-1	1	-1	-1	3	11	5	5	0	6	9	4	6	10	3	16	2	2	1	7	4	2	2	3	0.13	inf
-5	-3	-1	-6	-5	-3	-5	-4	0	0	3	-2	-1	6	-6	-3	-4	0	0	-1	0	1	3	0	0	1	0	1	2	5	33	2	1	42	0	2	0	1	2	3	1.08	inf
-1	-4	-1	-5	2	-2	-3	-5	-2	0	4	-3	0	1	-5	-1	-3	0	2	0	4	0	4	0	5	2	1	0	1	4	53	1	2	4	0	4	1	1	6	6	0.66	inf
0	2	-1	2	-4	2	2	-1	1	-1	-3	2	-3	-3	2	0	0	-5	-2	-3	8	10	2	10	0	12	12	3	4	4	1	11	0	1	11	5	4	0	1	1	0.30	inf
1	0	-1	2	-4	0	3	1	-1	-3	-3	-1	-1	-4	-3	1	0	-4	-1	-2	15	6	2	13	0	4	20	11	1	1	2	3	1	0	0	8	7	0	2	2	0.30	inf
-5	-6	-7	-7	-5	-6	-3	-5	-7	2	6	-2	3	-1	-7	-6	-5	-6	-5	-1	0	0	0	0	0	0	2	1	0	10	74	2	5	2	0	0	0	0	0	3	1.52	inf
-2	0	-1	0	1	2	5	-3	-1	-1	-2	2	-1	-2	-5	-1	-2	-6	-5	-3	2	5	3	3	3	7	46	2	1	4	4	10	1	2	0	4	2	0	0	1	0.72	inf
-1	0	1	2	-2	2	3	-1	0	-2	-2	2	-2	-4	1	0	-1	-4	0	-2	4	4	6	11	1	11	18	5	2	2	3	12	1	0	6	7	2	0	3	2	0.26	inf
1	4	1	-2	4	-1	-2	-2	-3	-1	-1	-1	-2	-3	-1	-1	0	-4	1	-1	11	27	7	2	11	2	1	2	0	4	7	3	1	0	4	4	4	0	6	5	0.35	inf
-1	1	0	-3	1	-1	-2	-2	-1	1	2	-1	2	-1	-2	-1	0	0	-1	1	5	10	4	0	3	3	2	2	1	10	21	4	7	2	1	4	5	1	2	13	0.14	inf
-1	1	0	1	-2	3	1	-3	0	-2	-1	3	0	-4	-1	1	-1	-4	-2	-2	6	7	5	8	1	12	9	1	2	2	5	21	2	0	2	10	4	0	1	2	0.28	inf
-1	-1	1	1	1	0	1	-2	0	-1	0	-1	1	0	0	0	0	-3	1	0	4	3	7	9	4	5	10	1	3	2	12	2	4	3	4	8	6	0	7	6	0.07	inf
-3	-2	1	0	-5	0	0	-1	-4	-2	-3	-2	-1	-3	5	0	-2	8	-2	-2	1	2	6	6	0	4	6	4	0	3	3	2	2	1	26	9	2	20	1	4	0.83	inf
-1	-2	0	3	0	-1	2	0	1	-1	-2	-1	-3	-3	2	-1	-1	-4	-1	0	4	1	5	17	2	2	18	8	3	4	4	3	0	0	10	4	3	0	2	8	0.24	inf
1	-1	0	1	-1	-1	1	0	0	0	-1	-1	-2	-1	1	2	1	0	-1	0	10	3	3	8	1	1	10	6	2	6	4	3	0	2	7	17	7	1	2	6	0.09	inf
-1	0	1	0	-1	2	0	-1	2	0	-1	1	-1	-1	-1	0	0	-3	-1	0	5	3	7	5	1	14	4	4	6	6	6	7	1	2	3	6	7	0	2	10	0.08	inf
-2	-1	0	0	0	4	1	-2	2	-2	-2	0	-2	-1	2	1	-1	2	-2	-1	2	2	5	5	2	22	7	3	4	3	3	6	0	3	11	10	3	3	0	4	0.29	inf
-1	2	0	1	0	1	1	-2	-1	-1	0	1	0	-3	-1	1	1	-3	-3	-2	3	15	4	7	2	6	10	3	2	2	9	9	3	0	3	10	8	0	0	2	0.16	inf
-3	-5	-5	-5	-4	-3	-3	-5	-5	5	2	-3	1	-3	-5	-4	-3	-1	-4	4	2	0	0	0	0	1	2	1	0	39	21	2	3	0	0	1	0	1	0	27	1.05	inf
2	-2	-2	-4	3	-3	-2	6	-2	-3	-3	-4	-5	-5	-1	-1	-4	-5	-1	-5	14	2	1	0	6	1	2	58	1	1	2	0	0	0	3	4	0	0	3	0	1.12	inf
0	0	0	5	-2	2	1	-1	2	-3	-4	0	-1	-5	-1	1	-2	-5	-3	-4	8	6	3	31	1	8	7	5	5	2	1	4	2	0	3	10	1	0	1	0	0.47	inf
-2	-4	-4	-1	6	-4	-1	-1	-5	3	2	-4	-2	-2	-3	-2	-1	-4	-4	3	2	0	0	4	18	0	5	5	0	19	16	0	0	1	1	2	3	0	0	22	0.63	inf
-5	-5	-6	-6	-5	-6	-6	-6	-5	0	3	-6	1	7	-6	-5	-2	0	0	0	0	0	0	0	0	0	0	0	0	4	25	0	2	54	0	0	3	1	2	5	1.53	inf
-2	-2	-4	-3	-4	0	0	-3	-1	1	4	-3	1	1	-4	-2	-2	0	-1	2	3	2	0	1	0	6	6	1	1	8	41	0	3	7	0	3	2	1	1	13	0.42	inf
0	1	1	1	-4	2	2	-1	0	-4	-4	4	-3	-3	-3	0	-1	-4	0	-4	8	8	5	9	0	9	14	4	2	1	0	25	0	1	0	6	3	0	3	0	0.43	inf
-2	0	1	-3	-4	-1	0	-3	5	-1	2	-2	1	2	-4	-1	-3	4	3	-3	2	5	8	0	0	2	5	1	17	4	19	2	4	9	0	6	0	6	9	0	0.44	inf
2	-1	-3	-3	1	0	-1	-1	-3	0	1	0	1	2	-2	0	-1	-3	-2	0	19	3	0	0	4	6	4	5	0	5	13	7	4	11	1	9	2	0	0	7	0.12	inf
-1	-1	0	2	-4	0	3	-1	1	-4	-2	0	-3	-1	3	1	-2	-4	-3	-2	5	3	3	11	0	4	22	5	3	0	5	4	0	3	18	11	1	0	0	2	0.39	inf
0	2	-1	1	-2	2	1	0	2	-3	-2	1	-3	1	0	0	-1	-3	0	-3	7	12	2	8	1	12	8	8	6	1	2	10	0	6	5	4	2	0	3	0	0.21	inf
-3	-5	-5	-5	-4	-5	-4	-5	0	-1	4	-5	4	6	-1	-3	-3	-3	0	-3	2	0	0	0	0	0	1	0	2	3	34	0	9	37	4	2	1	0	2	0	1.10	inf
-1	1	-1	-1	-1	2	1	0	0	-2	0	3	0	1	-2	-1	-2	-3	-2	-1	2	6	3	2	2	10	11	7	3	2	10	23	2	8	1	4	1	0	1	3	0.20	inf
0	0	1	2	-1	1	1	0	1	-2	-1	1	-2	-2	0	0	-1	-1	-2	-1	6	6	5	14	1	7	11	6	5	1	7	8	0	2	4	8	2	1	1	3	0.13	inf
-1	-3	-2	-3	-3	-1	-3	-3	-1	3	1	-2	3	-2	1	-1	1	-3	-2	3	4	1	1	1	0	3	1	1	1	17	13	2	10	1	6	4	11	0	1	24	0.35	inf
-3	-6	-6	-7	-6	-5	-6	-6	1	-5	-5	-6	-5	2	-6	-4	-6	3	9	-5	3	0	0	0	0	0	0	0	3	0	0	0	0	6	0	1	0	4	81	0	2.82	inf
0	-1	-1	-1	-3	1	0	1	-1	0	-1	0	0	-3	-1	1	1	-4	-3	1	9	2	1	2	0	9	6	12	1	8	5	7	3	1	2	12	10	0	0	10	0.12	inf
0	1	-1	-1	-3	1	2	0	-2	0	-1	0	-1	-3	0	0	1	-4	-3	0	9	8	2	2	0	8	16	8	0	6	5	6	1	0	4	8	8	0	0	8	0.14	inf
-4	-6	-7	-8	-7	-6	-7	-7	1	-5	-2	-7	-5	5	-8	-6	-6	2	9	-5	2	0	0	0	0	0	0	0	3	0	4	0	0	23	0	0	0	2	67	0	2.55	inf
-1	-6	-5	-6	9	-5	-5	-2	-3	0	0	-5	-4	-2	-5	0	-3	1	0	3	6	0	0	0	43	0	0	4	1	4	7	0	0	2	0	8	1	2	3	18	1.33	inf
1	0	3	0	-2	1	0	-2	-2	-1	-2	2	0	-3	-3	2	0	0	-1	-2	10	5	14	4	0	5	4	1	0	4	4	14	2	1	0	21	5	2	2	2	0.25	inf
-3	1	6	1	-2	1	-1	0	2	-4	-3	0	-4	-3	-4	0	-2	-5	-1	-5	1	7	44	6	1	6	3	8	5	1	2	4	0	1	0	7	1	0	2	0	0.82	inf
-3	-1	-3	-4	-5	3	-1	-5	7	-3	-2	0	-2	3	-5	-2	-3	-4	4	0	1	3	0	0	0	16	3	0	31	1	4	5	1	14	0	2	1	0	12	6	1.00	inf
-2	-3	1	3	-4	1	2	-3	-1	-3	-1	0	-3	-5	4	1	1	-5	-3	-2	1	0	6	15	0	6	14	1	1	1	6	6	0	0	19	10	9	0	1	3	0.44	inf
0	2	2	1	-4	1	1	-1	1	-2	-3	2	-1	0	-2	1	0	-3	2	-1	6	11	12	7	0	4	8	3	3	2	1	13	1	4	1	9	4	0	8	4	0.19	inf
5	-4	-3	-4	1	0	-4	-1	-4	-1	-4	-4	-4	-1	-2	3	0	-5	-2	-1	51	0	1	0	3	4	0	3	0	3	1	0	0	3	1	21	5	0	1	4	0.83	inf
-1	-1	-1	-2	-1	0	0	-2	-1	2	2	0	2	-1	-3	-2	-1	-4	-1	2	4	2	3	2	1	6	7	2	1	13	21	8	7	1	1	1	2	0	2	17	0.20	inf
1	0	1	-1	-4	2	2	-2	-1	-3	-3	3	-1	-2	-2	2	0	-4	-1	-3	11	3	6	3	0	9	16	2	1	2	1	17	1	2	1	19	4	0	2	0	0.35	inf
0	-1	-1	-3	-3	-1	-1	-3	-3	1	2	-2	1	0	-2	-1	1	-3	1	2	6	4	2	0	0	3	3	1	0	7	27	2	4	4	1	5	11	0	5	14	0.20	inf
0	-5	-6	-6	-4	-5	-5	-6	-5	2	5	-5	1	1	-3	-5	-4	2	0	1	8	0	0	0	0	0	0	0	0	11	56	0	3	5	1	0	0	3	3	8	0.96	inf
0	1	1	-1	-1	1	2	-2	-1	-2	-1	2	-1	-4	-3	1	1	-4	-2	-2	9	6	6	2	2	7	15	1	1	2	6	17	1	0	0	12	10	0	1	2	0.25	inf
-1	1	-1	0	-5	2	3	-3	-2	-4	-3	4	-1	-5	-2	0	0	-5	-4	-3	4	7	2	4	0	11	22	1	1	0	3	29	1	0	1	6	7	0	0	2	0.58	inf
-2	0	-1	-1	3	2	1	-1	2	-2	1	2	-1	-2	-2	-1	0	2	0	-2	2	3	3	3	7	12	9	5	5	1	16	13	1	1	2	4	6	3	4	1	0.16	inf
0	0	3	0	2	1	0	-1	-2	-2	-1	1	1	-3	-2	2	1	-4	-2	-3	6	4	15	6	5	7	5	3	0	2	8	9	6	0	1	15	8	0	1	0	0.20	inf
0	2	-1	2	-4	1	2	-2	1	-3	-2	2	1	-3	1	-1	-1	-5	-3	-3	7	11	2	12	0	6	15	3	4	1	3	17	4	1	8	4	2	0	0	1	0.33	inf
1	2	-2	2	-1	-1	1	-3	-1	-3	-1	2	-1	-1	-1	1	1	-4	-1	-1	12	12	0	13	1	1	8	1	1	1	5	15	1	2	2	11	8	0	2	3	0.22	inf
-2	-1	3	-1	-4	-2	-2	-4	-3	0	1	-3	0	4	0	-1	-2	-3	0	2	2	4	18	3	0	1	2	0	0	6	13	1	2	22	5	4	1	0	3	13	0.38	inf
-1	1	-1	0	0	3	1	-2	2	-3	-2	2	-1	-1	1	0	-1	-4	0	-1	4	7	2	6	2	16	8	2	6	0	4	12	1	3	8	8	3	0	3	4	0.21	inf
0	1	1	1	-3	1	1	-1	0	-1	-1	1	-2	-1	-1	-1	0	-3	-1	-1	11	7	6	10	0	5	12	3	2	5	7	12	0	3	3	2	7	0	1	2	0.11	inf
-4	-5	-4	-5	-5	0	-1	-6	2	-1	1	-5	-3	8	-6	-3	-3	1	1	-1	1	0	1	0	0	4	4	0	5	3	11	0	0	58	0	2	1	1	3	5	1.41	inf
-1	1	-3	-1	1	0	0	-3	-1	1	2	0	0	2	-3	-1	-2	-3	0	0	6	11	0	4	3	5	7	1	1	7	24	5	2	9	0	4	1	0	4	4	0.14	inf
0	2	-1	1	-5	3	4	-4	-2	-3	-3	3	-2	-5	-4	-2	-3	-5	-3	-2	10	9	2	6	0	14	28	1	0	2	2	20	1	0	0	1	0	0	1	3	0.63	inf
0	0	-1	0	3	2	1	-1	-1	2	-1	1	-2	-1	-3	-1	-1	-4	-2	0	8	5	2	6	9	11	9	5	1	14	3	10	0	3	0	4	2	0	1	8	0.15	inf
-2	2	0	-1	3	3	2	-3	-1	-1	-1	1	-1	0	-4	0	-2	-4	-1	-2	2	12	4	3	8	14	17	1	1	4	5	10	1	4	0	9	1	0	2	1	0.32	inf
-2	1	0	0	0	3	2	1	1	-1	0	1	1	-3	-3	0	-2	-4	-3	-2	1	7	3	5	2	17	12	11	3	3	10	8	4	1	0	9	1	0	0	2	0.22	inf
0	2	0	0	-3	0	2	-1	1	-2	1	0	0	0	0	0	-2	-4	-2	-2	9	12	5	6	0	5	13	5	5	0	16	5	2	4	4	5	0	0	0	2	0.13	inf
0	0	0	0	-2	2	1	-3	-1	-1	-1	2	0	-2	3	1	0	-4	-1	-1	6	4	3	4	1	11	7	1	1	3	5	12	2	1	15	11	7	0	2	3	0.22	inf
0	0	1	0	-3	2	0	-2	2	-1	0	1	0	-2	1	1	-1	-4	-2	-2	7	5	6	6	0	11	6	2	5	5	10	12	2	1	6	11	3	0	1	2	0.13	inf
0	-1	2	-1	5	0	-2	-1	-1	-3	-2	0	1	-2	3	1	-1	-5	-4	0	6	2	11	3	16	5	2	3	1	0	3	5	4	2	17	10	2	0	0	7	0.40	inf
-1	3	1	1	2	0	-1	2	4	-2	-2	-1	-1	-4	-2	0	-1	-4	-2	-2	3	16	7	8	6	4	4	17	12	2	3	2	1	0	1	6	3	0	1	3	0.30	inf
-1	3	0	0	0	0	-1	0	0	-1	-1	2	0	-1	-1	1	-2	-3	2	-2	5	18	5	4	3	2	1	6	2	5	6	14	2	1	3	12	0	0	9	1	0.19	inf
-3	0	-3	-3	-4	0	-2	-5	-4	2	4	-2	0	1	-2	-1	-2	1	1	1	0	6	1	2	0	4	2	0	0	9	42	2	2	6	2	5	2	2	4	8	0.41	inf
0	-1	0	2	-4	2	0	0	-1	-1	-3	0	-1	-4	3	0	2	-4	-2	-1	6	2	4	10	0	9	3	6	1	5	1	5	1	0	16	8	16	0	1	3	0.28	inf
-2	0	-5	-5	1	-4	-4	-3	-4	1	5	-1	3	0	-5	-4	-3	-4	-3	0	3	6	0	0	3	0	0	2	0	5	63	3	6	3	0	0	0	0	0	3	0.85	inf
-2	1	2	0	-1	2	1	-2	0	-2	-2	1	-2	-1	1	0	0	2	1	-2	1	9	13	3	1	14	8	3	1	1	3	7	0	2	7	9	5	3	7	3	0.20	inf
0	0	0	2	-3	-1	1	-1	4	-4	-4	0	0	-1	-3	2	1	-4	-1	-3	9	6	2	11	0	2	7	4	15	0	0	4	2	3	0	21	10	0	2	0	0.34	inf
-2	-1	-2	-4	2	-1	-3	0	2	0	2	-2	0	3	-4	-2	-2	-2	2	0	2	4	2	0	5	3	0	9	5	2	29	3	2	17	0	2	0	0	8	6	0.28	inf
-3	-4	-5	-5	1	-1	-4	-5	-4	3	5	-4	3	1	-5	-4	-3	-4	-3	1	0	0	0	0	3	3	0	0	0	14	55	0	9	4	0	0	0	0	0	9	0.88	inf
-1	-1	-2	-1	-1	0	-1	-2	-1	2	1	0	1	0	0	0	0	-2	1	0	1	3	0	4	1	5	1	3	2	15	21	6	5	4	5	9	7	0	6	5	0.07	inf
-1	2	-2	-2	-3	1	1	-2	1	0	0	3	0	-2	-3	0	0	-3	0	0	2	10	0	0	0	5	11	2	3	6	13	25	2	0	0	5	5	0	3	7	0.20	inf
-3	-4	-4	-4	3	-2	-2	-2	0	-2	-4	-3	-4	-5	7	-3	-3	-5	-4	-1	1	1	0	1	7	2	2	3	2	3	1	1	0	0	69	1	1	0	0	5	1.78	inf
-1	-1	-3	-4	-1	-3	-3	-4	1	3	1	-3	3	1	-3	-1	0	-3	-2	3	3	3	0	0	1	0	1	1	4	22	11	0	11	6	0	3	7	0	0	25	0.39	inf
-3	0	-2	1	-4	6	0	-4	2	-4	-3	-1	0	0	-3	0	-2	-3	1	-4	1	5	1	7	0	52	3	1	5	0	2	2	3	4	0	8	1	0	6	0	0.89	inf
-2	7	-1	-3	-5	0	0	-4	2	-1	-4	0	-3	-2	-4	-3	-3	-4	-3	-4	3	68	2	1	0	4	5	1	5	4	1	3	0	2	1	1	1	0	0	1	1.30	inf
-2	-4	-4	-4	1	-4	-4	-4	-4	4	4	-4	1	0	-1	-3	-2	-3	-2	1	3	0	0	0	3	0	0	1	0	31	40	0	3	4	3	1	0	0	0	10	0.66	inf
0	-2	-2	-1	2	0	-1	-1	1	-1	0	-2	1	-1	3	-1	3	0	-1	0	6	0	0	2	5	6	3	4	4	2	8	0	4	2	15	1	26	1	2	8	0.26	inf
-3	4	0	-3	-5	3	0	-4	2	-4	-4	5	-3	-1	-3	-1	-2	-4	-3	-4	0	27	4	0	0	11	5	0	4	0	0	39	0	3	0	2	2	0	0	0	0.87	inf
-5	-4	-5	-6	-5	-2	-5	-6	-2	-2	-2	-1	-4	1	-6	-2	-4	1	9	-2	0	0	0	0	0	2	0	0	0	2	3	3	0	3	0	3	0	2	78	2	2.16	inf
0	-1	-3	-3	-4	1	0	-1	2	1	-1	-1	1	-1	5	-1	0	0	-1	-1	7	2	0	0	0	8	5	3	7	11	3	4	4	2	29	2	4	2	2	2	0.44	inf
-1	-2	0	-2	-3	-1	0	-4	-2	1	4	-1	1	-2	-4	-1	0	-4	-3	1	4	1	5	2	0	3	6	0	1	6	46	5	4	0	0	3	5	0	0	9	0.35	inf
-3	-4	-4	-5	-3	-2	-3	-5	0	0	5	-4	0	0	-4	-2	1	-4	0	1	0	0	0	0	0	2	1	0	3	2	63	0	1	2	0	4	9	0	3	9	0.78	inf
-3	-5	-6	-6	-4	-5	-5	-6	-5	1	5	-5	1	1	-5	-5	-2	-4	-3	1	1	0	0	0	0	0	0	0	0	6	75	0	2	6	0	0	3	0	0	8	1.23	inf
0	1	0	0	-2	3	2	-2	2	-3	-1	3	-2	-4	-3	-1	-1	-4	-2	-1	6	6	5	5	1	18	13	2	5	0	5	23	1	0	0	2	4	0	1	4	0.33	inf
-1	2	1	3	-5	1	4	-2	-2	-5	-5	1	-4	-5	-1	0	0	-5	-1	-4	4	14	6	14	0	4	36	2	0	0	0	6	0	0	3	4	4	0	3	0	0.60	inf
-4	-5	-5	-6	-4	-4	-5	-6	-4	4	4	-5	3	1	-5	-4	-2	-3	2	1	0	0	0	0	0	0	0	0	0	23	48	0	7	5	0	0	2	0	9	5	0.90	inf
1	-1	-4	-4	2	-2	-1	-3	-4	1	4	-2	0	-1	-4	-2	-1	-1	-2	0	13	3	0	0	5	1	6	1	0	8	49	2	1	2	0	2	2	1	1	4	0.44	inf
-1	3	0	-1	-4	2	1	-1	-1	-4	-2	4	-3	-4	-3	0	0	-5	-4	-4	3	17	4	2	0	9	8	3	1	0	4	37	0	0	0	6	4	0	0	0	0.59	inf
-1	1	2	-3	3	-1	-1	-2	6	-3	-2	1	-3	0	-4	0	-3	-3	4	-3	3	10	11	0	7	1	3	2	25	1	4	8	0	3	0	7	0	0	14	1	0.55	inf
-1	-3	-3	-4	1	-2	-3	-4	-1	-2	0	-3	3	0	-4	2	5	-1	1	-2	3	0	0	0	3	1	0	0	1	2	8	0	7	3	0	13	49	1	5	1	0.74	inf
1	-2	-2	1	1	1	3	-2	1	-3	-3	0	-2	-4	5	0	-2	-4	-3	-3	11	1	1	9	4	6	19	2	3	1	1	5	1	0	28	5	2	0	0	1	0.57	inf
0	0	1	2	-2	1	3	-1	1	-2	-3	0	-3	-2	2	-1	-1	-4	-3	-1	7	5	6	12	1	7	21	5	3	1	2	5	0	1	13	4	1	0	0	6	0.28	inf
0	-1	1	2	-3	0	1	2	-1	-2	-1	-1	-2	-3	-1	1	1	0	-2	-3	6	3	5	16	0	5	9	19	1	2	6	3	0	0	3	11	8	1	1	0	0.22	inf
0	0	1	-2	-1	-1	0	-2	7	-3	-3	1	-3	-4	-2	3	0	-4	-1	-4	8	4	6	1	1	1	6	2	30	1	1	7	0	0	2	22	6	0	1	0	0.68	inf
0	0	-2	0	-1	0	1	0	-2	-3	-3	-2	2	-2	5	1	-1	-1	-3	0	6	4	0	5	1	3	12	7	1	0	1	1	7	2	29	10	2	1	0	8	0.46	inf
-3	-1	0	6	-5	-1	4	-1	1	-5	-4	-2	-4	-5	-4	-1	-3	-5	-3	-5	2	3	3	46	0	2	26	6	4	0	2	1	0	0	0	3	0	0	1	0	1.05	inf
-1	3	-3	-3	-2	0	-1	-3	5	-2	-1	1	-2	1	-4	0	-1	0	5	-3	4	18	0	0	1	4	3	1	14	1	5	8	1	7	0	6	4	1	21	1	0.49	inf
-1	2	0	0	-1	3	3	-1	-2	-3	-3	2	-3	-4	1	0	0	-4	-1	-2	4	10	4	3	1	16	22	4	0	1	2	14	0	0	6	5	4	0	2	2	0.36	inf
0	-2	3	4	0	0	0	-2	0	-2	-1	0	1	-3	0	0	-1	-4	-1	-2	9	1	15	26	2	3	5	2	3	1	7	6	5	0	4	6	3	0	2	3	0.30	inf
0	-5	-5	-5	2	-4	-5	-2	-5	3	4	-5	-1	-1	-5	-3	-2	-4	-2	1	9	0	0	0	5	0	0	3	0	15	54	0	0	2	0	1	2	0	1	8	0.79	inf
0	1	1	-1	0	3	2	-1	-1	-2	-1	2	-1	-3	-1	-1	1	-4	-1	-1	6	7	8	2	2	18	11	3	1	1	6	14	2	0	2	3	9	0	2	4	0.22	inf
0	2	0	1	-3	2	2	-2	-1	-3	0	2	-1	-3	-3	0	-1	-4	-2	-2	8	11	3	9	0	9	14	2	1	0	11	18	1	1	0	5	4	0	1	2	0.24	inf
5	-4	-2	-2	-1	-1	-3	-2	-4	-2	-2	-2	0	-4	-4	1	0	-5	-4	0	63	0	2	2	1	2	0	2	0	1	3	2	3	0	0	9	4	0	0	5	0.88	inf
-1	-2	-4	-3	-1	-1	-2	-4	-1	3	3	-1	2	0	-4	-2	-2	0	0	2	4	1	0	1	1	3	2	0	2	17	37	4	5	3	0	3	2	1	3	12	0.40	inf
0	0	1	2	-2	1	3	-1	1	-2	-2	1	-3	-4	-3	1	0	-4	-3	-2	8	5	6	12	1	6	19	5	3	2	3	8	0	0	0	12	6	0	0	2	0.26	inf
2	-1	-2	-2	2	0	1	-2	-1	0	1	1	0	-3	-3	0	-1	-3	-3	0	21	3	1	1	4	5	8	1	2	6	18	10	2	0	0	7	3	0	0	6	0.14	inf
-2	-4	-5	-5	1	-4	-5	-5	-4	4	3	-4	5	0	-5	-2	-3	-4	0	2	2	0	0	0	3	0	0	0	0	24	26	0	16	4	0	4	0	0	4	16	0.71	inf
0	2	-1	-2	-1	2	2	-3	-1	-2	-1	3	-1	-3	-2	1	0	-4	-3	-1	5	11	2	0	2	9	18	1	1	1	7	20	1	1	1	9	6	0	0	5	0.28	inf
-1	0	2	3	0	0	3	0	-2	-3	-4	2	-2	-1	-3	0	0	-4	-3	-2	2	3	11	17	2	4	20	6	0	1	0	12	1	4	0	6	7	0	0	3	0.33	inf
-1	-2	-3	-3	1	-1	-1	-3	-3	2	2	-1	1	1	-3	-1	0	-2	1	2	5	0	0	0	3	3	5	0	0	14	19	3	5	7	0	3	4	0	5	23	0.22	inf
2	0	0	-2	1	-1	-2	-1	-2	1	0	0	1	-2	0	0	0	-3	-2	1	24	5	5	0	4	3	0	3	0	10	11	5	4	0	3	6	4	0	0	10	0.11	inf
0	1	1	0	0	2	0	1	1	-2	-2	1	0	-3	-2	1	0	1	-2	-1	7	9	7	4	2	12	5	10	3	0	3	7	2	0	0	14	7	3	0	4	0.15	inf
0	1	1	1	-1	2	0	-1	4	-2	-2	0	-2	-1	-3	0	-1	-3	2	-1	6	9	5	11	1	11	4	3	14	2	4	5	0	2	0	7	2	0	8	4	0.22	inf
0	-2	-4	-4	4	-3	-4	-2	-4	4	1	-3	3	-1	0	-1	-2	-4	-3	3	6	2	0	0	11	0	0	2	0	26	11	0	8	2	5	4	0	0	0	20	0.48	inf
-2	-3	6	1	-5	3	0	-2	3	-5	-5	-1	1	-5	-4	-1	-3	-5	-4	-2	3	0	47	7	0	15	5	2	7	0	0	3	3	0	0	3	0	0	0	4	0.95	inf
-1	0	0	3	-4	2	4	-1	2	-4	-4	0	-3	-4	-3	0	-1	-4	-1	-2	4	4	3	14	0	10	35	5	4	0	0	6	0	0	0	7	3	0	2	3	0.52	inf
1	0	-1	-1	1	0	0	1	-1	0	0	0	1	-2	-2	0	0	-3	-1	1	16	3	2	3	3	3	6	10	1	6	12	7	5	0	0	5	4	0	2	12	0.04	inf
0	0	0	-1	-2	1	0	0	-1	0	0	0	1	-2	1	0	0	-2	1	0	7	7	7	0	0	7	7	7	0	7	7	7	6	0	7	7	7	0	6	7	0.06	inf
-1	3	0	0	-3	0	0	0	2	-1	-2	1	1	0	-3	0	0	-3	0	-1	4	23	5	4	0	4	4	6	6	4	1	10	5	4	0	5	7	0	3	4	0.20	inf
-1	2	0	1	-3	1	1	-1	-2	-1	-1	1	0	-1	-1	0	-1	1	-1	-2	4	17	5	9	0	6	11	5	0	6	5	9	4	3	3	5	3	2	2	0	0.14	inf
-1	1	1	1	-3	1	1	0	1	-2	0	2	2	-2	-2	0	0	-3	0	-1	5	6	6	7	0	7	10	6	4	0	8	17	9	0	0	4	5	0	3	4	0.13	inf
-1	0	1	2	-4	1	3	-3	2	-1	-1	0	-2	-3	-3	0	-2	-3	0	-1	4	6	5	14	0	6	29	0	5	4	7	4	0	0	0	5	0	0	4	4	0.32	inf
-1	0	2	0	0	0	0	-1	-2	0	1	0	1	-2	-2	0	0	-3	0	1	4	5	13	4	3	5	7	3	0	7	15	5	3	0	0	4	6	0	5	11	0.06	inf
0	1	0	1	-3	0	1	-1	2	0	-1	1	1	0	-2	0	0	-3	0	-1	9	6	5	7	0	3	13	4	8	6	4	10	4	4	0	4	7	0	3	4	0.09	inf
-1	0	0	0	0	0	0	-1	0	1	1	0	-1	0	-1	-1	-1	-1	0	1	4	7	3	5	2	4	8	3	3	9	18	4	0	5	3	5	2	1	2	11	0.03	inf
-1	2	-1	-1	-4	5	0	-4	0	-2	-1	3	1	-4	-3	0	-1	-4	-1	-4	4	12	2	3	0	27	3	0	2	2	7	22	4	0	0	6	4	0	2	0	0.56	inf
-1	1	-1	-1	0	0	0	-2	-2	1	1	1	1	0	-2	-1	0	-2	0	0	3	10	2	3	2	5	5	2	0	12	18	11	4	3	1	4	6	0	5	6	0.08	inf
-2	-1	-4	-2	-3	-2	-2	-4	-1	2	3	-3	2	2	-4	-2	0	4	1	1	2	4	0	3	0	2	2	1	2	11	33	0	6	10	0	3	5	6	4	7	0.38	inf
1	-1	0	0	-3	4	0	-1	1	-2	-1	0	2	-3	-3	0	1	2	-2	-2	12	2	4	4	0	25	3	4	3	2	5	6	6	0	1	8	8	3	1	2	0.31	inf
0	-1	-1	1	-3	2	3	-1	-2	0	-1	2	-1	-3	-3	0	-1	-3	0	-1	6	3	2	10	0	8	21	4	0	8	5	14	1	0	0	6	3	0	4	4	0.22	inf
1	0	0	-1	0	0	0	-2	1	1	1	0	0	-2	-1	1	0	-3	-1	0	11	6	4	1	2	5	6	2	4	13	13	4	1	1	2	12	7	0	2	4	0.06	inf
-2	-1	-3	-3	-3	2	0	-2	0	3	1	0	0	2	-2	-2	-1	-3	1	1	1	2	0	0	0	10	5	2	2	22	16	7	2	9	1	2	4	0	5	9	0.24	inf
-1	2	1	-1	0	2	1	-1	-1	0	-1	1	1	-1	0	1	-1	-3	-1	-1	5	10	7	2	2	13	12	3	1	6	4	7	4	2	5	10	2	0	2	3	0.14	inf
-1	0	2	0	-1	-1	1	2	1	-1	-2	2	0	-2	-3	0	-1	-4	-1	0	3	6	10	5	2	2	9	21	4	5	3	12	2	2	0	6	1	0	1	7	0.17	inf
-2	0	-2	-2	3	-1	-1	0	1	1	1	-1	1	1	-4	-3	-2	7	-1	0	2	5	1	2	7	3	5	7	4	9	15	3	4	5	0	1	2	16	2	7	0.37	inf
-2	-2	-1	2	-4	0	4	-1	-3	-2	-3	2	0	-2	-1	-1	0	-4	0	-3	2	0	2	12	0	3	35	4	0	2	2	14	3	2	3	3	6	0	3	1	0.50	inf
0	-3	1	1	-1	-1	0	4	-3	-1	-1	-2	-3	0	1	0	0	-3	0	-2	6	0	7	8	1	2	6	35	0	3	5	1	0	4	6	4	5	0	3	3	0.32	inf
-1	0	0	1	2	0	1	0	1	-1	-1	1	-1	-1	0	0	0	-3	-1	0	4	5	3	8	6	4	9	6	5	4	7	13	0	2	5	6	4	0	2	6	0.06	inf
-2	0	2	3	-4	1	1	-2	1	0	-3	0	-3	-4	1	1	0	-4	-3	-2	2	3	9	21	0	8	8	2	4	6	2	7	0	0	7	14	5	0	0	2	0.30	inf
-2	-3	-1	-1	-3	-1	0	-2	-3	2	3	-1	1	-1	0	-2	-1	-3	-3	1	2	0	4	3	0	3	7	4	0	14	37	3	2	2	4	2	3	0	0	9	0.27	inf
-1	0	0	0	0	0	0	-1	-1	0	2	2	0	-2	-2	0	0	-3	-2	0	4	3	4	6	2	4	6	5	2	6	23	15	1	0	2	5	5	0	0	7	0.08	inf
0	0	0	0	-2	1	0	-1	-1	0	0	0	0	-2	1	1	1	-3	-1	0	5	4	4	6	0	7	6	4	1	5	13	7	2	0	7	10	9	0	2	6	0.06	inf
-1	0	-1	1	0	1	-1	-3	-1	0	0	0	1	1	2	0	0	0	1	-1	4	5	2	9	2	7	2	0	1	4	9	6	6	6	12	8	6	1	6	2	0.11	inf
-1	0	1	-1	1	-1	-1	4	0	-4	-3	0	-3	-4	1	1	0	-4	-3	-3	3	4	8	3	4	2	2	38	3	0	2	5	0	0	7	10	6	0	0	0	0.45	inf
-2	4	1	1	-4	2	1	1	1	-4	-4	1	-3	-1	-1	1	0	-4	-3	-4	0	26	6	7	0	10	9	11	4	0	0	6	0	3	3	9	5	0	0	0	0.39	inf
-1	2	-2	-1	-3	0	0	-3	0	0	2	0	-1	-2	1	-2	-1	2	0	1	5	14	0	4	0	5	6	0	2	3	27	4	0	0	8	0	3	3	3	9	0.18	inf
-1	-1	-1	-3	-2	0	-1	-2	0	2	2	0	1	1	-3	-1	1	-2	0	1	3	2	2	0	0	4	4	3	2	12	23	7	5	8	0	3	9	0	3	11	0.12	inf
-1	0	-2	-3	2	-2	-1	-2	0	2	2	-1	1	2	-1	-2	-2	-2	1	0	4	6	2	0	5	0	5	3	2	12	24	3	4	12	3	2	0	0	4	6	0.13	inf
-1	1	-1	0	-3	0	0	-2	2	1	1	1	2	0	-3	-1	-1	1	1	0	3	9	1	6	0	3	7	2	6	7	16	12	6	4	0	2	2	2	4	6	0.11	inf
-2	2	0	1	-1	1	1	3	1	-2	-4	0	-4	-3	-1	2	-2	-4	-2	-2	1	11	4	9	2	5	11	24	3	2	0	4	0	1	2	15	2	0	1	2	0.35	inf
-1	0	-1	0	-2	1	3	3	1	-4	-3	-1	-4	-5	0	0	0	-5	-2	-2	4	5	2	4	1	7	24	23	3	0	2	3	0	0	5	6	6	0	1	2	0.41	inf
-1	-2	-1	0	-3	-2	0	1	-3	0	0	-2	1	2	-1	0	0	0	-1	2	2	1	3	6	0	1	5	12	0	5	9	2	5	10	3	8	5	2	2	20	0.11	inf
-1	2	-2	-4	1	-1	-2	-4	-2	1	3	1	0	0	-2	0	0	-4	-3	0	4	11	2	0	3	3	2	0	1	6	35	9	2	4	2	6	5	0	0	5	0.28	inf
-2	-2	-4	-4	0	-2	0	-3	-2	2	2	0	1	-2	-2	-2	1	4	-2	3	2	1	0	0	2	1	6	2	1	12	20	6	4	1	1	2	9	6	1	23	0.34	inf
-1	0	-1	-1	0	2	1	-1	1	-1	0	2	0	-2	-2	0	0	2	-2	-2	2	5	2	3	2	12	11	4	4	5	11	15	2	1	2	6	6	4	1	2	0.16	inf
0	0	0	0	2	0	0	0	1	0	-1	0	1	0	-2	0	0	-2	1	0	6	6	5	6	5	5	6	6	5	6	6	6	5	5	0	6	6	0	5	6	0.03	inf
0	-1	-1	0	1	-1	0	1	1	0	0	0	-1	-1	1	0	0	-3	-2	0	9	2	2	4	4	2	7	11	4	4	11	8	0	3	6	8	8	0	0	7	0.05	inf
1	1	1	-1	0	-1	0	2	0	-2	-2	1	-1	-1	1	0	-1	-3	-1	-2	12	8	7	3	2	2	6	17	2	2	3	11	2	2	6	7	3	0	2	2	0.13	inf
0	2	1	0	1	-1	-2	2	-1	-1	-2	1	-1	-2	0	1	-1	-1	-1	-1	6	13	9	6	3	1	0	16	1	3	3	7	1	2	5	11	4	1	3	4	0.16	inf
0	1	0	1	-4	1	1	1	2	-4	-3	2	-3	0	-1	1	0	-4	-3	-2	6	9	4	8	0	6	9	12	6	0	3	16	0	5	2	8	5	0	0	2	0.22	inf
-1	3	0	-1	-4	0	1	-1	-1	-2	-1	3	0	-2	-2	1	0	0	-3	-2	4	18	5	3	0	3	9	5	1	2	5	20	3	2	1	13	5	1	0	2	0.29	inf
-1	0	0	-1	-4	0	0	0	-3	-1	-1	3	0	-1	3	0	0	1	-1	-2	5	5	5	2	0	3	5	7	0	4	7	20	2	2	14	7	5	2	2	2	0.19	inf
-2	1	1	-1	-1	4	0	-1	1	-3	-1	2	2	-4	0	-1	-1	3	-2	-4	3	9	8	3	1	24	4	5	3	2	5	12	5	0	5	4	4	4	1	0	0.39	inf
-2	-3	-1	3	-1	3	4	-2	-3	-4	-1	0	-4	-2	0	-1	-3	-5	-4	-2	4	0	3	15	1	16	34	3	0	0	7	5	0	2	4	4	0	0	0	2	0.65	inf
-4	7	-4	-3	-5	-3	-2	-1	-4	0	-1	0	-4	-5	-5	-3	-1	-5	0	1	1	57	0	2	0	0	2	4	0	5	6	5	0	0	0	2	3	0	3	9	1.19	inf
-2	0	-2	-2	-2	1	-1	-5	6	-2	-1	-2	2	-1	-5	-2	1	3	5	-1	3	6	2	2	1	7	3	0	22	2	5	2	6	1	0	2	9	3	20	5	0.68	inf
-1	-1	-5	-5	2	-4	-5	-2	-4	1	3	-4	0	4	-5	-4	-2	-4	0	2	5	3	0	0	4	0	0	3	0	8	31	0	2	20	0	0	2	0	3	16	0.64	inf
-6	-6	-6	-7	-6	-6	-6	-7	2	-1	0	-6	-1	8	-7	-6	-6	-4	3	0	0	0	0	0	0	0	0	0	4	3	7	0	1	68	0	0	0	0	7	7	2.07	inf
-1	-5	-6	-6	-5	-5	-6	-6	-6	-1	6	-6	1	0	-6	-5	-5	-5	-4	-1	5	0	0	0	0	0	0	0	0	3	80	0	2	3	0	0	0	0	0	4	1.60	inf
-5	-2	-6	-6	-5	-6	-6	-6	-1	-4	1	-3	3	8	-6	-5	-2	-3	2	-3	0	2	0	0	0	0	0	0	1	0	14	2	6	63	0	0	2	0	5	2	1.81	inf
-2	-1	5	3	0	1	1	-3	-1	-4	-2	-1	-4	-5	0	1	1	-5	-4	-4	2	2	27	19	2	5	11	0	1	0	4	3	0	0	5	9	9	0	0	0	0.59	inf
-3	0	3	5	-5	0	-1	-1	3	-3	-4	1	-2	-1	-4	-1	-2	-5	-4	-5	1	4	12	42	0	4	2	5	7	1	1	10	1	3	0	4	2	0	0	0	0.81	inf
1	-1	-3	-3	3	-1	-2	-1	0	2	1	-2	2	0	-3	0	-1	-3	-1	2	11	4	0	0	8	3	1	4	2	14	15	1	6	4	0	9	2	0	2	13	0.18	inf
-4	-1	-2	-4	-1	-4	-5	-6	-5	2	5	-2	1	0	-2	-5	-2	-5	-4	1	0	4	2	1	2	0	0	0	0	9	60	2	3	3	2	0	2	0	0	8	0.90	inf
-2	-1	-5	-5	-4	-4	-3	-5	-5	3	4	-3	2	-1	-5	-3	-3	-5	-2	4	3	4	0	0	0	0	1	0	0	15	37	2	5	2	0	2	0	0	1	28	0.78	inf
-3	-4	-5	-5	3	-4	-5	-5	-3	2	2	-3	3	4	-5	-2	-3	1	4	1	0	0	0	0	7	0	0	0	0	13	18	1	7	19	0	3	0	1	16	10	0.73	inf
1	-4	-3	-4	7	-4	-4	-2	-1	-3	0	-2	-3	0	-4	1	3	0	0	-1	12	0	0	0	26	0	0	2	2	0	12	2	0	5	0	11	19	2	3	3	0.69	inf
-3	1	-1	-2	-4	1	0	-4	0	-4	-3	5	-3	-4	-3	1	1	-5	-3	0	0	7	3	2	0	5	5	0	2	0	2	42	0	0	0	13	10	0	1	9	0.64	inf
2	1	-2	0	-1	0	1	-2	-3	0	-2	2	-3	-4	3	0	0	1	-3	-1	20	9	0	4	1	3	9	1	0	5	4	15	0	0	13	8	4	2	0	3	0.27	inf
-1	2	1	1	-4	0	1	0	0	-1	-2	3	-3	-4	-3	1	0	-4	-3	-1	2	10	6	7	0	2	8	8	2	4	4	25	0	0	0	11	5	0	0	5	0.26	inf
-1	0	-1	0	-3	0	0	0	0	-1	0	1	-1	-1	2	1	1	-3	-1	-1	4	6	2	5	0	3	7	8	2	4	10	13	1	2	9	11	9	0	2	3	0.09	inf
-1	4	-1	1	-4	2	1	0	-2	-3	-2	1	-2	-4	-2	0	0	-4	-3	0	4	28	2	9	0	8	7	7	0	1	4	9	0	0	2	5	6	0	0	7	0.32	inf
0	1	0	-1	-3	0	0	1	1	-2	0	1	0	-1	0	0	0	-3	-2	0	5	10	4	3	0	2	4	15	4	0	13	8	3	2	5	8	6	0	1	7	0.08	inf
0	-1	0	2	0	0	0	0	-2	-2	-1	1	-1	-3	2	2	-1	0	0	-3	7	2	4	12	2	5	3	7	1	1	6	10	1	0	9	23	1	1	4	1	0.21	inf
-1	1	0	-2	0	0	-1	2	1	0	-1	2	1	-2	-2	0	1	-3	-1	0	1	6	4	0	2	5	2	18	5	6	5	15	4	1	1	8	10	0	2	5	0.13	inf
-3	-1	-4	-2	-4	0	-4	-5	2	-2	1	-2	-3	5	-3	-3	-1	-2	6	-3	2	3	0	3	0	5	0	1	4	1	14	3	0	22	2	2	4	0	34	0	0.92	inf
-1	1	-1	0	-1	0	-1	-3	-1	1	0	1	0	-1	-1	1	1	-3	0	1	4	7	2	6	1	3	3	1	1	7	10	9	2	1	2	11	12	0	5	12	0.07	inf
-2	-2	-2	-4	1	-3	-4	-4	0	0	0	-1	-1	4	-1	-2	-1	-2	5	1	2	2	2	0	3	0	1	1	3	4	10	5	1	19	3	2	4	0	26	12	0.60	inf
-2	3	0	-1	-5	3	-1	-2	1	-4	-3	5	-3	-1	-4	-1	-3	-4	-1	-3	3	17	4	3	0	15	1	2	3	0	3	37	0	3	0	4	0	0	2	1	0.71	inf
0	0	1	1	-4	1	-1	2	2	-4	-2	0	-3	-3	0	0	0	3	-2	-2	7	5	8	10	0	6	3	20	7	0	3	6	0	0	5	5	6	4	1	2	0.24	inf
0	2	-2	-2	-1	0	-1	-3	2	-1	-1	2	0	-1	3	1	-1	-4	0	0	5	11	1	2	1	3	2	0	5	3	7	16	3	2	14	10	3	0	3	8	0.21	inf
-1	-5	-5	-5	-1	-4	-3	-5	-1	5	2	-5	3	1	-5	-1	-2	-1	1	1	5	0	0	0	1	0	2	0	1	39	20	0	9	5	0	6	2	1	4	6	0.71	inf
-2	-1	0	1	-5	-2	-1	-3	-4	-2	-1	1	-2	0	5	1	-3	-5	-2	-1	2	3	5	8	0	1	2	1	0	2	6	11	1	5	34	12	0	0	1	5	0.63	inf
-3	-3	-6	-6	1	-5	-5	-6	-5	3	4	-5	4	-1	-5	-4	0	-5	-4	2	1	1	0	0	3	0	0	0	0	13	49	0	11	1	0	1	7	0	0	12	0.94	inf
1	-1	0	2	0	2	1	-1	1	-2	-2	0	-1	-4	-2	2	0	-4	-2	-2	13	2	3	14	2	10	8	3	3	2	4	6	1	0	1	18	5	0	1	1	0.23	inf
0	0	2	2	-2	0	1	1	0	-3	0	1	-2	-4	-2	1	0	-4	-3	-2	9	3	11	12	1	3	11	11	2	0	10	10	0	0	1	10	4	0	0	2	0.19	inf
-2	-4	-5	-5	3	0	-4	-5	-4	2	4	-4	4	-1	-3	-3	-3	-4	0	2	3	0	0	0	7	5	0	0	0	9	36	0	13	2	1	2	1	0	4	16	0.68	inf
0	0	0	0	0	2	0	0	0	0	0	1	-1	-1	-3	1	1	2	-2	0	4	5	3	4	2	12	5	7	2	6	8	10	0	2	0	9	8	3	0	7	0.07	inf
-2	-5	-4	-6	0	-5	-5	-4	-2	4	2	-5	-1	0	-5	-3	-2	-5	-4	5	3	0	1	0	2	0	0	2	1	20	18	0	1	3	0	1	1	0	0	46	0.94	inf
-1	3	-1	-1	-1	0	2	-3	-2	0	-2	0	-1	-2	0	0	1	-4	-3	0	5	18	3	3	1	3	18	1	1	6	3	5	1	2	4	7	9	0	0	8	0.20	inf
-1	0	1	3	-5	1	3	-3	-3	-4	-2	1	2	-3	0	0	-2	-5	-2	-4	5	5	8	21	0	7	23	1	0	0	4	7	6	1	5	6	1	0	1	0	0.44	inf
-1	-1	0	-2	2	-2	-2	-2	0	2	2	-2	-1	-2	1	0	1	-4	-1	2	3	3	5	1	4	1	2	2	3	12	20	2	0	0	7	6	7	0	2	19	0.17	inf
0	1	-1	1	-1	1	2	-1	0	-1	-2	0	-1	-2	1	1	0	-4	-3	0	9	7	3	6	2	5	19	3	2	2	4	4	1	2	6	11	5	0	0	10	0.14	inf
-2	-2	1	5	-4	-1	3	0	0	-4	-3	-1	0	-4	-1	1	-1	-5	-4	-2	1	2	6	36	0	2	17	6	2	0	3	3	2	0	3	9	3	0	0	3	0.60	inf
0	-2	1	0	0	-1	1	2	0	-1	-2	1	-1	-3	1	1	0	-4	-2	-1	7	0	6	5	2	2	11	18	2	4	3	9	2	0	7	11	4	0	1	5	0.16	inf
-1	0	1	3	-2	-1	3	-1	-3	-4	-1	-1	-1	-2	1	0	-1	2	-2	-3	4	4	8	15	1	1	26	4	0	0	8	3	2	2	7	8	3	3	1	0	0.34	inf
0	0	1	2	-3	0	1	1	0	-3	-2	1	0	-2	2	0	0	-3	0	-3	6	4	7	13	0	3	8	13	2	1	2	11	3	1	9	6	7	0	4	1	0.19	inf
0	0	0	1	1	-1	0	0	0	-1	0	0	1	0	-1	-1	-1	0	1	0	8	6	6	10	4	1	5	6	2	2	10	7	5	5	2	3	2	1	5	8	0.01	inf
-1	3	-3	-1	-2	-1	-1	-3	1	0	-2	4	-1	-1	3	-1	-1	-4	-2	-2	4	14	0	4	1	1	3	2	3	5	4	27	2	2	17	4	3	0	1	2	0.43	inf
-3	1	4	0	2	-2	-3	0	5	-3	-2	-1	-3	3	-1	-2	-3	0	1	-4	1	8	22	6	6	1	0	7	16	1	5	2	0	12	3	2	0	1	5	0	0.53	inf
2	-2	-3	-3	2	-2	-1	1	-3	0	0	0	3	0	0	1	0	-3	-3	0	17	1	0	0	6	0	4	11	0	5	9	5	9	5	4	12	5	0	0	8	0.15	inf
-4	-3	-6	-6	-5	-5	-6	-2	-5	1	2	-2	-2	7	-4	-4	-5	3	1	-2	1	2	0	0	0	0	0	4	0	7	18	3	1	54	1	1	0	4	2	1	1.36	inf
-2	0	-3	-3	-4	2	2	-4	1	-1	2	2	-1	-1	-2	0	0	4	0	-2	1	5	0	0	0	9	12	0	4	3	24	17	1	2	2	7	5	5	3	1	0.30	inf
-2	-3	-5	-4	-4	-5	-3	-3	-3	5	2	-5	1	-1	-4	-1	-3	-5	-3	2	3	1	0	1	0	0	1	2	1	41	22	0	3	2	1	6	0	0	1	15	0.82	inf
0	1	-2	-2	0	0	1	-1	3	-1	-1	0	-2	-1	-2	2	0	-3	1	-1	8	9	0	0	2	2	10	5	8	5	6	6	0	3	1	22	7	0	5	3	0.16	inf
0	0	1	1	-1	-1	0	3	0	-2	0	-1	1	-1	0	0	-1	-3	-2	-1	7	6	7	11	1	1	5	24	3	2	9	2	4	2	4	5	3	0	0	4	0.15	inf
0	1	1	0	-1	1	0	-2	3	-3	-1	1	-3	-1	0	1	2	-1	-3	-3	8	9	6	4	1	7	4	2	9	1	5	11	0	3	5	11	13	1	0	0	0.20	inf
-1	1	-2	0	0	1	0	1	-2	-2	-1	0	1	-4	3	1	0	1	-3	-2	4	8	1	6	2	6	5	11	1	2	5	7	4	0	18	11	7	2	0	1	0.25	inf
0	-2	-1	1	-3	0	2	-1	0	1	-1	1	-2	-1	2	-1	0	0	-2	-1	9	0	1	8	0	4	20	4	2	10	5	8	0	2	9	4	7	1	1	4	0.16	inf
-2	2	1	1	-1	3	3	-4	2	-3	-4	1	-2	0	-2	0	-1	-5	-2	-3	2	11	8	7	2	16	22	0	6	1	0	9	1	4	2	7	3	0	1	1	0.47	inf
-1	2	-2	-3	-1	1	0	-1	-3	0	-2	1	3	-4	-3	2	2	-2	-3	0	3	11	1	0	1	8	6	4	0	6	2	11	8	0	1	19	15	1	1	6	0.28	inf
-3	-2	-2	-5	-2	-4	-4	-3	3	3	1	-4	-2	4	-5	-1	-2	1	5	1	1	2	2	0	1	0	0	2	7	15	13	0	0	17	0	4	2	2	23	9	0.67	inf
0	-2	-2	-2	-2	0	2	-4	-1	2	1	-1	0	0	-3	-1	1	-3	1	1	6	2	2	0	1	3	19	0	2	12	18	3	2	4	0	3	10	0	4	11	0.19	inf
-3	-5	-5	-4	-4	-3	-5	-5	-5	2	4	-5	0	3	-5	-2	-3	-4	-1	3	1	0	0	1	0	1	0	0	0	10	45	0	1	14	0	3	1	0	1	20	0.84	inf
-1	0	-3	-3	2	4	-1	-3	3	-1	-2	0	1	0	-4	1	-1	-3	1	1	3	4	0	0	5	25	2	1	8	3	3	5	3	4	0	10	4	0	6	11	0.34	inf
5	-4	-4	-5	5	-4	-4	-3	-5	-2	-1	-3	-4	-1	-4	0	2	-5	-4	-3	57	0	0	0	11	0	0	0	0	2	5	1	0	2	0	6	13	0	0	0	1.08	inf
0	1	2	0	-4	0	1	-3	0	-4	-3	2	-3	-5	0	4	0	-5	-4	-4	8	7	9	4	0	3	10	0	2	0	3	13	0	0	4	32	5	0	0	0	0.44	inf
-2	-4	3	1	-5	-1	-3	-3	-4	-4	-5	-1	-5	-6	-4	5	4	-6	-5	-4	2	0	14	8	0	2	1	1	0	1	0	4	0	0	0	41	26	0	0	0	0.99	inf
1	2	-2	-2	-1	3	2	-3	-3	0	-1	1	-2	-4	3	0	-2	-4	0	-1	10	12	1	1	1	13	12	0	0	5	6	10	0	0	13	6	1	0	3	5	0.27	inf
0	-2	-1	1	-5	2	5	-4	-2	-3	-3	1	-4	-2	-4	1	-1	-5	-2	-3	6	1	3	7	0	11	39	0	1	2	2	9	0	2	0	12	4	0	1	1	0.65	inf
-3	-4	0	4	-6	1	5	-5	-1	1	-2	-2	-1	-5	-2	-1	-2	-6	-5	-2	1	0	4	24	0	5	41	0	1	8	4	1	1	0	1	4	2	0	0	3	0.83	inf
-3	4	-3	-4	-1	-1	-3	-5	0	-2	-2	6	2	-1	-5	-3	-4	-5	-2	-3	2	21	1	0	1	2	0	0	2	2	4	51	6	3	0	1	0	0	1	1	1.10	inf
0	2	2	1	-4	3	1	-3	1	-3	-2	2	-2	-3	-3	0	0	-4	-3	-3	7	10	10	8	0	18	8	1	4	1	3	13	1	1	0	8	7	0	0	1	0.35	inf
1	2	1	0	-2	1	2	-3	0	-2	-2	2	-3	-4	-3	1	0	-4	-3	-2	11	13	8	3	1	5	17	1	1	2	4	16	0	0	0	10	5	0	0	2	0.31	inf
-3	-7	-7	-8	-6	-6	-7	-7	-7	-3	-4	-3	-6	-2	-3	-7	-6	12	-3	-4	3	0	0	0	0	0	0	0	0	1	2	2	0	1	1	0	0	86	0	1	4.19	inf
-3	-3	-4	-5	0	-3	-4	-5	-2	4	3	-3	5	1	-5	-4	0	-4	-1	1	0	1	0	0	2	1	0	0	1	24	28	1	18	5	0	0	6	0	2	9	0.73	inf
0	1	1	0	-2	3	3	-2	2	-4	-2	2	-3	-4	-3	1	-1	-1	-2	-3	7	8	5	4	1	13	20	2	6	0	3	12	0	0	0	14	3	1	1	1	0.36	inf
2	-1	-1	1	3	1	-1	-2	3	-1	-1	-1	-1	-3	-3	0	-1	-4	-1	1	22	2	2	10	7	7	3	1	10	4	6	4	1	0	0	5	3	0	2	11	0.21	inf
-4	-5	-5	-4	0	-2	-5	-6	-5	6	4	-5	0	2	-5	-3	-2	-4	-2	0	0	0	0	1	2	2	0	0	0	44	34	0	1	8	0	1	1	0	1	3	1.05	inf
0	3	2	-1	-1	4	2	-1	-1	-2	-3	1	-3	-4	-2	1	0	-4	-3	-3	6	19	8	2	2	21	11	4	1	2	2	6	0	0	2	10	4	0	1	1	0.41	inf
0	3	0	0	-4	2	2	-3	0	-3	-2	1	2	-4	-2	0	-1	-4	-2	-2	9	22	5	4	0	11	16	1	2	1	3	8	7	0	1	5	4	0	1	3	0.36	inf
3	-2	-1	0	0	1	2	-3	-3	0	0	-1	0	-3	-1	0	1	-4	-3	0	29	1	3	4	2	8	13	0	0	5	9	2	2	0	3	5	7	0	0	6	0.23	inf
-1	1	-2	-1	-3	0	0	-1	-3	2	0	0	1	-2	-3	0	0	-1	-2	2	4	10	1	2	0	4	7	3	0	19	10	4	3	1	0	9	6	1	0	15	0.13	inf
-2	3	0	2	-4	2	2	-2	-1	-4	-3	1	-3	-3	0	0	0	1	-2	-4	2	19	4	12	0	12	15	2	1	0	3	9	0	1	4	7	4	2	1	0	0.38	inf
0	0	1	-1	-1	2	0	-1	0	0	0	1	0	-2	-2	0	1	-3	0	0	8	3	8	1	1	12	7	3	2	5	14	7	2	0	1	8	8	0	4	6	0.08	inf
0	-1	1	-1	-1	0	-1	-2	0	2	1	-1	0	0	1	0	0	-3	0	1	7	3	9	3	1	5	2	2	2	17	15	2	1	3	7	6	5	0	2	8	0.07	inf
1	1	0	-2	3	2	2	-2	2	-3	-2	2	0	-3	0	1	0	-4	0	-2	10	9	3	1	8	10	12	2	7	0	3	11	2	0	3	9	4	0	4	1	0.24	inf
0	1	-2	-3	2	0	0	-2	0	-1	2	1	-1	-2	1	0	-1	-3	-3	0	9	7	1	0	6	5	5	3	2	1	24	13	0	1	7	8	2	0	0	6	0.14	inf
0	1	0	2	0	-1	1	1	0	-2	-2	1	-2	-4	2	1	-1	-4	-3	-3	9	8	4	12	2	2	8	14	2	2	3	11	1	0	9	11	2	0	0	0	0.22	inf
0	2	2	0	-4	1	1	2	1	-4	-3	1	-1	-4	-2	0	0	-4	-2	-4	5	15	11	5	0	8	10	14	4	0	2	10	2	0	1	7	4	0	1	0	0.30	inf
1	-2	0	1	-2	1	2	-2	-1	-1	-1	0	0	-4	3	0	-1	-4	-3	-2	16	1	3	8	1	7	17	2	1	4	5	6	3	0	15	7	3	0	0	1	0.27	inf
-1	-1	0	0	-3	0	1	0	-2	-1	1	0	1	-3	1	0	2	-1	-3	-1	4	2	4	5	0	5	11	7	1	3	16	6	4	0	6	5	17	1	0	3	0.11	inf
1	1	-2	0	-3	0	0	0	-2	-1	0	1	0	2	0	1	-1	-2	0	-1	13	7	0	5	0	3	8	5	0	4	9	10	2	12	4	11	2	0	2	4	0.07	inf
0	1	1	-1	-1	0	1	0	0	-1	-1	2	-1	-1	2	0	0	-3	-1	-2	8	6	7	1	1	2	10	5	2	4	8	15	1	2	13	6	5	0	3	0	0.15	inf
1	-2	-1	0	-3	0	-1	1	1	-2	-1	-1	-3	-1	4	1	0	-4	-3	-2	15	1	2	5	0	4	4	10	3	2	6	2	0	3	23	11	6	0	0	2	0.33	inf
0	0	-1	-2	0	1	1	-1	3	0	-1	0	0	1	-1	1	-2	-3	1	0	6	3	1	0	2	9	11	4	8	7	5	6	2	8	3	12	0	0	5	8	0.09	inf
0	0	0	-1	-4	2	2	0	1	-2	-4	0	-3	-4	1	3	-1	-4	-2	-3	7	5	3	2	0	10	16	8	4	3	0	4	0	0	5	29	2	0	1	1	0.38	inf
-1	0	0	0	-1	0	0	-1	-1	1	1	-1	1	0	2	0	0	-1	-1	0	3	5	5	5	1	3	5	4	1	13	13	0	5	4	12	6	6	1	2	5	0.08	inf
-1	-3	0	-1	2	0	1	-3	-1	-3	-3	-1	-3	-3	6	1	0	-5	-4	-1	3	1	5	2	5	5	8	2	1	1	3	3	0	1	37	13	6	0	0	5	0.71	inf
1	0	0	1	2	1	2	0	-2	-2	-1	1	0	-2	-1	2	-1	-4	-2	-1	10	3	4	7	4	5	14	7	0	1	5	10	2	1	2	19	1	0	1	3	0.16	inf
0	2	2	-1	-3	1	0	-2	1	-1	-1	1	0	-2	0	2	1	-4	-3	-1	5	11	11	2	0	7	4	1	3	4	6	8	2	1	5	17	9	0	0	2	0.17	inf
0	0	-2	-1	-3	2	2	-1	1	-1	-2	1	-1	-1	1	1	1	-3	0	-1	5	5	0	3	0	11	13	4	3	4	2	9	2	2	7	10	12	0	3	4	0.15	inf
0	1	-1	-1	-3	0	0	-2	2	0	0	1	0	0	1	1	1	-3	0	0	5	6	1	1	0	2	5	2	7	6	6	9	2	6	7	11	11	0	2	8	0.08	inf
1	0	-2	0	2	0	0	-1	-1	-2	-1	0	-2	-2	4	0	-1	-3	0	0	15	6	1	4	5	4	5	5	1	0	7	6	0	1	21	6	3	0	3	8	0.24	inf
-1	1	0	1	-1	1	1	-1	0	-2	-1	1	-2	-2	1	1	0	-3	-2	-1	3	8	5	7	2	8	7	4	3	0	8	12	0	2	8	13	7	0	0	3	0.15	inf
1	2	-1	1	-4	3	2	-2	2	-2	-2	-1	-2	1	0	1	-2	-3	-1	-1	10	11	1	7	0	16	13	3	6	1	2	2	0	7	4	9	1	0	2	5	0.24	inf
0	-1	-1	-3	-1	-1	0	-1	-3	0	-1	0	3	-3	4	1	0	1	-3	-1	9	2	2	0	1	3	6	5	0	7	5	5	10	0	23	10	5	2	0	4	0.32	inf
0	-1	0	0	-2	-2	-1	1	-1	0	1	-1	0	-1	2	1	1	-1	-1	0	7	2	6	4	0	0	1	10	2	6	14	2	3	2	10	13	7	1	1	8	0.08	inf
0	0	2	-2	-1	-2	1	0	-1	-2	-2	0	0	-4	-1	3	3	-4	-3	-1	6	5	9	0	1	0	10	6	1	1	4	4	3	0	3	24	18	0	0	4	0.28	inf
0	1	-1	-2	2	-1	-1	0	-1	-3	-1	0	-3	-2	5	1	-1	1	-3	-1	10	10	2	2	6	1	2	6	2	0	5	5	0	1	28	11	2	2	0	4	0.44	inf
0	-1	0	2	-3	0	1	-1	-2	0	-1	-1	-1	-2	0	2	1	-4	-3	-1	9	4	2	14	0	5	9	5	0	5	6	2	2	2	4	21	7	0	0	4	0.16	inf
0	1	0	-1	-1	3	0	1	1	-3	-1	1	-2	-1	0	1	-1	-3	0	-2	5	7	3	3	1	21	5	11	3	1	7	7	0	2	4	11	2	0	3	2	0.19	inf
0	2	-1	1	-1	3	3	0	-2	-4	-4	1	-3	-1	-1	0	-1	-1	-1	-3	6	10	2	7	2	14	24	8	0	0	0	10	0	2	2	5	4	1	2	1	0.34	inf
-1	0	0	0	0	1	1	0	1	-2	-1	2	-1	-3	1	2	-1	-4	-1	-2	3	4	5	6	2	6	9	5	3	2	6	14	2	0	8	20	1	0	1	3	0.17	inf
0	-1	0	0	-3	0	2	1	-2	0	0	0	-2	-2	0	-1	1	1	-1	-1	8	1	5	5	0	2	18	10	0	8	12	7	0	0	4	3	9	3	2	2	0.10	inf
-1	0	1	4	-1	1	1	-1	0	-1	-1	0	-1	0	-1	0	0	0	-2	-2	5	5	5	27	1	5	10	3	2	5	6	5	2	5	2	5	4	1	0	2	0.20	inf
0	1	-1	1	-1	-1	1	0	-2	0	-1	0	-2	-3	0	3	0	-3	-1	-2	8	7	0	9	1	1	8	8	0	8	6	4	0	0	4	26	6	0	2	2	0.16	inf
-1	1	-1	-1	-3	2	1	0	-2	-1	1	1	-1	-1	-1	0	0	-3	-1	0	4	10	2	3	0	10	11	6	0	1	18	13	1	3	2	5	4	0	1	7	0.10	inf
0	0	0	0	2	-1	1	0	-1	-2	-1	-1	1	-3	3	1	0	0	-3	0	4	5	3	4	5	0	11	7	2	0	7	2	5	0	16	12	5	2	0	9	0.18	inf
0	1	1	0	-3	-1	1	-1	-2	-2	0	1	2	0	1	1	-1	-3	-1	-1	8	8	7	6	0	1	10	4	0	0	7	8	9	5	6	12	1	0	2	5	0.09	inf
1	2	0	-1	-1	0	1	0	1	-2	-1	1	-2	-2	0	1	-1	-3	-1	-2	13	13	3	2	1	4	9	7	4	2	6	8	0	1	5	16	2	0	2	1	0.14	inf
-1	1	-1	1	2	0	0	-1	1	0	0	0	0	-2	1	0	0	-3	-1	0	4	11	0	9	5	2	4	5	4	6	13	3	2	0	7	10	7	0	2	4	0.06	inf
-1	3	-1	-1	-3	3	0	0	-2	-3	-1	1	-1	-4	0	1	2	0	-3	-1	4	17	2	2	0	14	4	6	0	0	5	8	1	0	5	8	18	1	0	3	0.27	inf
0	0	-2	-1	-3	0	0	-1	-1	-1	-3	2	-1	-4	4	1	1	-4	-1	-1	7	5	0	3	0	4	6	4	1	3	0	15	1	0	22	14	7	0	2	3	0.37	inf
2	-1	-1	-1	1	0	1	1	0	0	0	-1	-1	-3	-2	1	0	-3	-1	-1	23	2	1	2	3	3	11	11	3	5	11	3	1	0	1	9	4	0	2	3	0.11	inf
-1	0	-2	0	2	0	2	-1	2	-3	-2	0	-2	1	2	0	0	-3	1	-1	2	6	0	6	5	4	20	5	6	0	4	3	0	6	11	8	4	0	7	4	0.20	inf
-1	1	-1	-2	2	0	0	0	3	-1	0	0	0	1	1	0	0	-2	0	-1	3	11	1	1	6	5	5	6	9	4	8	6	4	8	6	5	4	0	3	4	0.07	inf
0	1	-1	1	1	1	1	-1	-1	-3	-2	2	-2	-2	-1	1	2	-3	0	-3	8	8	1	8	3	8	7	3	1	0	2	12	0	2	2	13	18	0	4	0	0.21	inf
1	1	-1	-2	-3	-1	-2	-1	-2	1	1	-1	-1	0	1	0	-1	-3	-1	0	14	12	3	2	0	3	0	5	0	10	21	3	0	4	9	7	2	0	1	5	0.11	inf
0	-1	-3	-3	1	0	-1	-1	-3	-1	-2	1	-3	-4	6	-1	0	-4	-4	0	7	4	0	0	3	5	4	4	0	3	3	8	0	0	41	5	4	0	0	7	0.72	inf
-1	0	1	-1	-1	2	2	-1	5	-3	-2	0	1	-2	-1	1	-1	1	-2	-2	5	3	5	2	2	9	14	5	21	1	3	3	4	2	3	9	4	2	0	3	0.31	inf
0	1	-1	-2	-3	-1	-1	1	-2	-1	0	0	0	-3	4	0	-1	-3	-1	-1	7	11	2	2	0	2	2	12	0	2	13	7	3	0	22	6	2	0	2	4	0.27	inf
0	0	-2	-2	-3	0	0	1	-1	-3	-2	-1	-3	-4	1	4	1	2	-3	-1	7	6	0	0	0	3	4	12	2	0	4	2	0	0	6	38	7	3	0	3	0.38	inf
-2	-1	0	-3	0	-2	0	0	5	0	1	-1	0	-1	-2	1	0	-3	-2	1	0	3	4	0	2	0	5	6	17	4	19	4	2	2	2	10	6	0	0	14	0.18	inf
0	-2	-2	0	-3	0	-1	-1	4	-2	-1	0	-3	-1	4	1	2	-4	-2	-2	5	0	0	5	0	3	3	5	15	2	6	5	0	3	20	11	15	0	0	1	0.39	inf
-1	-2	-1	-1	3	0	-1	3	-3	-3	-1	0	-3	-3	2	0	0	4	-3	-2	1	2	2	3	6	4	4	29	0	0	9	6	0	0	11	8	5	6	0	3	0.34	inf
-1	2	-1	0	-3	2	0	0	0	-1	0	1	-1	-3	1	2	1	-3	-1	-2	0	11	1	3	0	11	6	6	2	3	10	9	2	0	7	17	9	0	1	0	0.17	inf
-1	3	-3	-3	0	1	1	-2	-3	-1	-3	1	-3	-4	5	-1	0	-4	-4	-1	4	16	0	0	2	6	10	2	0	3	1	8	0	0	31	4	5	0	0	6	0.59	inf
0	1	-2	0	3	-1	0	0	3	-1	-2	-2	-2	0	3	0	-2	2	-2	0	6	11	0	5	7	2	5	7	8	2	3	0	0	5	14	9	0	4	0	11	0.19	inf
-2	-2	0	1	-3	3	1	1	0	-2	-1	0	-2	-1	0	2	1	-4	-3	-3	0	0	2	6	0	16	7	13	3	1	7	6	0	3	5	19	10	0	0	0	0.24	inf
0	0	-1	1	-1	1	1	1	1	-2	-1	1	0	0	1	1	0	-3	0	-2	5	4	0	8	2	6	8	11	4	0	5	9	2	5	5	16	4	0	4	2	0.10	inf
-1	1	-2	-3	-3	3	-2	-1	-3	1	1	1	-1	-1	-2	-1	1	-4	-3	2	2	7	0	0	0	17	0	4	0	9	12	12	0	2	1	3	11	0	0	19	0.22	inf
-1	-1	-2	-2	-3	-1	-1	0	0	-1	0	1	-2	-3	4	0	0	-4	-3	2	3	2	1	2	0	2	4	9	2	1	11	9	0	0	21	7	4	0	0	22	0.29	inf
0	2	-2	-3	3	1	-1	-2	0	-1	0	0	0	0	1	0	-2	5	-2	-2	7	15	0	0	7	9	2	3	2	5	13	7	2	4	7	7	0	10	0	0	0.25	inf
1	-2	-2	0	0	-3	-1	5	-1	-3	-2	-3	-3	-4	0	0	0	-4	-4	0	9	2	0	5	2	0	4	50	1	0	4	0	0	0	4	6	6	0	0	6	0.62	inf
-2	-3	-3	-3	-4	2	-1	0	-3	-3	1	0	-2	0	5	1	-1	-4	-3	-3	0	0	0	0	0	11	4	6	0	0	15	7	0	4	37	11	2	0	0	0	0.70	inf
0	-1	-2	0	2	0	2	0	-2	-1	1	-2	0	-1	-1	0	-1	-3	0	0	8	3	0	4	6	3	20	8	0	0	21	0	1	3	2	9	2	0	3	7	0.10	inf
0	-1	0	0	-4	-1	4	-3	1	-1	0	2	-2	-4	-3	1	-1	-4	-3	-1	6	2	4	3	0	0	37	0	3	2	11	14	0	0	0	11	2	0	0	3	0.41	inf
1	-2	-4	0	-5	-1	-2	-1	-4	-5	-2	-3	-4	-5	7	0	-1	-6	-5	-4	10	2	0	4	0	2	1	5	0	0	4	0	0	0	62	5	4	0	0	0	1.46	inf
-1	3	-3	-4	-4	0	-3	-2	0	-3	-1	0	0	-5	6	-1	-1	-5	-4	-1	3	18	0	0	0	4	0	2	2	0	6	6	2	0	45	5	2	0	0	5	0.93	inf
-1	3	-1	-1	-4	3	2	0	-2	-1	-2	2	-2	-3	-2	0	-2	-3	1	-1	3	17	2	2	0	16	12	8	0	4	2	13	0	0	1	7	0	0	7	5	0.26	inf
-1	0	0	1	-3	0	0	-1	-2	0	0	2	-1	-1	2	1	0	-3	-2	1	3	2	3	8	0	3	4	2	0	7	9	20	0	3	10	11	3	0	0	12	0.12	inf
-1	-1	-1	0	-3	0	1	-2	-3	0	0	-1	0	-1	4	2	-1	-4	-3	-2	3	3	3	5	0	4	9	2	0	7	11	2	2	3	24	19	2	0	0	0	0.35	inf
-1	0	-1	0	-3	0	-1	1	2	-1	-1	2	-2	-1	-1	2	1	-4	-2	-2	2	4	0	6	0	4	2	10	6	5	7	20	0	2	3	21	8	0	0	0	0.18	inf
0	-3	1	-1	-4	-2	0	1	-3	-2	-1	-2	-3	-3	5	0	-1	1	0	-2	7	0	7	3	0	0	5	12	0	2	7	0	0	0	39	6	4	3	3	2	0.66	inf
-1	-2	-2	2	0	1	0	0	2	-2	-1	-2	-2	2	0	-1	-1	7	-1	-1	3	0	0	12	3	7	6	9	6	0	6	0	0	11	4	5	3	18	0	5	0.35	inf
0	1	0	-1	1	0	2	-1	-2	-3	-1	0	-2	-3	-2	3	-1	4	-2	-3	4	7	4	1	3	2	16	3	0	1	7	4	0	0	1	36	2	8	0	1	0.36	inf
-1	0	0	-1	-3	0	1	-3	4	-1	2	0	-1	-1	-1	0	-2	-2	1	-1	5	4	3	3	0	3	9	1	16	2	30	6	0	0	2	5	1	0	6	3	0.19	inf
1	2	0	-2	1	-1	1	0	-2	-3	-3	-1	-3	-1	1	3	1	-4	-3	-1	9	12	2	0	3	0	9	7	0	0	0	0	0	3	8	36	6	0	0	3	0.34	inf
-1	-3	-2	-3	6	-2	0	1	-1	-1	0	-2	0	1	-3	-1	1	-2	1	0	4	1	0	1	25	0	7	14	2	3	8	1	3	6	1	4	9	0	6	6	0.33	inf
-1	-2	1	-1	-2	0	-2	0	1	-2	1	-2	-1	-1	1	3	1	-3	-1	-2	1	0	6	3	0	3	0	9	5	0	22	0	0	3	6	29	9	0	2	0	0.20	inf
-2	5	-2	-1	-4	1	1	-1	2	0	-2	0	0	-3	1	0	0	-4	-2	-2	0	39	0	2	0	6	8	3	6	6	3	2	3	0	6	6	7	0	0	0	0.41	inf
-1	1	-1	-1	-3	1	1	-1	-2	-2	1	0	-1	-3	5	-2	-2	-3	-3	-1	4	7	2	3	0	7	10	4	0	0	21	7	0	0	29	1	1	0	0	4	0.43	inf
3	-2	-1	-2	-2	0	0	-2	-2	-2	1	-2	2	-3	-2	1	0	-3	-3	0	40	0	3	0	0	4	7	0	0	0	14	0	6	0	0	13	6	0	0	4	0.31	inf
-1	-1	-2	1	-4	-2	0	-3	-3	-4	-3	0	-3	-4	6	2	-2	-5	-4	-4	4	3	0	8	0	0	4	0	0	0	2	6	0	0	54	16	0	0	0	0	1.18	inf
-2	-3	-2	0	1	-2	0	-3	2	-3	-4	0	-3	-1	6	1	0	-4	-3	-2	0	0	0	5	4	0	4	0	7	0	0	6	0	4	48	12	5	0	0	4	0.94	inf
-1	0	-2	-2	-2	0	-1	0	-2	1	3	-1	2	-1	-2	-2	-1	-2	-2	1	5	4	1	1	0	4	5	9	0	3	42	5	5	0	1	1	1	0	0	14	0.18	inf
-2	4	-2	-2	-4	3	2	-3	-1	-3	0	2	-2	-3	0	-2	-2	-3	0	-2	1	35	0	0	0	15	13	1	0	0	10	11	0	0	5	1	0	0	4	2	0.46	inf
-2	-2	-3	2	-4	-3	-1	-4	-4	-3	-2	-3	0	-4	7	-2	-3	-5	-4	1	0	2	0	11	0	0	4	0	0	0	3	0	3	0	64	0	0	0	0	11	1.44	inf
1	-2	-1	-2	-2	-2	-2	-1	-2	-2	-1	-2	-2	-3	0	5	2	-3	-3	-1	11	0	0	0	0	0	0	3	0	0	5	0	0	0	3	61	9	0	0	5	0.55	inf
3	-2	-2	-2	3	-1	-2	0	-2	-1	-2	-2	-2	-2	0	2	1	3	-2	1	31	0	0	0	7	3	0	6	0	3	0	0	0	0	5	19	6	6	0	12	0.26	inf
2	0	-1	0	1	0	0	0	-2	-2	-1	0	-1	-3	-2	2	0	-3	-2	-2	30	5	0	6	4	3	4	6	0	0	9	6	0	0	0	23	3	0	0	0	0.20	inf
0	-2	-3	-3	-2	-1	-2	-3	-2	1	3	-2	0	0	2	-1	-1	-2	-1	1	7	1	0	1	0	4	1	1	0	6	45	1	0	4	9	6	1	0	0	13	0.25	inf
-1	0	-1	0	5	-1	0	2	1	-2	-2	-1	-2	-3	-2	1	1	-3	-2	-2	1	7	1	7	21	1	4	23	4	1	1	1	0	0	1	15	11	0	0	1	0.33	inf
-1	-1	-2	-2	-2	1	-1	-3	2	0	0	0	-1	0	3	-1	0	-1	4	0	1	1	1	1	0	11	1	1	7	6	7	8	0	0	14	1	5	0	25	11	0.26	inf
-1	2	-1	-1	-3	1	1	1	-1	-2	-1	3	1	-3	1	0	0	-3	-2	-2	0	16	0	0	0	6	7	11	0	0	4	30	7	0	7	6	4	0	0	0	0.27	inf
-1	1	-1	0	-3	3	3	0	2	-3	-3	0	-2	-3	-2	2	-1	-3	-2	-2	0	6	0	0	0	15	30	8	6	0	1	0	0	0	0	28	0	0	0	4	0.38	inf
-2	2	1	4	-3	0	2	-2	-1	-3	-3	1	-2	-3	1	-1	0	-3	-2	-3	1	18	7	35	0	1	12	1	0	1	1	8	0	0	8	1	5	0	0	1	0.44	inf
-1	-2	-1	2	-2	-1	-1	-2	-2	1	1	-1	2	-1	0	2	0	-2	-2	0	1	1	1	16	0	1	1	1	0	8	18	1	10	1	5	28	1	0	0	8	0.14	inf
0	-2	-1	-1	-2	1	1	-2	1	-3	-2	-1	-2	-3	1	5	0	-4	-3	-3	0	0	0	0	0	6	7	0	4	0	4	0	0	0	7	72	0	0	0	0	0.66	inf
0	1	-1	1	-3	3	2	-2	-1	-3	-1	2	-2	-3	2	-1	0	-3	-3	-2	7	8	0	11	0	26	11	0	0	0	7	14	0	0	13	0	4	0	0	0	0.37	inf
1	0	0	1	-2	0	-1	-1	2	-3	-3	0	-2	-3	-2	4	1	-4	-2	-2	14	4	0	7	0	4	0	0	7	0	0	4	0	0	0	57	4	0	0	0	0.48	inf
-2	-3	-3	-3	-3	-2	-2	-3	-3	0	-3	-2	-3	-4	7	1	0	-5	-4	-2	0	0	0	0	0	0	0	0	0	8	0	0	0	0	75	13	4	0	0	0	1.67	inf
0	1	-1	-1	-3	0	1	-2	-1	-2	-2	3	-2	-1	1	1	-1	-3	-2	-1	8	7	0	0	0	0	12	0	0	0	0	33	0	4	7	19	0	0	0	7	0.27	inf
-1	-1	1	-1	-2	2	1	-2	-1	-2	-2	-1	-1	-3	-2	1	5	-3	-2	-1	0	0	5	0	0	10	14	0	0	0	0	0	0	0	0	6	61	0	0	0	0.48	inf
-2	0	-3	-3	3	-2	-3	-3	-2	0	3	-2	5	-1	0	-2	-1	-2	-2	0	0	5	0	0	10	0	0	0	0	0	34	0	40	0	6	0	0	0	0	0	0.43	inf
0	0	-1	1	-3	2	0	-2	-1	0	-2	2	-1	-3	3	-1	-1	-3	-2	-1	8	0	0	10	0	18	0	0	0	12	1	28	0	0	19	0	0	0	0	0	0.32	inf
-1	1	0	1	3	1	2	0	-1	-3	-3	4	-2	-3	-2	1	-1	-3	-2	-3	0	0	0	7	10	0	18	6	0	0	0	48	0	0	0	12	0	0	0	0	0.37	inf
-2	-2	-2	-2	-2	-2	0	-3	-2	0	1	-2	0	5	-3	-2	-2	6	1	1	1	1	1	1	0	1	8	1	0	1	14	1	0	41	1	1	1	14	0	13	0.41	inf
-1	-2	-3	-3	4	-2	-3	-3	-2	1	3	-2	1	2	-2	-2	-1	-1	-1	0	1	1	1	1	14	1	1	1	0	8	56	1	0	11	1	1	1	0	0	1	0.32	inf
-1	-2	-2	-2	-3	-1	-2	-3	3	-1	1	-2	2	-2	6	-2	-2	-3	-2	-1	0	0	0	0	0	0	0	0	13	0	16	0	15	0	57	0	0	0	0	0	0.99	inf
-1	1	-1	-1	-3	0	1	-2	-1	-1	0	3	-1	-2	3	-1	-1	-3	-2	0	0	9	0	0	0	0	15	0	0	0	12	34	0	0	15	0	0	0	0	16	0.26	inf
-1	5	-1	-1	-3	4	0	-3	0	-2	-2	2	-1	-3	-2	-1	-1	-3	-2	-1	0	53	0	0	0	32	0	0	0	0	0	7	0	0	0	0	0	0	0	7	0.58	inf
-1	0	0	1	-2	0	0	-2	-1	-1	0	3	-1	-2	-1	1	2	-3	-2	-1	0	0	0	7	0	0	0	0	0	0	16	42	0	0	0	16	18	0	0	0	0.21	inf
-1	-2	-1	0	-2	-1	-1	-2	-2	-2	-3	-1	-2	-3	6	1	3	-4	-3	-2	0	0	0	7	0	0	0	0	0	0	0	0	0	0	47	7	39	0	0	0	0.89	inf
0	-1	0	2	-3	1	4	-2	0	-2	-2	0	-2	-2	-1	0	-1	-2	1	-2	8	1	1	11	0	1	61	1	0	1	1	1	0	1	1	1	1	0	8	1	0.43	inf
-1	4	0	-1	-2	0	0	-2	0	-2	-2	1	-1	-1	-2	0	1	-2	1	-2	1	54	1	1	0	1	1	1	0	1	1	1	0	1	1	8	17	0	8	1	0.36	inf
0	2	0	-1	-2	0	0	-1	2	-3	-3	3	-2	-3	-1	3	0	-3	-2	-2	0	16	0	0	0	0	0	0	7	0	0	35	0	0	0	42	0	0	0	0	0.37	inf
1	-1	-1	-1	-2	0	1	-2	2	-2	-3	-1	-2	-3	5	1	1	-3	-2	-2	14	0	0	0	0	0	16	0	7	0	0	0	0	0	40	7	16	0	0	0	0.67	inf
1	-1	0	-1	-1	-1	-1	-1	-1	-2	-1	-1	2	-2	2	4	1	-3	-2	-1	10	0	0	0	0	0	0	0	0	0	0	0	16	0	8	65	0	0	0	0	0.37	inf
0	0	0	3	-3	3	2	-1	-1	-3	-3	2	-2	-3	-1	1	0	-3	-2	-2	10	0	0	22	0	25	13	0	0	0	0	16	0	0	0	14	0	0	0	0	0.37	inf
-1	-1	0	3	4	1	4	-2	-1	-3	-3	0	-2	-3	-2	0	-1	-3	-3	-3	0	0	0	16	16	0	61	0	0	0	0	0	0	0	0	7	0	0	0	0	0.58	inf
-1	0	1	1	-3	3	4	2	0	-4	-3	0	-2	-3	-2	0	-1	-3	-2	-3	0	0	9	0	0	19	50	22	0	0	0	0	0	0	0	0	0	0	0	0	0.50	inf
-2	-3	-3	-3	-2	-3	-3	1	-1	0	1	-3	0	5	-3	-2	-2	0	3	-1	0	0	0	0	0	0	0	17	0	0	22	0	0	46	0	0	0	0	16	0	0.40	inf
1	-3	-3	-3	3	-2	-2	0	-3	2	0	-2	0	-1	-2	-1	0	-3	-2	3	18	0	0	0	9	0	0	9	0	19	0	0	0	0	0	0	0	0	0	45	0.21	inf
-1	-1	0	-2	-2	-1	-2	-3	-2	3	2	0	1	-1	-2	-1	-1	-3	-2	2	0	0	10	0	0	0	0	0	0	39	21	10	0	0	0	6	0	0	0	13	0.14	inf
0	4	0	-1	-3	1	0	1	-1	-3	-3	2	-2	-3	-2	2	0	-3	-2	-3	0	44	0	0	0	0	0	10	0	0	0	21	0	0	0	25	0	0	0	0	0.41	inf
-1	1	0	-1	-3	1	1	-2	3	-3	-3	3	-2	-3	4	0	0	-3	-1	-2	0	0	0	0	0	0	10	0	14	0	0	44	0	0	21	0	10	0	0	0	0.45	inf
1	-1	0	-1	-1	0	0	-1	-1	-3	-3	0	-2	-3	-1	5	1	-3	-2	-2	0	0	0	0	0	0	0	0	0	0	0	0	0	0	0	100	0	0	0	0	0.58	inf
0	3	0	-2	-2	0	-1	-2	-1	-1	-2	0	-1	-2	-2	1	3	-3	-2	0	0	35	0	0	0	0	0	0	0	0	0	0	0	0	0	10	44	0	0	10	0.31	inf
3	-2	-2	-2	-1	-1	-1	-1	-2	0	1	-1	2	-1	-1	1	0	-2	-2	0	55	0	0	0	0	0	0	0	0	0	21	0	10	0	0	14	0	0	0	0	0.22	inf
4	-1	-1	-2	-1	-1	-1	0	2	-2	-2	-1	-1	-2	-1	2	0	-3	-1	-1	75	0	0	0	0	0	0	0	10	0	0	0	0	0	0	14	0	0	0	0	0.38	inf
-1	-2	-3	-4	-1	-2	-3	-4	-3	2	4	-3	2	0	-3	-2	-1	-2	-1	2	0	0	0	0	0	0	0	0	0	0	71	0	0	0	0	0	0	0	0	29	0.38	inf
-1	0	-1	1	-3	2	5	-2	0	0	-2	1	-1	-3	-1	0	-1	-3	-2	-1	0	0	0	0	0	13	74	0	0	13	0	0	0	0	0	0	0	0	0	0	0.51	inf
-1	0	-1	1	-3	1	4	-2	-1	-2	-1	2	2	-2	-1	0	-1	-3	-2	-2	0	0	0	0	0	0	60	0	0	0	0	20	20	0	0	0	0	0	0	0	0.40	inf
-2	-2	1	6	-4	0	1	-2	-1	-3	-4	-1	-3	-4	-2	0	-1	-5	-3	-3	0	0	0	100	0	0	0	0	0	0	0	0	0	0	0	0	0	0	0	0	1.00	inf
3	-2	-2	-2	5	-1	-2	-1	-1	-1	-1	-1	-1	0	-2	0	-1	-1	3	-1	60	0	0	0	20	0	0	0	0	0	0	0	0	0	0	0	0	0	20	0	0.33	inf
-1	0	-1	-1	-3	4	1	-2	0	-2	-1	0	-1	3	-2	-1	-1	0	3	-2	0	0	0	0	0	60	0	0	0	0	0	0	0	20	0	0	0	0	20	0	0.41	inf
1	-3	-3	-3	-1	-2	-3	-3	-3	3	1	-2	1	3	-3	-1	-1	-2	0	2	20	0	0	0	0	0	0	0	0	60	0	0	0	20	0	0	0	0	0	0	0.22	inf
-1	-2	-3	-3	-2	-2	-3	-3	-3	1	4	-2	1	0	3	-2	-1	-2	-1	0	0	0	0	0	0	0	0	0	0	0	80	0	0	0	20	0	0	0	0	0	0.46	inf
-1	2	-1	-1	-3	1	0	-2	-1	-1	0	4	0	-2	-1	-1	-1	-3	-2	-1	0	0	0	0	0	0	0	0	0	0	20	80	0	0	0	0	0	0	0	0	0.34	inf
0	-2	-2	-2	-1	-1	1	-3	-2	2	0	-2	0	-1	-2	-1	0	-3	-1	4	0	0	0	0	0	0	20	0	0	0	0	0	0	0	0	0	0	0	0	80	0.25	inf
-1	-1	2	-1	-2	-1	-1	-2	-2	3	0	1	0	-1	-2	-1	-1	-3	-2	1	0	0	20	0	0	0	0	0	0	60	0	20	0	0	0	0	0	0	0	0	0.14	inf
-1	0	0	3	-4	2	5	-2	0	-3	-3	0	-2	-3	-1	0	-1	-3	-2	-3	0	0	0	20	0	0	80	0	0	0	0	0	0	0	0	0	0	0	0	0	0.72	inf
3	-2	-1	-2	-1	-1	-1	0	-2	1	-1	-1	-1	-2	-1	2	0	-3	-2	0	60	0	0	0	0	0	0	0	0	20	0	0	0	0	0	20	0	0	0	0	0.24	inf
-2	-2	-2	-3	5	-2	-3	-3	1	-2	-1	-2	-1	2	-3	-2	-2	2	7	-1	0	0	0	0	20	0	0	0	0	0	0	0	0	0	0	0	0	0	80	0	0.78	inf
0	-3	-2	-3	8	-2	-3	-2	-3	0	-1	-2	-1	-2	-2	1	0	-3	-2	1	0	0	0	0	60	0	0	0	0	0	0	0	0	0	0	20	0	0	0	20	0.65	inf
0	-1	0	-1	-1	0	-1	-1	4	-2	-2	-1	-1	-2	-1	2	4	-3	-1	-1	0	0	0	0	0	0	0	0	20	0	0	0	0	0	0	20	60	0	0	0	0.36	inf
1	-1	0	0	-1	2	0	1	-1	-3	-3	0	-1	-3	-1	3	1	-3	-2	-2	0	0	0	0	0	20	0	12	0	0	0	0	0	0	0	68	0	0	0	0	0.38	inf
3	-2	-1	-1	-1	-1	-1	2	-2	-2	-2	-1	-1	-3	-1	2	0	-3	-2	-1	60	0	0	0	0	0	0	20	0	0	0	0	0	0	0	20	0	0	0	0	0.37	inf
0	0	1	0	-3	0	2	3	-1	-3	-3	2	-2	-3	-2	1	-1	-3	-2	-3	0	0	10	0	0	0	20	32	0	0	0	27	0	0	0	10	0	0	0	0	0.35	inf
-1	-2	-2	-3	-1	-2	-2	-3	-2	1	0	-2	0	4	-2	-1	2	-1	1	2	0	0	0	0	0	0	0	0	0	0	0	0	0	33	0	0	27	0	0	40	0.23	inf
-1	3	-1	-2	-2	3	0	-3	-1	0	-1	1	0	-2	-2	-1	-1	-3	-2	2	0	27	0	0	0	33	0	0	0	0	0	0	0	0	0	0	0	0	0	40	0.23	inf
-1	1	0	0	-3	6	2	-2	0	-3	-2	1	-1	-3	-1	0	-1	-2	-2	-2	0	0	0	0	0	100	0	0	0	0	0	0	0	0	0	0	0	0	0	0	0.74	inf
1	-2	-1	-2	-1	-2	-2	1	-2	1	0	-1	0	-2	-2	0	2	-3	-2	2	14	0	0	0	0	0	0	15	0	0	0	0	0	0	0	0	31	0	0	41	0.17	inf
-2	-2	-3	-3	-2	-2	-2	-4	3	1	4	-2	2	0	-3	-2	-1	-2	-1	0	0	0	0	0	0	0	0	0	15	0	85	0	0	0	0	0	0	0	0	0	0.37	inf
2	-1	3	0	-1	-1	-1	2	-1	-2	-3	-1	-2	-3	-1	2	0	-3	-2	-1	41	0	31	0	0	0	0	15	0	0	0	0	0	0	0	14	0	0	0	0	0.32	inf
1	-1	0	-1	-1	-1	-1	-1	-2	1	-1	-1	0	-2	-1	3	1	-3	-2	2	0	0	0	0	0	0	0	0	0	0	0	0	0	0	0	59	0	0	0	41	0.22	inf
0	-1	4	0	-2	0	0	-1	0	-2	-3	0	-2	-3	-1	2	2	-3	-2	-2	0	0	43	0	0	0	0	0	0	0	0	0	0	0	0	32	25	0	0	0	0.40	inf
-2	0	-1	-2	-3	4	0	-2	-1	-3	-2	0	-1	-1	-2	-1	-1	9	1	-3	0	0	0	0	0	53	0	0	0	0	0	0	0	0	0	0	0	47	0	0	1.03	inf
-1	1	0	0	-3	6	2	-2	0	-3	-2	1	0	-3	-1	0	-1	-2	-2	-2	0	0	0	0	0	100	0	0	0	0	0	0	0	0	0	0	0	0	0	0	0.68	inf
-1	-1	4	0	-3	-1	-1	4	0	-4	-4	-1	-3	-3	-2	0	-1	-3	-3	-3	0	0	53	0	0	0	0	47	0	0	0	0	0	0	0	0	0	0	0	0	0.62	inf
-1	-1	-1	-2	-1	-1	-2	-2	-2	0	1	-1	4	-1	-2	0	3	-2	-1	0	0	0	0	0	0	0	0	0	0	0	0	0	53	0	0	0	47	0	0	0	0.25	inf
-1	-3	0	4	7	-1	0	-2	-2	-2	-2	-2	-2	-3	-2	-1	-1	-3	-3	-2	0	0	0	47	53	0	0	0	0	0	0	0	0	0	0	0	0	0	0	0	0.70	inf
-2	-2	-4	-4	-1	-2	-3	-4	-3	2	4	-3	2	0	-3	-3	-1	-2	-1	1	0	0	0	0	0	0	0	0	0	0	100	0	0	0	0	0	0	0	0	0	0.47	inf
-1	-2	-3	-3	-1	-1	-2	-3	-2	2	1	-2	4	0	-3	-2	0	-2	-1	3	0	0	0	0	0	0	0	0	0	0	0	0	47	0	0	0	0	0	0	53	0.28	inf
-2	-1	-1	-2	-3	0	-1	-3	6	-2	-2	-1	-1	2	-3	-1	-2	1	5	-2	0	0	0	0	0	0	0	0	47	0	0	0	0	0	0	0	0	0	53	0	0.68	inf
-1	0	4	1	-3	4	1	-1	0	-3	-3	1	-1	-3	-2	0	0	-3	-2	-3	0	0	47	0	0	53	0	0	0	0	0	0	0	0	0	0	0	0	0	0	0.52	inf
-1	-1	-1	-1	-3	0	-1	-2	6	-3	-3	-1	-2	-2	6	-1	-1	-3	0	-3	0	0	0	0	0	0	0	0	47	0	0	0	0	0	53	0	0	0	0	0	1.08	inf
0	-1	-1	-1	-1	-1	-1	-1	-1	1	0	-1	0	-1	-1	-1	0	-1	-1	2	4	3	2	3	1	2	3	4	1	3	5	3	1	2	3	4	3	1	2	51	0.06	inf
-1	-1	-1	-1	-1	-1	-1	-1	-1	1	3	-1	1	0	-1	-1	0	-1	-1	0	4	3	2	3	1	2	3	4	1	3	52	3	1	2	3	4	3	1	2	3	0.08	inf
4	-2	-2	-2	0	-1	-1	0	-2	-1	-2	-1	-1	-2	-1	1	0	-3	-2	0	100	0	0	0	0	0	0	0	0	0	0	0	0	0	0	0	0	0	0	0	0.42	inf
0	-1	1	4	-2	0	1	-1	-1	-3	-3	0	-2	-3	-1	3	0	-4	-2	-2	0	0	0	47	0	0	0	0	0	0	0	0	0	0	0	53	0	0	0	0	0.49	inf
-2	-2	1	6	-4	0	2	-1	-1	-3	-4	-1	-3	-4	-2	0	-1	-4	-3	-3	0	0	0	100	0	0	0	0	0	0	0	0	0	0	0	0	0	0	0	0	0.95	inf
-2	-1	1	4	-3	0	1	-2	6	-3	-3	-1	-2	-2	-2	-1	-1	-3	0	-3	0	0	0	47	0	0	0	0	53	0	0	0	0	0	0	0	0	0	0	0	0.64	inf
0	0	0	0	-2	4	1	-1	0	-3	-2	1	-1	-3	-1	3	1	-2	-2	-2	0	0	0	0	0	47	0	0	0	0	0	0	0	0	0	53	0	0	0	0	0.41	inf
0	-2	-1	-1	-2	-1	-1	-2	-2	-3	-3	-1	-2	-3	7	1	0	-4	-3	-2	0	0	0	0	0	0	0	0	0	0	0	0	0	0	76	24	0	0	0	0	1.44	inf
3	-1	0	-1	-1	0	-1	0	-1	-2	-2	-1	-1	-2	-1	3	1	-3	-2	-1	53	0	0	0	0	0	0	0	0	0	0	0	0	0	0	47	0	0	0	0	0.36	inf
3	-2	-2	-3	-1	-1	-2	-1	-2	0	2	-2	1	-1	-2	0	-1	-2	-1	0	53	0	0	0	0	0	0	0	0	0	47	0	0	0	0	0	0	0	0	0	0.21	inf
-1	-1	1	4	-4	1	4	-2	-1	-3	-3	0	-3	-4	-1	0	-1	-4	-3	-3	0	0	0	47	0	0	53	0	0	0	0	0	0	0	0	0	0	0	0	0	0.69	inf
1	-2	0	-1	-2	-1	-1	4	-2	-3	-3	-1	-2	-3	-2	3	0	-3	-2	-2	0	0	0	0	0	0	0	53	0	0	0	0	0	0	0	47	0	0	0	0	0.55	inf
-2	-3	-4	-4	-2	-2	-3	-3	-3	0	2	-3	1	1	-3	-3	-2	9	1	-1	0	0	0	0	0	0	0	0	0	0	47	0	0	0	0	0	0	53	0	0	1.09	inf
0	-3	-2	-2	-2	-2	-2	4	-3	1	-1	-2	0	-2	-2	-1	-1	-3	-2	2	0	0	0	0	0	0	0	47	0	0	0	0	0	0	0	0	0	0	0	53	0.33	inf
-1	4	-1	-2	-3	0	-1	-2	-1	-3	-3	1	-2	-3	6	-1	-1	-3	-2	-3	0	47	0	0	0	0	0	0	0	0	0	0	0	0	53	0	0	0	0	0	1.03	inf
-1	4	0	-2	-3	0	-1	4	-1	-4	-3	1	-2	-3	-2	-1	-1	-3	-2	-3	0	47	0	0	0	0	0	53	0	0	0	0	0	0	0	0	0	0	0	0	0.57	inf
1	-1	1	0	-1	0	0	0	-1	-3	-3	0	-2	-3	-1	4	1	-3	-2	-2	0	0	0	0	0	0	0	0	0	0	0	0	0	0	0	100	0	0	0	0	0.47	inf
0	-2	-1	-2	-1	-1	-1	-2	-2	3	0	-1	0	-1	-2	2	0	-3	-2	1	0	0	0	0	0	0	0	0	0	53	0	0	0	0	0	47	0	0	0	0	0.16	inf
-2	-2	-4	-4	-1	-2	-3	-4	-3	2	4	-3	2	0	-3	-3	-1	-2	-1	1	0	0	0	0	0	0	0	0	0	0	100	0	0	0	0	0	0	0	0	0	0.47	inf
3	-1	0	-1	-1	0	-1	0	-1	-2	-2	-1	-1	-2	-1	3	1	-3	-2	-1	53	0	0	0	0	0	0	0	0	0	0	0	0	0	0	47	0	0	0	0	0.36	inf
-1	4	-1	-2	-3	0	-1	-2	-1	-3	-3	1	-2	-3	6	-1	-1	-3	-2	-3	0	47	0	0	0	0	0	0	0	0	0	0	0	0	53	0	0	0	0	0	1.03	inf
-2	-2	-4	-4	-1	-2	-3	-4	-3	2	4	-3	2	0	-3	-3	-1	-2	-1	1	0	0	0	0	0	0	0	0	0	0	100	0	0	0	0	0	0	0	0	0	0.47	inf
0	-1	0	0	-2	1	3	-2	-1	-2	-2	0	-1	-3	-1	1	3	-3	-2	-1	0	0	0	0	0	0	47	0	0	0	0	0	0	0	0	0	53	0	0	0	0.40	inf
-1	1	-1	-1	-3	0	0	-2	-1	-3	-3	3	-2	-4	6	-1	-1	-3	-2	-2	0	0	0	0	0	0	0	0	0	0	0	53	0	0	47	0	0	0	0	0	0.89	inf
3	-1	0	-1	-1	0	-1	0	-1	-2	-2	-1	-1	-2	-1	3	1	-3	-2	-1	53	0	0	0	0	0	0	0	0	0	0	0	0	0	0	47	0	0	0	0	0.36	inf
-1	-1	1	4	-2	-1	0	-2	-2	-2	-2	-1	-2	-3	-1	1	3	-3	-2	-1	0	0	0	47	0	0	0	0	0	0	0	0	0	0	0	0	53	0	0	0	0.45	inf
3	-2	-2	-3	-1	-1	-2	-1	-2	0	2	-2	1	-1	-2	0	-1	-2	-1	0	53	0	0	0	0	0	0	0	0	0	47	0	0	0	0	0	0	0	0	0	0.21	inf
2	-1	0	-1	-1	-1	-1	-1	-1	-2	-2	-1	-2	-3	4	3	1	-3	-2	-1	26	0	0	0	0	0	0	0	0	0	0	0	0	0	27	47	0	0	0	0	0.52	inf
1	0	-1	1	-3	1	4	-1	-1	-3	-3	0	-2	-3	-1	0	-1	-3	-2	-2	27	0	0	0	0	0	73	0	0	0	0	0	0	0	0	0	0	0	0	0	0.49	inf
-1	-1	1	4	-3	0	3	-1	-1	-3	-3	0	-2	-3	-1	2	0	-4	-2	-3	0	0	0	47	0	0	27	0	0	0	0	0	0	0	0	26	0	0	0	0	0.53	inf
1	-1	1	0	-1	0	0	0	-1	-3	-3	0	-2	-3	-1	4	1	-3	-2	-2	0	0	0	0	0	0	0	0	0	0	0	0	0	0	0	100	0	0	0	0	0.47	inf
-1	-1	1	4	-3	0	3	-1	-1	-3	-3	0	-2	-3	-1	2	0	-4	-3	-3	0	0	0	49	0	0	24	0	0	0	0	0	0	0	0	27	0	0	0	0	0.54	inf
-2	-2	0	4	-3	-1	0	-2	1	-2	-2	-1	-2	1	-2	-1	-1	1	5	-2	0	0	0	46	0	0	0	0	0	0	0	0	0	0	0	0	0	0	54	0	0.53	inf
-1	-1	1	5	-4	1	4	-2	-1	-3	-3	0	-3	-4	-1	0	-1	-4	-3	-3	0	0	0	54	0	0	46	0	0	0	0	0	0	0	0	0	0	0	0	0	0.70	inf
1	-1	1	0	-1	0	0	0	-1	-2	-3	0	-2	-3	-1	4	1	-3	-2	-2	0	0	0	0	0	0	0	0	0	0	0	0	0	0	0	100	0	0	0	0	0.46	inf
-1	-3	-3	-3	-1	-3	-3	-4	-3	4	2	-3	1	0	-3	-2	-1	-3	-1	3	0	0	0	0	0	0	0	0	0	100	0	0	0	0	0	0	0	0	0	0	0.40	inf
-2	0	-2	-2	-3	0	-1	-2	-2	-3	-2	3	-1	0	-2	-1	-2	9	1	-3	0	0	0	0	0	0	0	0	0	0	0	46	0	0	0	0	0	54	0	0	1.08	inf
0	1	0	-1	-2	0	0	-2	-1	-2	-2	3	-1	-3	-1	1	3	-3	-2	-1	0	0	0	0	0	0	0	0	0	0	0	46	0	0	0	0	54	0	0	0	0.32	inf
3	-1	0	-1	-1	0	-1	0	-1	-2	-2	-1	-1	-2	-1	3	1	-3	-2	-1	54	0	0	0	0	0	0	0	0	0	0	0	0	0	0	46	0	0	0	0	0.35	inf
-2	0	1	-1	-3	0	0	-2	8	-3	-3	-1	-2	-1	-2	-1	-2	-2	2	-3	0	0	0	0	0	0	0	0	100	0	0	0	0	0	0	0	0	0	0	0	0.88	inf
1	-1	0	-1	-1	0	0	-1	-1	-2	-2	0	-1	-2	-1	3	3	-3	-2	-1	0	0	0	0	0	0	0	0	0	0	0	0	0	0	0	54	46	0	0	0	0.39	inf
-2	-2	-3	-3	-2	-2	-2	-3	0	0	2	-2	1	2	-3	-2	-1	1	5	0	0	0	0	0	0	0	0	0	0	0	46	0	0	0	0	0	0	0	54	0	0.45	inf
-2	6	0	-2	-4	1	0	-2	0	-3	-2	2	-1	-3	-2	-1	-1	-3	-2	-3	0	100	0	0	0	0	0	0	0	0	0	0	0	0	0	0	0	0	0	0	0.76	inf
-1	-1	-2	-3	-2	0	-2	-3	-2	1	2	-1	6	0	-3	-2	-1	-2	-1	1	0	0	0	0	0	0	0	0	0	0	0	0	100	0	0	0	0	0	0	0	0.37	inf
0	-2	0	-1	-3	-2	-2	6	-2	-4	-4	-2	-3	-3	-2	0	-2	-3	-3	-3	0	0	0	0	0	0	0	100	0	0	0	0	0	0	0	0	0	0	0	0	1.04	inf
1	-1	1	0	-1	0	0	0	-1	-2	-3	0	-2	-2	-1	4	1	-3	-2	-2	0	0	0	0	0	0	0	0	0	0	0	0	0	0	0	100	0	0	0	0	0.45	inf
3	-1	-1	-1	-1	-1	-1	-1	-2	-1	-1	-1	-1	-2	-1	1	3	-3	-2	0	50	0	0	0	0	0	0	0	0	0	0	0	0	0	0	0	50	0	0	0	0.31	inf
1	-1	1	0	-1	0	0	0	-1	-2	-3	0	-2	-2	-1	4	1	-3	-2	-2	0	0	0	0	0	0	0	0	0	0	0	0	0	0	0	100	0	0	0	0	0.45	inf
-1	6	0	-2	-4	1	0	-2	0	-3	-2	2	-1	-3	-2	-1	-1	-3	-2	-3	0	100	0	0	0	0	0	0	0	0	0	0	0	0	0	0	0	0	0	0	0.74	inf
-1	2	0	-1	-3	1	1	-1	-1	-3	-2	4	-1	-3	-1	0	-1	-3	-2	-2	0	0	0	0	0	0	0	0	0	0	0	0	0	0	0	0	0	0	0	0	0.00	0.00
1	-1	1	0	-1	0	0	0	-1	-2	-2	0	-1	-2	-1	4	1	-3	-2	-2	0	0	0	0	0	0	0	0	0	0	0	0	0	0	0	0	0	0	0	0	0.00	0.00
0	-3	-3	-3	8	-3	-3	-2	-3	-1	-1	-3	-1	-2	-3	-1	-1	-2	-2	-1	0	0	0	0	0	0	0	0	0	0	0	0	0	0	0	0	0	0	0	0	0.00	0.00
0	-3	-3	-3	8	-3	-3	-2	-3	-1	-1	-3	-1	-2	-3	-1	-1	-2	-2	-1	0	0	0	0	0	0	0	0	0	0	0	0	0	0	0	0	0	0	0	0	0.00	0.00
1	-1	1	0	-1	0	0	0	-1	-2	-2	0	-1	-2	-1	4	1	-3	-2	-2	0	0	0	0	0	0	0	0	0	0	0	0	0	0	0	0	0	0	0	0	0.00	0.00
-2	-2	-2	-3	-2	-1	-2	-3	2	-1	-1	-2	-1	3	-3	-2	-2	2	6	-1	0	0	0	0	0	0	0	0	0	0	0	0	0	0	0	0	0	0	0	0	0.00	0.00
-1	-3	-3	-3	-1	-3	-3	-4	-3	4	1	-3	1	0	-3	-2	-1	-2	-1	2	0	0	0	0	0	0	0	0	0	0	0	0	0	0	0	0	0	0	0	0	0.00	0.00
1	-1	1	0	-1	0	0	0	-1	-2	-2	0	-1	-2	-1	4	1	-3	-2	-2	0	0	0	0	0	0	0	0	0	0	0	0	0	0	0	0	0	0	0	0	0.00	0.00
-2	0	1	-1	-3	0	0	-2	7	-3	-3	-1	-1	-1	-2	-1	-2	-2	2	-3	0	0	0	0	0	0	0	0	0	0	0	0	0	0	0	0	0	0	0	0	0.00	0.00
-1	1	0	0	-3	5	2	-2	0	-3	-2	1	0	-3	-1	0	-1	-2	-1	-2	0	0	0	0	0	0	0	0	0	0	0	0	0	0	0	0	0	0	0	0	0.00	0.00
-1	0	5	1	-3	0	0	0	1	-3	-3	0	-2	-3	-2	1	0	-4	-2	-3	0	0	0	0	0	0	0	0	0	0	0	0	0	0	0	0	0	0	0	0	0.00	0.00
