-2	-3	-4	-4	-3	-2	-4	-4	-3	2	2	-3	8	-1	-4	-3	-2	-3	-2	1	0	0	0	0	0	0	0	0	0	9	20	0	63	0	0	0	0	0	0	8	1.01	inf
-1	-1	1	4	-4	5	2	0	0	-4	-4	-1	-2	-4	-2	0	0	-4	-3	-3	3	0	6	29	0	36	9	5	2	0	0	0	0	0	0	4	5	0	0	0	0.63	inf
1	0	-1	-1	-3	0	1	-1	1	-2	-1	3	-2	-3	-1	1	1	-3	-2	-2	18	2	0	0	0	1	11	4	5	0	8	28	0	0	2	10	12	0	0	0	0.24	inf
2	-2	-2	-2	-3	-2	0	5	-3	-3	-3	1	0	-4	0	-1	-2	-4	-4	-1	19	0	0	0	0	0	7	48	0	0	0	11	4	0	5	2	0	0	0	5	0.61	inf
0	2	0	-2	-2	-1	-1	-1	-2	1	0	-1	-1	0	0	2	0	-3	-1	0	7	18	3	0	0	0	4	4	0	11	8	0	0	6	5	22	4	0	1	7	0.11	inf
0	-1	2	2	-3	1	1	0	-2	-1	-3	-1	-2	-3	1	2	3	-4	-3	-2	4	1	11	11	0	5	7	6	0	5	0	2	0	0	7	15	24	0	0	1	0.28	inf
0	-2	2	1	-4	1	4	-1	-1	-3	-2	0	-3	-4	2	1	-1	-4	-3	-3	8	0	10	6	0	5	33	3	1	0	5	2	0	0	11	14	0	0	0	1	0.43	inf
-1	0	-1	-2	-2	1	0	-1	0	0	0	1	1	-1	1	1	1	-3	-2	0	2	5	2	0	0	6	5	4	2	4	14	13	6	3	6	13	11	0	0	5	0.08	inf
1	0	-1	0	-3	1	0	2	1	-3	-2	2	-1	-3	0	1	0	-3	-1	-2	9	4	1	4	0	7	2	20	3	0	4	18	2	0	4	13	4	0	3	2	0.19	inf
0	1	-1	-1	-3	2	3	-3	0	-2	0	1	-1	-3	1	1	-1	1	-2	0	8	7	1	0	0	9	25	0	2	1	12	10	0	0	5	9	3	2	0	6	0.22	inf
-1	0	2	3	0	1	0	-2	4	-3	-3	0	-1	-3	0	0	0	-4	0	-3	5	6	13	22	2	8	2	0	13	0	0	4	3	0	4	7	7	0	3	0	0.35	inf
2	-2	-2	-1	-1	0	0	1	-2	0	-1	1	0	-3	-1	0	0	-3	-2	1	29	0	0	2	1	6	4	11	0	7	4	9	2	0	1	4	5	0	0	14	0.15	inf
-1	-2	1	2	-3	0	-1	-1	-2	-1	-2	-1	-1	-3	5	1	1	-4	-3	-1	3	0	8	13	0	5	2	5	0	5	2	2	2	0	30	9	8	0	0	5	0.46	inf
-2	2	-3	-4	-1	-1	-3	-3	-2	2	0	-1	2	1	-3	-2	0	-2	2	3	0	16	0	0	1	1	0	2	0	16	7	3	6	5	0	2	7	0	9	25	0.26	inf
-1	-2	0	-2	-3	-1	0	-3	-1	2	-1	-1	1	0	2	-1	3	-4	-2	1	4	0	6	0	0	2	8	0	2	14	3	1	6	4	12	1	28	0	0	10	0.27	inf
-2	-2	-2	-2	-3	-1	3	-4	2	1	2	1	0	1	-1	-2	-1	2	1	0	0	0	0	0	0	0	24	0	6	12	23	11	2	6	2	0	2	4	4	4	0.24	inf
-1	4	-1	0	1	1	2	-3	0	-2	-3	2	-2	-4	-2	0	1	-4	-3	-1	2	26	2	3	4	5	15	0	2	1	0	18	0	0	0	5	13	0	0	4	0.39	inf
-1	-4	-4	-4	-3	-3	-4	-4	-3	3	2	-3	5	2	-4	-3	-2	-3	0	2	6	0	0	0	0	0	0	0	0	22	19	0	22	10	0	0	0	0	3	17	0.59	inf
-2	1	-1	0	-3	1	0	-3	-2	1	2	2	0	0	-1	-1	0	-3	-2	-1	0	6	1	4	0	6	3	0	0	12	30	20	1	3	3	4	6	0	0	0	0.19	inf
-3	-5	-5	-5	2	-4	-5	-5	-5	5	1	-4	1	-2	-4	-4	-2	-4	-3	5	0	0	0	0	4	0	0	0	0	37	8	0	2	0	0	0	0	0	0	48	1.03	inf
-2	0	-1	1	-4	-1	-1	-4	1	-5	-4	-1	-4	-5	6	2	-1	-5	-4	-4	1	5	2	9	0	1	3	0	3	0	1	2	0	0	52	19	2	0	0	0	1.22	inf
0	0	0	0	-2	0	0	0	0	0	-1	1	-1	-2	1	1	1	-3	-1	1	3	2	3	4	0	5	7	7	3	4	6	11	0	0	5	11	13	0	1	15	0.08	inf
-2	0	0	4	-4	1	2	-1	1	-4	-4	2	-3	-4	-3	0	1	-4	-1	-4	1	3	3	29	0	6	16	3	4	0	0	18	0	0	0	4	10	0	3	0	0.52	inf
1	0	-1	-1	-2	-1	1	-3	2	-1	0	3	1	2	-3	-1	-2	-3	1	-1	12	2	2	2	1	1	13	0	6	1	8	27	5	12	0	1	0	0	4	4	0.22	inf
1	-4	-4	-4	-3	-3	-4	-4	3	4	-1	-3	3	-2	-4	-2	-2	-4	0	4	16	0	0	0	0	0	0	0	10	31	0	0	9	0	0	1	0	0	2	30	0.64	inf
1	3	-2	-3	-4	-2	-3	5	-3	-5	-5	0	-4	-5	-2	1	-2	-4	-4	-4	13	18	0	0	0	0	0	52	0	0	0	5	0	0	2	10	0	0	0	0	0.88	inf
0	1	0	0	-3	0	1	-1	0	-1	1	1	0	-1	-2	0	0	-3	0	-1	11	10	3	4	0	0	15	3	3	3	18	11	2	2	0	7	4	0	3	3	0.08	inf
0	-4	-5	-5	-3	-4	-5	-5	-5	5	1	-4	-1	-2	-4	-4	-2	-4	-3	4	6	0	0	0	0	0	0	0	0	42	13	0	0	0	0	0	0	0	0	39	0.97	inf
-1	-5	-5	-5	-3	-4	-5	-5	-5	7	0	-4	0	-2	-4	-4	-3	-4	-3	1	4	0	0	0	0	0	0	0	0	84	2	0	1	0	0	0	0	0	0	6	1.49	inf
-2	-4	-3	-4	-5	-4	-4	7	-4	-6	-6	-4	-5	-5	-4	-3	-4	-5	-5	-5	0	0	0	0	0	0	0	96	0	0	0	0	0	0	0	0	0	0	0	0	2.11	inf
-2	3	-2	-3	-4	0	-2	-3	-1	-4	-4	4	-3	-5	4	0	2	-5	-4	-4	2	17	0	0	0	3	0	0	1	0	0	35	0	0	20	5	17	0	0	0	0.78	inf
-1	-2	0	-2	0	2	1	4	2	-4	-4	2	-3	-4	-3	0	-1	-4	-3	-4	3	0	2	0	2	12	8	39	7	0	0	17	0	0	0	4	4	0	0	0	0.60	inf
-3	-5	-3	-4	-5	-5	-5	7	-5	-7	-6	-4	-5	-6	-5	-3	-4	-5	-6	-6	0	0	0	0	0	0	0	100	0	0	0	0	0	0	0	0	0	0	0	0	2.33	inf
1	0	1	-1	2	0	2	-1	-2	-4	-3	4	-1	-4	-3	1	-1	-4	-3	-3	11	3	8	1	6	2	15	5	0	0	1	32	1	0	0	13	2	0	0	0	0.39	inf
-2	-1	4	-2	-3	0	0	-3	0	-1	-2	1	0	-1	-3	0	3	-3	1	1	0	3	23	0	0	4	5	0	2	2	0	8	3	3	0	3	26	0	5	13	0.32	inf
-3	-3	-5	-5	-4	-5	-5	-6	-5	7	0	-3	-1	-1	-5	-5	-3	-5	-3	2	0	1	0	0	0	0	0	0	0	79	4	2	0	2	0	0	0	0	0	11	1.44	inf
-2	4	2	-1	-4	3	-1	-3	-2	-4	-4	3	-3	-4	-3	0	0	-4	-3	-3	2	26	13	2	0	15	1	0	0	0	0	25	0	0	0	7	6	0	0	2	0.63	inf
2	1	1	-1	-3	2	2	-1	-2	-1	-3	2	-1	-1	-2	0	0	-3	-1	-2	19	9	9	1	0	14	14	2	0	5	0	12	1	3	0	4	5	0	1	0	0.24	inf
-1	-4	-5	-5	-3	-4	-5	-5	-5	6	3	-4	1	-1	-4	-4	-1	-4	-3	1	6	0	0	0	0	0	0	0	0	54	29	0	2	1	0	0	2	0	0	5	0.93	inf
-2	4	-2	-3	2	3	0	-4	-1	0	-3	1	1	-4	-3	-1	2	-4	-2	0	1	29	0	0	5	21	4	0	1	6	0	6	4	0	0	1	14	0	1	7	0.47	inf
0	0	-1	2	-4	1	4	-3	0	-4	-4	3	0	-4	-3	0	-1	-4	-3	-3	10	3	1	12	0	5	36	0	1	0	0	22	4	0	0	5	2	0	0	0	0.59	inf
-1	-1	0	2	-2	1	3	-3	-2	0	-3	2	-2	0	-3	-1	1	-4	-2	0	3	0	2	13	1	7	30	0	0	5	0	13	0	5	0	1	8	0	1	10	0.34	inf
-1	-3	1	-2	1	0	-2	-2	-3	-3	-2	-2	-3	-2	1	2	5	-4	0	-2	3	0	5	1	3	5	0	2	0	0	2	0	0	1	8	15	51	0	4	0	0.66	inf
-2	-1	3	-1	-4	0	-1	5	0	-5	-4	0	-4	-4	-3	-1	-3	-4	-4	-4	0	4	14	2	0	3	3	62	2	0	1	5	0	0	0	2	0	0	0	0	0.99	inf
4	-3	-3	-3	2	-3	-3	-1	-3	1	-2	-3	-2	-3	-3	0	2	-4	-3	3	43	0	0	0	5	0	0	3	0	7	0	0	0	0	0	4	12	0	0	24	0.52	inf
-1	2	-1	-1	-3	1	1	-3	1	-1	-3	4	-2	-1	-2	1	1	-3	0	-3	2	8	1	2	0	5	9	0	4	3	0	36	0	3	0	10	11	0	4	0	0.38	inf
-2	-5	-6	-6	-4	-5	-5	-6	-6	7	0	-5	2	-3	-5	-5	-3	-5	-4	2	2	0	0	0	0	0	0	0	0	82	2	0	5	0	0	0	0	0	0	9	1.57	inf
-2	-1	2	4	-4	1	2	0	0	-4	-4	2	-3	-3	-3	0	-1	1	0	-2	1	0	12	25	0	5	11	8	2	0	0	17	0	0	0	8	3	2	3	3	0.41	inf
-3	-5	-5	-5	-3	-4	-5	-5	-5	6	1	-4	-1	3	-5	-4	-1	-4	-2	2	0	0	0	0	0	0	0	0	0	56	10	0	0	15	0	0	4	0	0	14	0.99	inf
0	-1	1	2	-3	0	2	0	-2	-2	-2	1	-2	-2	2	2	0	-4	-3	-3	4	1	5	15	0	1	17	6	0	2	3	7	1	2	11	22	3	0	0	0	0.32	inf
-1	0	2	4	-4	0	3	-2	-2	-3	-3	1	-3	-4	0	-1	-1	-4	-3	0	4	5	9	29	0	4	22	2	0	0	0	7	0	0	5	1	2	0	0	9	0.45	inf
0	0	0	4	-4	-1	1	0	-1	-4	-3	0	-3	-4	2	0	-1	-4	-2	-3	10	6	2	32	0	1	10	8	1	0	3	7	0	0	9	8	2	0	1	0	0.41	inf
-1	-3	2	0	-4	-2	-2	5	-3	-5	-5	-1	-4	-5	-2	0	0	-5	-4	-3	2	0	12	4	0	1	1	59	0	0	0	4	0	0	2	8	6	0	0	1	0.92	inf
0	-1	0	-2	4	0	-1	0	-1	0	-1	-1	-2	-2	-2	0	3	-3	-1	0	5	2	4	1	14	4	3	9	2	5	4	3	0	1	1	6	31	0	2	5	0.26	inf
0	-1	0	0	-2	0	1	-1	0	-1	-2	0	-1	-2	2	1	2	-2	-1	0	8	2	3	4	1	2	13	4	2	2	3	7	1	1	11	14	16	0	1	6	0.17	inf
-1	-1	0	2	-2	1	3	-1	-1	-2	-2	0	-1	0	-1	0	-1	-2	-1	-1	3	2	4	14	1	8	29	4	1	2	4	5	1	5	2	7	2	1	1	4	0.25	inf
-1	4	0	0	-2	1	1	0	-1	-2	-2	1	-2	-2	1	0	-1	-2	0	-2	4	33	5	4	1	4	8	6	1	2	3	8	1	1	7	5	2	0	3	2	0.30	inf
-1	-3	-3	-3	1	-1	-3	-3	0	4	1	-2	1	-2	0	-1	-1	-3	-2	3	3	1	1	1	3	3	1	1	3	35	9	1	3	1	4	6	2	0	1	24	0.38	inf
-1	-2	-3	-3	2	-3	-3	-2	-3	2	1	0	1	1	-3	-1	0	-3	1	3	3	1	0	0	5	0	0	3	0	15	9	6	4	7	0	4	6	0	6	28	0.26	inf
0	-2	-2	-3	-2	0	-1	-1	0	3	0	0	0	-1	-3	0	2	-3	1	1	5	0	1	0	0	3	3	3	2	20	8	8	3	2	0	9	18	0	5	9	0.17	inf
1	-4	-4	-4	2	-4	-2	-3	-4	5	0	-4	0	-1	-4	-2	-2	-4	1	2	11	0	0	0	5	0	3	2	0	45	6	0	1	2	0	2	2	0	5	16	0.64	inf
2	1	0	-1	1	0	-1	-1	0	-3	-3	-1	-3	-2	-3	3	2	-3	0	-2	18	8	3	2	3	4	2	4	3	0	1	2	0	2	0	28	13	0	4	2	0.30	inf
2	-3	-2	-1	0	-2	-2	4	-3	-3	-4	-1	-3	-2	-1	2	-1	-4	-4	-1	19	0	0	3	2	1	2	41	0	1	0	4	0	2	2	14	2	0	0	4	0.59	inf
0	-1	0	2	-3	-1	-1	-2	-3	-1	-3	-2	-3	-2	3	2	2	-4	-3	-1	8	4	4	14	0	2	3	2	0	4	1	1	0	2	15	19	15	0	0	4	0.33	inf
0	-1	1	1	-2	1	0	0	-2	0	-2	1	-1	-3	3	1	1	-3	-3	-1	6	2	7	9	1	6	4	8	0	9	2	10	2	0	13	9	8	0	0	3	0.17	inf
0	-1	1	2	-4	0	5	0	0	-2	-3	0	-3	-4	-3	-1	-2	-4	-1	-3	6	3	7	13	0	3	40	6	3	2	2	6	0	0	0	4	0	0	2	2	0.53	inf
2	-2	0	1	-3	2	1	1	0	-2	-3	0	0	-3	0	1	0	-4	-3	-2	25	0	4	9	0	11	12	9	2	2	1	4	3	0	4	8	4	0	0	2	0.25	inf
2	-3	-1	-3	2	0	-3	-1	-3	2	0	-1	1	-2	-3	-1	0	-3	-3	3	17	0	2	0	5	4	0	4	0	16	8	3	4	0	0	4	3	0	0	26	0.28	inf
2	0	1	0	0	1	1	-1	0	-1	-1	1	-2	0	-2	0	0	-3	-2	-1	22	6	6	4	2	5	12	2	2	2	7	10	0	6	0	7	3	0	0	3	0.13	inf
1	2	1	-1	-4	1	1	-2	2	-4	-3	4	0	-4	-2	0	-1	-4	-1	-3	12	9	6	3	0	6	10	1	5	0	2	29	2	0	1	5	3	0	2	1	0.37	inf
5	-2	-4	-2	0	-1	-2	-1	-4	1	-2	-2	-3	-4	-1	0	-2	-5	-4	-1	63	1	0	2	2	2	2	3	0	7	2	2	0	0	3	4	1	0	0	4	0.81	inf
2	2	-1	-3	1	0	0	-3	1	1	0	2	0	-1	-3	-2	-2	-3	1	-1	20	13	3	0	4	3	4	0	4	9	9	16	1	2	0	0	0	0	7	3	0.18	inf
0	2	1	0	-3	0	0	1	-2	-1	-1	1	1	-3	-1	0	0	-3	-1	-1	10	14	7	5	0	2	6	13	0	2	6	11	6	0	2	6	5	0	2	3	0.12	inf
1	0	0	1	-3	1	1	-1	1	-1	-1	0	1	0	-2	0	-1	2	0	-1	13	5	5	10	0	8	10	4	3	3	5	6	5	4	0	5	3	3	3	3	0.09	inf
0	1	-4	0	-4	0	-3	-4	-4	5	1	-3	2	-3	-4	-3	0	-4	1	1	7	9	0	6	0	5	0	0	0	35	11	0	5	0	0	0	5	0	6	8	0.52	inf
0	-1	-1	-1	0	1	-1	-2	0	2	1	0	2	0	-3	-1	-1	1	-1	1	7	3	3	4	2	6	4	3	3	15	13	5	8	3	0	3	2	2	2	12	0.09	inf
0	-1	1	2	-1	1	2	1	1	-3	-3	1	-3	-2	-1	1	0	-3	-1	-3	6	2	8	12	1	6	16	9	4	1	2	9	0	2	2	13	4	0	2	1	0.25	inf
1	-1	-3	-1	0	-2	-1	-1	-3	4	1	2	0	-1	-2	-1	-1	-4	-3	0	11	3	0	3	2	0	4	5	0	27	11	15	2	2	2	4	3	0	0	6	0.22	inf
0	-4	-4	-2	-3	-3	-2	-4	-4	3	3	-4	3	1	-1	-3	0	-4	-3	3	7	0	0	2	0	0	2	0	0	17	25	0	9	6	3	0	6	0	0	21	0.50	inf
2	1	-1	1	-3	0	2	-1	0	-1	-2	1	-1	-2	-2	0	1	-3	-2	0	17	8	2	9	0	2	15	3	2	2	3	7	1	2	0	8	10	0	1	7	0.17	inf
0	0	1	0	-2	1	0	0	2	-1	-1	0	1	1	-2	0	0	-2	1	0	6	6	6	6	0	6	6	6	6	0	6	6	6	6	0	6	6	0	6	6	0.06	inf
1	-3	1	2	-1	-2	1	-1	0	-1	-2	0	2	-1	3	0	0	-4	-3	-2	11	0	6	11	2	0	12	5	2	3	4	4	6	3	17	5	6	0	0	2	0.25	inf
0	1	0	0	-3	0	1	-3	0	1	0	0	0	-1	-1	0	0	-3	1	-1	9	11	4	4	0	4	11	0	2	13	11	6	2	2	2	7	4	0	5	3	0.08	inf
0	-1	3	1	-1	0	1	-1	-2	0	-1	0	1	-3	1	0	0	-3	0	0	9	2	16	6	1	3	11	3	0	4	4	5	4	0	6	7	6	0	3	10	0.12	inf
0	-1	1	0	-1	0	1	2	-1	0	-2	0	-1	-1	1	0	-1	-3	-1	0	8	2	8	5	1	5	10	19	1	6	3	4	1	3	6	4	4	0	2	7	0.10	inf
0	-1	0	0	-3	0	1	0	2	0	-1	0	-1	-3	3	0	0	-3	-1	-1	8	3	4	4	0	4	11	6	7	6	6	5	1	0	15	7	6	0	2	4	0.17	inf
0	1	-1	0	-1	0	0	-1	1	1	-1	2	0	1	0	0	-1	-3	-2	1	6	8	2	6	1	2	6	5	4	10	3	15	2	7	4	5	3	0	0	11	0.06	inf
0	-1	-1	-3	-3	-2	-1	1	0	0	-1	-1	-1	2	0	0	1	-2	3	0	6	3	2	1	0	0	4	10	2	5	6	4	1	12	6	6	12	0	14	5	0.16	inf
0	0	2	1	-3	1	3	-2	1	-2	-1	0	-1	-3	1	-1	0	-3	0	-2	7	4	12	8	0	4	20	3	4	2	6	4	2	0	8	4	6	0	3	2	0.22	inf
0	0	1	1	-1	-1	2	2	2	-3	-3	0	-3	-3	1	1	0	-3	-2	-1	6	4	9	8	1	1	14	17	7	1	2	4	0	1	6	9	5	0	0	5	0.21	inf
0	-1	-1	0	-2	-1	0	1	-1	1	-1	0	-1	0	-1	0	1	-2	2	1	6	3	2	6	0	2	7	10	0	9	6	7	0	5	2	7	10	0	9	10	0.04	inf
1	0	1	-1	-2	-1	-1	-1	-2	0	0	0	0	-1	-1	0	-1	1	0	1	17	5	7	4	0	1	3	5	0	5	12	6	3	2	2	8	2	3	3	12	0.05	inf
1	-2	1	0	-2	-1	0	0	-2	0	-1	0	-1	1	0	1	0	-2	0	0	11	0	8	5	0	0	5	8	0	7	5	6	0	9	5	10	7	0	4	9	0.05	inf
0	0	-1	0	-2	1	0	0	1	-1	-1	0	0	0	2	1	0	-3	-2	-2	10	6	0	5	0	6	7	6	4	4	6	5	4	5	12	11	7	0	0	1	0.12	inf
-1	0	1	1	-2	1	0	0	0	0	-1	1	-1	0	2	0	0	-2	2	0	5	4	7	7	0	6	3	7	2	5	4	8	0	3	10	4	3	0	9	11	0.08	inf
1	-2	1	1	-2	-1	0	-1	-2	-1	-1	0	0	0	3	0	-1	-3	-1	0	14	1	8	7	0	0	7	4	0	3	6	8	3	5	14	6	3	0	3	8	0.13	inf
-1	0	-1	-1	-4	1	2	1	-3	-2	-3	-1	0	-4	5	0	-1	-4	-3	-3	3	4	3	3	0	6	17	11	0	2	1	3	4	0	31	6	3	0	0	1	0.59	inf
0	3	-2	-2	0	0	-1	-1	-2	1	-1	0	1	0	-2	-1	2	-3	0	1	5	23	1	1	3	4	2	4	0	9	4	3	3	5	1	2	18	0	3	10	0.20	inf
-1	-1	-1	-2	-2	-1	-1	0	1	1	0	-1	1	0	0	0	2	-2	0	1	3	2	3	1	0	0	3	6	4	8	11	4	3	3	5	8	17	0	3	16	0.08	inf
0	-1	-2	-1	-2	0	0	-1	0	1	1	-1	1	0	-2	-1	0	-2	0	2	10	2	0	3	0	5	5	3	2	8	20	3	3	2	0	5	6	0	4	18	0.09	inf
-1	2	0	0	-3	1	0	-1	1	-3	-3	3	-2	1	-2	0	1	2	0	-2	3	11	3	4	0	6	6	3	3	0	1	30	0	6	0	4	10	3	3	3	0.27	inf
-2	-3	0	-3	-2	-3	-3	-4	-3	4	2	-3	2	2	-3	-2	1	-2	1	2	1	0	5	0	0	0	1	1	0	31	16	0	7	9	0	1	8	0	6	13	0.42	inf
0	1	0	0	-2	2	0	0	-2	0	0	1	2	-2	-2	0	1	-3	-2	0	5	8	6	4	0	11	4	9	0	5	10	7	8	0	0	5	8	0	0	7	0.08	inf
0	-3	-2	-1	-1	-3	-2	-2	-3	3	0	-2	1	0	-2	-1	-1	-4	-2	4	9	0	2	4	1	0	1	3	0	23	5	2	3	3	1	3	2	0	0	36	0.37	inf
-1	-3	-2	1	-4	-3	-1	-4	1	-3	-3	-1	-3	5	5	0	-1	0	-1	-3	6	0	1	8	0	0	3	0	3	0	1	4	0	27	34	7	3	1	0	0	0.80	inf
0	0	1	-1	-3	0	-1	2	1	-2	-3	0	-2	0	2	0	0	-3	0	0	8	7	8	3	0	4	2	21	5	0	0	5	0	5	11	4	5	0	3	8	0.18	inf
2	0	1	1	-3	0	1	1	0	-3	-3	-1	-3	-4	0	2	1	-4	-3	-3	19	7	7	9	0	3	7	12	2	0	0	1	0	0	3	18	9	0	0	0	0.27	inf
0	-2	-2	-3	-1	2	-1	-3	0	0	1	2	1	4	-3	-1	0	-2	-1	0	7	0	0	0	1	10	4	0	3	7	14	15	3	23	0	3	4	0	0	4	0.23	inf
0	-3	-3	-1	0	-3	-2	-4	1	3	0	-2	1	1	-3	-2	-1	-3	-2	3	10	0	0	3	2	0	1	0	5	23	6	2	3	6	0	1	3	0	0	32	0.38	inf
-1	0	1	-2	-4	-2	-2	5	-3	-2	-4	0	-3	-4	-2	2	-2	-4	-4	0	3	4	7	0	0	0	1	48	0	2	0	4	0	0	2	19	0	0	0	7	0.70	inf
0	1	1	0	0	-1	0	-1	0	0	2	0	1	0	-2	0	0	-3	-1	-1	6	12	7	4	3	0	6	3	2	4	27	4	3	3	0	10	3	0	1	1	0.08	inf
-2	-3	-4	-4	-2	-3	-4	-4	-4	3	2	-3	1	1	-3	-3	-1	-3	-2	4	1	0	0	1	0	0	1	1	0	22	24	1	2	5	0	1	4	0	0	36	0.64	inf
-3	-4	-4	-4	-3	-3	-3	-1	0	6	0	-3	1	-2	3	-3	-2	-4	-3	1	1	1	1	1	0	1	1	5	2	58	6	1	3	0	14	1	1	0	0	4	0.84	inf
-1	-3	-1	-3	-4	-3	-3	6	-3	-4	-4	-3	-4	-4	-3	-2	-3	-4	-4	-4	4	1	3	1	0	0	1	84	0	1	1	1	0	0	1	1	1	0	0	1	1.57	inf
-2	2	-2	-2	-4	0	-1	-3	-2	-3	-4	6	-3	-4	2	0	0	-4	-3	-2	1	10	0	0	0	2	0	1	0	2	1	60	0	0	10	6	5	0	0	2	0.87	inf
0	0	1	2	-3	1	1	4	0	-3	-3	0	-2	-3	-2	-1	-2	-3	-3	-3	7	6	6	16	0	8	8	33	2	0	1	7	1	0	0	2	1	0	0	1	0.42	inf
-2	-4	-2	0	-4	-3	-3	6	-4	-4	-2	-3	-4	-4	-4	-2	-3	-4	-4	-4	1	0	0	5	0	0	1	84	0	0	5	1	0	0	0	1	1	0	0	1	1.55	inf
1	0	0	0	1	-1	1	-1	-2	-1	1	1	-1	-2	-2	0	-1	-3	-2	1	12	6	3	6	3	0	11	4	0	1	15	14	0	0	1	9	2	0	0	12	0.07	inf
-2	0	2	-2	-2	-1	-1	-2	3	0	1	0	-1	-2	-2	0	3	-3	-2	0	1	6	16	1	0	1	2	1	8	4	17	5	0	0	1	3	28	0	0	4	0.26	inf
-3	-1	-4	-4	-3	-4	-4	-5	-4	6	1	-4	-1	-2	-4	-2	-1	-4	-3	2	0	3	0	0	0	0	0	0	0	69	10	0	0	0	0	2	2	0	0	11	1.06	inf
-2	2	1	-2	-1	1	-1	-2	-2	-3	-3	4	-3	-4	-2	2	-1	-4	-3	-2	1	12	8	0	2	5	0	1	0	0	1	41	0	0	0	22	3	0	0	4	0.58	inf
0	1	-1	0	-4	2	3	-1	4	-4	-3	1	0	-3	-3	1	-2	-4	-1	-3	9	6	0	4	0	10	28	4	13	0	1	11	3	0	0	10	0	0	2	0	0.41	inf
-3	-5	-5	-5	-3	-5	-5	-6	-5	7	2	-5	1	-1	-5	-4	-3	-5	-3	2	0	0	0	0	0	0	0	0	0	75	14	0	2	1	0	0	0	0	0	7	1.37	inf
-1	4	-2	-1	1	2	1	-3	-2	0	-2	1	0	-3	-3	1	1	-4	-3	0	2	27	0	3	3	10	11	0	0	8	0	5	3	0	0	15	7	0	0	7	0.31	inf
-1	1	2	2	-4	3	4	-3	-1	-4	-4	1	-2	-5	-3	0	-1	-4	-3	-4	3	6	12	11	0	12	39	0	1	0	0	8	1	0	0	5	3	0	0	0	0.64	inf
-1	1	0	0	-2	2	3	-3	-2	-1	1	2	0	-1	-3	-1	0	-3	-1	-1	3	5	5	4	1	11	24	0	0	3	18	13	2	2	0	1	4	0	1	2	0.22	inf
2	-2	0	-1	-1	-2	-2	-3	4	-3	-2	-2	-2	-1	-3	2	4	-4	-1	-2	16	1	3	2	1	0	1	0	12	0	3	0	0	3	0	17	38	0	2	0	0.52	inf
0	0	1	0	-3	-1	-2	5	0	-1	-3	-1	-3	-4	-3	0	0	-4	-3	-2	5	5	7	5	0	2	1	49	3	4	2	3	0	0	0	5	5	0	0	3	0.55	inf
3	-2	-2	-3	1	-1	-1	0	-3	-1	-1	0	-2	-3	-2	0	2	-4	-3	2	36	1	0	0	3	3	2	8	0	0	3	6	0	0	0	5	15	0	0	17	0.31	inf
-2	4	0	-1	-4	1	0	-3	2	-3	-3	4	-1	-2	-3	0	0	0	0	-3	2	27	5	3	0	7	5	0	5	1	0	29	1	2	0	4	4	2	3	0	0.51	inf
-3	-4	-5	-5	0	-4	-5	-3	-5	5	1	-4	2	-2	-4	-4	-2	-4	-3	4	0	0	0	0	2	0	0	2	0	37	13	0	5	0	0	0	0	0	0	41	0.93	inf
-2	0	0	3	1	2	2	-2	0	0	-1	0	-2	-2	-2	0	0	-3	-1	0	0	3	4	18	3	12	20	2	2	8	3	4	0	2	0	4	5	0	2	9	0.21	inf
1	-1	-1	-2	-1	-2	-2	-3	-3	3	1	0	0	0	-3	0	0	-3	-2	1	16	2	3	2	1	0	0	0	0	27	11	8	2	4	0	9	4	0	0	11	0.19	inf
0	-2	-1	1	-3	-1	1	-3	-2	0	-1	-2	-2	-1	2	2	0	-3	-1	2	4	1	1	8	0	2	10	0	0	5	2	0	0	2	11	23	5	0	2	24	0.25	inf
-1	1	1	3	-3	2	1	1	-2	-2	-3	2	-3	-4	-1	1	0	-4	-3	-3	3	7	6	18	0	11	9	14	0	2	0	15	0	0	2	9	4	0	0	0	0.33	inf
-1	0	1	6	-4	0	1	-2	-1	-3	-3	-1	-3	-4	-3	0	-2	-4	-1	-1	3	4	6	49	0	2	9	1	1	1	2	3	0	0	0	7	1	0	3	5	0.70	inf
-1	-2	0	0	1	1	-1	1	0	0	0	0	0	1	-1	-1	0	0	0	1	1	0	5	5	3	7	1	15	3	7	9	6	3	7	2	2	7	1	2	14	0.03	inf
-1	1	-1	0	0	-1	0	-1	-2	0	2	0	0	-1	-1	-1	1	-3	-2	1	3	8	2	5	2	1	6	3	0	1	30	5	0	2	2	4	14	0	0	12	0.11	inf
-1	0	-1	0	-2	0	-1	0	-2	-1	-1	2	-2	-3	4	1	-1	-3	-2	-1	2	4	3	4	0	4	2	8	0	3	8	16	0	1	27	11	3	0	1	4	0.38	inf
-1	0	2	2	-3	1	2	-1	0	-1	-1	1	-2	-2	-1	0	-1	-2	0	0	4	3	15	14	0	6	17	3	2	2	5	8	0	1	2	3	2	0	5	9	0.19	inf
0	-2	1	0	-2	1	1	3	-2	-2	-1	-1	-2	-2	0	1	0	-3	-2	-2	5	1	8	5	0	6	10	23	0	1	10	2	0	1	4	14	7	0	1	1	0.20	inf
-1	-1	2	4	-3	3	0	-1	0	-3	-2	1	-2	-3	0	-1	1	-3	-2	-3	5	1	10	25	0	17	3	3	3	1	3	9	0	1	5	3	10	0	0	1	0.36	inf
-2	-1	-1	3	-3	0	4	-1	-2	-1	-1	1	-2	-3	-1	0	0	-3	-3	-1	1	1	1	22	0	3	32	3	0	3	5	9	1	1	2	5	5	0	0	5	0.40	inf
-2	4	-1	-2	-3	0	-1	-1	-2	-1	-2	3	0	-3	0	-1	-1	-3	-3	2	1	33	2	1	0	3	3	4	0	4	1	19	3	0	4	3	2	0	0	17	0.42	inf
-1	-1	-1	-2	-1	0	0	-3	-1	2	0	0	0	-1	1	-2	1	-3	-2	3	3	1	3	0	1	5	6	1	2	12	9	9	2	3	9	1	8	0	0	27	0.16	inf
-2	-4	-5	-5	-3	-4	-4	-5	-5	3	2	-3	1	2	-4	-3	-2	-4	-2	5	1	0	0	0	0	0	0	0	0	20	17	2	4	9	0	1	0	0	0	45	0.78	inf
-1	0	-2	-1	-3	-1	3	-3	-3	0	0	1	0	-2	-2	-1	3	-4	-3	2	3	4	0	1	0	1	22	0	0	5	7	11	1	1	1	2	22	0	0	20	0.28	inf
-2	-5	-5	-5	1	-4	-5	-5	-5	6	1	-4	-1	1	-3	-3	-3	-4	-3	3	3	0	0	0	2	0	0	0	0	52	11	0	0	6	1	1	0	0	0	23	0.93	inf
0	0	-1	-1	-2	2	0	0	-1	0	-1	1	-1	-3	-2	2	1	-3	-2	0	7	4	1	2	0	12	4	8	1	8	5	8	0	0	0	18	13	0	0	9	0.14	inf
1	-4	-3	-4	3	-4	-4	5	-5	0	-4	0	2	-5	-4	2	-3	-5	-5	0	10	0	0	0	7	0	0	41	0	7	0	8	6	0	0	14	0	0	0	6	0.76	inf
-1	-1	0	3	-3	0	0	-1	1	1	-1	-1	0	-1	0	1	0	-4	-3	0	4	3	4	24	0	3	4	3	3	11	4	3	3	3	4	11	6	0	0	6	0.18	inf
0	0	0	2	-3	0	1	-2	0	-2	-2	1	-3	0	4	1	0	-4	-3	-2	6	5	4	14	0	3	10	2	2	3	2	8	0	4	20	9	4	0	0	3	0.31	inf
0	-2	1	3	-4	1	3	1	-2	-4	-3	0	-1	-2	-1	-1	-1	-4	-1	-4	6	0	6	21	0	6	26	12	0	0	3	4	2	2	2	3	2	0	2	0	0.44	inf
1	1	2	-2	-3	1	2	0	3	-4	-4	1	-1	-4	-1	1	0	-4	-3	-2	14	7	11	0	0	8	13	5	8	0	0	9	2	0	3	12	7	0	0	2	0.28	inf
0	-3	0	-3	2	-2	-3	0	-3	3	-1	0	-1	-3	-3	0	0	-4	-3	3	8	0	6	0	6	2	0	7	0	25	2	6	0	0	0	5	6	0	0	26	0.34	inf
2	1	0	-1	-1	2	1	-1	1	-2	-2	2	-2	-4	-1	0	0	-4	-3	-1	24	7	3	3	1	13	6	3	4	2	2	14	0	0	2	4	6	0	0	5	0.22	inf
0	1	2	-1	-4	2	2	-3	-1	-1	1	3	0	-3	-3	0	-2	-4	-1	-2	7	7	13	1	0	8	15	0	1	3	15	20	2	0	0	4	0	0	1	1	0.27	inf
5	0	-3	-4	4	-1	-2	-2	-4	-3	-2	0	-1	-4	-3	1	-2	-5	-4	1	52	4	0	0	8	2	2	2	0	0	3	7	2	0	0	9	0	0	0	8	0.67	inf
2	1	-3	-3	0	-1	-1	-1	-1	2	1	0	2	-2	-3	-1	-1	-4	-3	1	22	7	0	0	2	2	4	3	1	13	15	6	6	0	0	4	3	0	0	11	0.17	inf
0	2	0	-2	-4	1	2	-2	1	-1	-1	3	-1	-1	-1	-1	-2	0	-1	0	6	15	5	0	0	6	15	2	3	5	4	20	1	3	3	2	0	2	2	7	0.22	inf
0	2	0	0	-3	1	3	-3	0	-1	-1	1	2	-2	-1	-1	-1	0	-1	-2	11	14	5	4	0	8	21	1	2	3	7	6	7	2	3	0	3	1	1	1	0.21	inf
0	-4	-4	-4	-3	-1	-4	-4	-4	6	0	-4	-1	-3	-1	-2	-1	-4	-3	3	7	0	0	0	0	3	1	1	0	50	4	1	0	0	3	3	3	0	0	22	0.85	inf
-1	0	0	1	2	-1	1	-1	0	2	0	0	1	-2	-2	0	-1	-3	0	1	2	4	4	8	6	2	11	3	2	17	8	5	4	0	0	7	3	0	4	9	0.08	inf
1	-2	-1	0	-4	3	4	-1	-2	-2	-1	1	0	-2	-3	-1	-1	-4	-1	-2	13	0	2	5	0	15	30	4	0	1	6	10	2	2	0	2	2	0	3	3	0.38	inf
-1	-1	0	0	0	-1	0	0	0	1	2	0	2	-2	-2	0	0	-3	-2	0	3	2	5	4	2	1	8	6	3	9	28	5	6	0	2	6	6	0	0	4	0.10	inf
0	1	-1	-2	-2	-1	0	-2	-2	1	0	1	2	1	-2	0	1	-2	-1	1	9	9	0	0	0	0	9	1	0	9	9	9	9	9	0	9	9	0	0	9	0.07	inf
1	0	-2	-2	-2	0	-2	0	0	0	0	0	2	0	0	0	0	2	1	0	12	5	0	0	0	4	0	9	3	6	10	7	8	5	3	4	7	3	5	6	0.06	inf
-1	1	1	3	-4	2	2	-2	-2	-3	-1	2	-2	-4	-2	1	0	-4	-3	-3	4	9	5	21	0	9	18	0	0	0	6	14	0	0	0	9	4	0	0	0	0.39	inf
-1	1	0	1	-3	1	2	-3	-2	1	-1	2	-1	-1	0	-1	0	-3	-2	0	3	7	4	8	0	8	14	0	0	11	6	15	0	3	5	3	7	0	0	6	0.14	inf
-1	-2	-2	0	-2	0	0	0	0	1	2	-1	0	0	0	0	-1	1	0	1	3	0	0	7	0	6	6	6	3	6	25	3	2	2	5	7	0	2	4	12	0.07	inf
0	1	1	0	-2	1	0	0	2	0	0	0	1	-2	1	0	-1	-3	-2	0	7	7	7	7	0	7	7	7	6	7	7	7	6	0	7	7	0	0	0	7	0.07	inf
0	0	1	0	-3	1	2	-2	1	1	-1	0	-1	0	0	0	-1	-3	0	0	7	4	8	4	0	5	18	0	4	10	5	4	0	5	4	8	0	0	4	8	0.09	inf
0	0	1	3	1	-1	1	-1	-2	0	-2	0	0	-2	1	0	1	-3	0	-2	8	5	7	18	3	0	7	4	0	7	3	5	2	0	8	8	9	0	4	0	0.15	inf
0	0	-2	1	-3	0	1	-3	2	-1	-1	-1	0	1	4	-2	-1	-3	1	0	6	5	0	9	0	5	9	1	6	2	4	3	2	7	25	1	3	0	4	6	0.34	inf
0	0	-1	1	-3	3	2	0	-2	-3	-1	1	-2	-1	0	0	-2	-3	0	-2	10	4	0	8	0	20	14	8	0	0	5	11	0	3	5	4	0	0	4	3	0.24	inf
0	0	1	-2	-2	0	0	2	-2	-1	0	1	1	-3	-1	1	1	-3	-2	-1	7	4	6	0	0	4	5	19	0	2	9	9	6	0	2	15	7	0	0	4	0.14	inf
-1	2	0	1	-3	2	2	0	0	-1	-1	1	-2	-2	0	0	-1	-3	-2	-1	1	13	2	9	0	9	19	7	3	5	5	10	0	2	4	6	3	0	0	3	0.19	inf
0	0	1	-2	0	0	-2	1	1	2	-1	-2	0	0	2	-1	-1	-3	-1	1	6	5	8	1	3	4	1	12	5	17	3	1	3	3	11	3	1	0	2	12	0.11	inf
0	2	0	-2	-2	0	-1	1	-2	0	0	0	0	-2	0	1	0	-3	-1	0	7	14	6	1	0	3	3	9	0	7	11	4	3	0	5	13	2	0	3	7	0.07	inf
0	-2	1	-1	-2	0	0	1	1	0	-1	-1	0	-2	2	0	1	-2	1	0	7	0	7	2	0	4	4	15	4	6	4	3	2	0	9	5	11	0	7	8	0.11	inf
1	-1	0	-2	-2	1	0	-1	-1	1	-1	0	1	0	0	0	1	-2	1	1	12	3	4	1	0	6	7	3	0	13	3	5	4	4	5	4	11	0	6	8	0.06	inf
-1	-1	0	-1	-3	-1	1	-1	0	0	-3	-1	-2	-1	5	1	0	-3	-1	-1	4	4	5	3	0	0	11	5	3	7	1	3	0	2	29	13	4	0	2	4	0.41	inf
-2	-1	-2	0	1	-1	-1	0	5	-1	0	-1	-2	0	-1	0	-2	-2	3	0	1	4	0	5	4	2	4	8	20	3	10	2	0	3	3	9	1	0	15	7	0.27	inf
0	1	0	-1	-2	2	0	-1	-1	1	-1	1	0	-1	0	1	0	-3	-2	0	7	9	5	3	0	13	3	2	1	13	3	8	2	2	5	11	4	0	0	9	0.10	inf
-1	1	1	1	-3	1	1	0	2	0	-2	1	-2	-2	1	0	0	-2	1	0	1	7	7	7	0	7	7	7	7	7	1	7	0	0	7	7	7	0	7	7	0.11	inf
0	0	1	-2	-2	0	-2	-1	2	-1	-1	0	0	0	1	1	1	-3	-2	2	4	5	8	0	0	3	0	4	6	0	4	7	3	5	6	13	7	0	0	22	0.11	inf
-1	0	0	-2	-3	2	-2	0	1	-2	-1	1	-2	0	3	0	1	-4	-3	0	5	4	4	0	0	14	0	8	4	0	6	11	0	4	16	7	8	0	0	8	0.24	inf
1	1	0	0	1	0	0	0	-1	-1	-1	0	-1	0	0	1	0	-2	1	0	14	8	4	5	3	4	4	6	0	4	6	4	0	4	5	11	6	0	5	5	0.05	inf
0	0	3	-2	-3	-1	0	0	3	-1	-1	0	-2	-1	0	2	0	-3	-1	0	5	4	17	0	0	0	5	6	8	4	8	5	0	3	3	17	3	0	2	9	0.14	inf
1	0	1	0	-3	1	0	3	-2	-3	-2	-2	-2	0	-3	2	0	-3	-3	-1	9	5	6	4	0	6	5	22	0	0	4	0	0	6	0	24	4	0	0	4	0.27	inf
-1	0	-1	-1	-3	0	-2	-1	1	0	-1	0	-2	0	4	1	0	-3	-2	-1	3	6	3	4	0	3	1	6	3	8	4	4	0	4	28	12	6	0	0	5	0.36	inf
0	-3	-2	0	1	-1	-1	-2	-3	1	1	-2	2	-2	0	0	-1	1	-2	2	8	0	0	8	3	3	4	3	0	8	13	0	8	0	4	8	2	2	0	24	0.15	inf
0	0	-2	-2	-2	-1	-1	0	-2	2	0	0	-1	-1	-1	1	0	-3	-2	2	8	4	0	0	0	2	3	6	0	18	8	6	0	3	2	16	7	0	0	17	0.12	inf
-1	-1	0	-1	3	-1	0	3	0	-1	-1	-2	-2	-1	1	0	0	-3	-2	0	2	3	5	2	8	2	9	26	3	3	4	0	0	4	9	7	6	0	0	7	0.19	inf
0	1	0	-2	-2	-1	-1	0	2	1	0	0	-1	-2	-1	2	1	-3	-2	0	8	10	3	1	0	0	2	7	6	11	7	7	0	0	2	19	10	0	0	5	0.11	inf
-1	0	2	0	-3	-2	-1	3	-2	0	-1	-1	-2	-3	0	1	1	-3	-3	0	3	4	12	4	0	0	2	28	0	8	5	3	0	0	5	9	8	0	0	5	0.24	inf
-1	-1	-1	-2	0	0	-1	4	-3	-3	0	-2	0	-1	0	1	0	-3	-3	-2	4	3	2	0	2	4	3	39	0	0	11	0	3	2	6	10	7	0	0	2	0.37	inf
0	3	-1	-2	-3	2	1	-1	-2	-2	-2	2	-1	-1	1	2	0	-3	0	-1	5	18	0	1	0	10	7	3	0	0	4	11	2	3	6	16	7	0	3	4	0.22	inf
0	0	2	1	-3	1	0	2	-2	-1	-3	1	-2	-3	-2	0	0	1	-3	-1	7	5	12	10	0	6	6	20	0	4	1	8	0	0	0	7	5	2	0	5	0.20	inf
0	0	-1	-1	-2	-1	0	2	-1	-1	-1	0	-1	-2	0	2	1	-3	-1	-1	8	6	0	3	0	0	7	16	2	4	6	6	2	0	4	22	8	0	3	2	0.15	inf
1	-1	0	-1	2	-1	-1	0	-2	1	0	-1	1	0	0	1	-1	-3	-1	0	12	3	6	3	6	0	4	7	0	14	7	3	5	4	4	14	1	0	1	5	0.05	inf
0	0	-2	-1	-2	-1	0	-1	-2	0	0	1	1	0	2	1	0	-2	1	0	9	5	0	2	0	2	4	4	0	7	7	9	7	4	10	14	6	0	6	4	0.09	inf
-1	0	0	2	-3	1	1	-2	2	1	-2	1	-2	-1	1	0	0	-3	-1	-1	3	3	4	13	0	6	9	1	8	12	1	12	0	3	9	5	7	0	2	3	0.16	inf
0	-1	1	-1	-3	1	1	0	-2	-1	-1	1	-2	-2	3	0	0	1	-1	-1	8	1	6	2	0	8	11	7	0	4	4	13	0	0	14	8	4	2	3	5	0.17	inf
1	1	-1	-2	2	0	-1	0	-2	-2	-2	1	-2	-2	-1	2	2	-3	1	-1	15	9	0	1	5	4	1	8	0	2	1	11	0	0	3	17	14	0	6	3	0.20	inf
0	-1	0	-2	-2	0	0	3	0	0	0	-1	0	0	-2	0	0	-2	0	0	6	4	4	1	0	5	5	26	2	5	8	1	4	4	1	9	7	0	3	6	0.13	inf
-1	-1	2	0	-2	0	0	1	0	1	0	-1	1	1	-1	0	-1	2	0	0	1	2	12	4	0	4	5	15	2	9	6	0	4	6	3	8	3	3	3	9	0.06	inf
0	1	1	-2	-3	1	0	-3	-2	-1	-2	0	-2	-3	4	1	0	-3	-1	1	9	8	6	0	0	6	6	1	0	2	3	4	0	0	22	11	6	0	2	13	0.31	inf
0	-1	0	0	-2	-1	1	-1	2	0	-1	1	0	0	1	0	-1	-2	2	-1	10	2	3	6	0	0	10	5	7	8	5	11	2	4	7	5	3	0	10	3	0.08	inf
0	1	1	-1	-3	0	0	-1	1	0	-1	0	2	0	1	0	1	-3	0	0	6	7	9	3	0	5	4	4	5	8	3	5	9	4	6	6	8	0	3	5	0.06	inf
-1	1	1	0	-4	1	0	-1	1	-1	-3	1	-3	1	3	0	1	-4	-3	-1	4	7	7	6	0	7	5	5	4	4	1	8	0	7	17	6	8	0	0	4	0.23	inf
1	0	0	1	-3	-1	0	-1	2	-1	-1	1	-2	2	0	1	0	-3	-1	-1	12	5	3	11	0	0	4	3	7	3	5	10	0	12	5	9	4	0	0	5	0.10	inf
0	1	-2	1	-3	1	0	0	1	-1	-1	0	-2	-3	3	1	-1	-4	-3	-1	6	8	0	10	0	8	3	8	3	5	5	6	0	0	16	14	3	0	0	3	0.22	inf
0	0	0	0	-2	-1	-1	0	-2	1	0	0	-1	0	0	0	1	1	-1	1	7	8	3	5	0	0	3	8	0	10	8	5	0	3	4	8	9	3	2	13	0.03	inf
1	2	0	1	-3	1	1	-1	0	-2	-1	2	0	-3	0	0	0	-3	-1	-2	12	14	2	8	0	7	10	4	2	2	5	12	2	0	3	7	5	0	2	1	0.16	inf
0	-1	0	-1	-3	-1	-2	4	-2	0	-2	0	0	0	1	-1	0	-3	0	-1	7	3	5	3	0	2	1	34	0	7	3	6	3	4	6	3	6	0	3	3	0.26	inf
-1	0	0	0	-3	1	2	0	1	-1	-3	0	-2	-3	4	1	1	-3	-3	-2	4	5	4	3	0	5	14	7	4	5	1	4	0	0	20	11	10	0	0	1	0.33	inf
0	-2	-1	1	-3	-1	1	1	-3	-1	-2	0	-2	-3	4	1	1	-4	-3	-1	7	0	2	7	0	2	10	12	0	5	4	4	0	0	25	9	8	0	0	3	0.38	inf
0	-1	-1	0	-2	-1	-1	0	-2	0	1	0	-1	-2	1	1	1	-3	-2	1	8	3	2	5	0	0	4	8	0	5	15	5	0	0	6	16	10	0	0	10	0.10	inf
1	0	0	2	-3	0	0	1	-2	0	-2	0	-1	-1	2	0	-2	-3	-1	-1	11	4	3	13	0	5	7	12	0	7	2	6	2	3	12	6	0	0	2	4	0.15	inf
1	0	-2	-2	-2	-2	0	0	0	0	-1	0	0	-2	-1	2	2	-3	-2	1	12	5	0	0	0	0	5	6	3	3	3	5	3	2	2	21	15	0	0	14	0.17	inf
1	-3	-1	-3	-3	-2	-1	-1	0	1	-1	-2	1	0	0	1	1	-2	3	1	13	0	3	0	0	0	3	5	3	7	3	0	3	4	5	12	9	0	14	15	0.17	inf
1	-2	1	-1	-2	-1	-1	-1	-2	0	0	1	0	-1	1	1	2	-3	-2	1	14	0	9	2	0	2	3	3	0	3	8	9	2	3	6	10	13	0	0	12	0.10	inf
0	0	0	-2	-2	-1	-1	-3	-2	2	1	-1	1	0	0	0	1	-3	-2	1	7	7	4	1	0	3	3	1	0	15	16	2	5	3	5	9	8	0	0	12	0.11	inf
1	2	0	0	-3	2	0	-1	0	-3	-2	1	-1	-3	0	0	1	-3	-3	-1	11	16	3	4	0	12	4	5	2	0	3	11	2	0	5	8	9	0	0	4	0.20	inf
0	0	-1	-1	-3	-1	-1	3	1	-2	-1	-1	2	-1	0	0	-1	-3	0	-1	9	7	2	3	0	2	2	28	4	0	7	4	7	2	6	4	4	0	3	5	0.19	inf
-1	1	-1	1	1	3	0	-1	-2	-2	-1	-1	-1	0	2	1	0	-3	1	-1	2	10	2	8	4	16	6	3	0	0	7	0	2	4	9	14	4	0	5	3	0.17	inf
0	-1	1	0	-2	0	0	-1	3	0	0	0	1	-1	0	1	-1	-2	0	0	9	2	7	6	0	3	5	2	9	7	7	5	5	3	5	11	2	0	3	9	0.06	inf
0	1	0	0	-3	1	0	1	-2	-2	0	1	0	-3	1	0	1	-3	-3	-2	9	8	4	3	0	5	7	12	0	0	11	12	3	0	8	4	11	0	0	1	0.15	inf
-1	-1	0	1	2	-1	-2	0	-2	2	0	-1	-1	2	-1	-1	-1	-2	0	1	4	4	6	9	5	3	0	8	0	14	8	2	0	13	3	3	2	0	4	12	0.08	inf
-1	0	2	-1	1	-1	-1	0	0	-1	-1	-2	-2	0	3	1	0	-3	0	-1	2	6	10	3	4	2	3	7	2	4	5	0	0	5	18	14	6	0	4	5	0.20	inf
1	0	-2	-1	-3	0	0	1	0	-1	-2	0	-2	-3	4	0	0	-4	-3	-1	16	6	0	3	0	4	7	12	3	4	3	5	0	0	22	6	6	0	0	3	0.32	inf
1	-1	-2	1	-2	-1	-1	0	1	-1	1	0	0	-2	0	0	-1	2	0	0	18	3	1	11	0	0	3	9	4	2	16	6	3	0	3	7	1	3	4	6	0.08	inf
1	1	2	1	-3	0	1	0	0	-1	-3	0	-2	-3	-1	1	1	-3	-1	-1	11	8	12	6	0	2	11	7	2	3	1	5	0	0	2	13	9	0	2	5	0.16	inf
0	0	-2	-2	1	0	-1	0	-2	0	1	-1	1	-1	0	0	0	-2	0	1	6	6	1	1	4	3	5	9	0	4	21	3	3	0	5	6	8	0	4	11	0.06	inf
0	1	1	-1	1	0	0	0	-2	0	-2	-1	2	-3	1	1	1	1	-2	0	10	10	6	3	3	4	6	8	0	5	3	0	7	0	7	8	10	2	0	5	0.10	inf
1	0	0	2	-3	0	2	-1	2	0	-3	2	1	-3	-1	-1	0	-4	-3	-2	14	3	3	11	0	4	15	5	6	6	1	15	4	0	3	3	6	0	0	2	0.21	inf
0	-2	-1	-3	1	-2	-3	-1	0	2	2	-3	3	1	-1	0	0	2	0	1	7	2	2	0	3	0	0	5	3	12	19	0	9	6	3	6	6	3	2	11	0.16	inf
1	1	1	1	1	1	0	1	0	-1	-1	0	0	-1	0	0	0	-3	0	-1	11	8	6	7	3	8	4	11	2	3	5	3	3	3	5	8	5	0	3	2	0.07	inf
-1	0	-1	0	1	2	1	0	0	-1	0	2	-2	-2	-1	1	0	-3	1	-1	2	3	2	4	4	10	7	8	2	4	11	14	0	0	2	12	6	0	5	3	0.09	inf
0	0	-2	0	1	0	0	-1	1	1	0	0	1	1	0	-1	0	-2	1	0	9	5	0	6	4	3	6	4	4	10	9	4	4	6	5	1	6	0	5	8	0.02	inf
1	1	-2	0	-3	0	-2	0	-3	0	0	0	2	-3	2	0	1	-3	-3	0	11	8	0	6	0	5	0	7	0	5	9	6	7	0	11	6	9	0	0	7	0.13	inf
0	1	0	-1	-3	0	1	1	0	-2	-2	2	0	-3	1	2	1	2	-3	-3	6	7	3	3	0	3	8	10	2	3	4	14	3	0	7	16	7	3	0	0	0.18	inf
1	-1	-2	0	-3	2	0	-3	3	-2	-1	-1	1	-3	2	2	1	-4	-1	-1	10	2	0	5	0	13	4	0	8	2	4	2	3	0	10	21	8	0	2	4	0.29	inf
1	-1	-2	-2	2	2	-1	0	-2	0	0	-2	1	0	-1	1	-1	-3	-1	0	16	2	0	2	4	12	4	7	0	7	9	0	3	5	3	14	2	0	2	8	0.12	inf
1	0	-1	1	0	-1	0	0	0	-1	0	-1	-2	-1	2	1	-1	-3	0	-1	13	4	2	7	2	2	4	7	2	2	14	3	0	3	11	16	2	0	3	3	0.11	inf
1	-1	2	-1	-4	0	1	-1	2	-3	-2	-2	2	-4	3	1	0	-4	-3	-3	10	3	9	2	0	4	9	5	7	0	4	0	8	0	18	11	7	0	0	0	0.34	inf
-1	-1	-1	-1	1	-1	0	0	-2	1	0	-2	1	1	1	0	0	4	1	0	4	2	3	4	4	2	6	7	0	8	6	0	4	8	8	8	7	8	4	6	0.11	inf
2	1	0	0	-3	1	-1	-2	2	-1	-1	-1	-2	-3	3	0	-1	-4	-1	0	20	8	4	4	0	6	2	2	5	4	6	3	0	0	14	7	3	0	2	7	0.20	inf
0	0	-1	-1	-3	1	-1	-2	-3	-1	0	-1	2	-3	4	1	-2	-4	-3	-1	9	5	2	3	0	9	4	3	0	4	9	4	7	0	22	13	0	0	0	5	0.33	inf
0	0	0	-1	-3	0	1	-2	2	0	-1	-1	0	0	4	-1	-1	-4	-2	1	6	6	4	3	0	3	10	3	6	5	5	2	3	4	22	4	3	0	0	10	0.26	inf
1	0	-1	-2	-3	1	0	-1	3	1	-1	0	1	-1	2	1	-1	-3	1	-2	10	6	3	0	0	6	4	4	9	11	4	5	4	2	11	12	3	0	5	0	0.16	inf
1	-1	1	1	-3	2	0	2	1	-3	-1	-1	-2	-3	-1	2	0	-4	-3	-1	11	2	7	7	0	12	4	15	4	0	6	3	0	0	2	16	6	0	0	5	0.20	inf
1	0	2	0	-3	-1	0	2	2	-3	-2	-1	-2	0	2	0	0	-3	-2	-2	11	5	11	4	0	2	6	18	5	0	4	3	0	5	11	7	5	0	0	2	0.20	inf
-1	0	-1	-1	-2	-1	0	-1	0	1	0	0	1	0	1	1	1	-3	-1	0	4	5	2	3	0	2	7	3	2	10	6	7	4	4	7	13	13	0	2	7	0.07	inf
1	0	1	-1	-3	-1	-2	3	-2	-1	-1	-1	0	0	0	1	-1	1	-2	-1	16	4	7	3	0	2	1	22	0	3	5	3	3	5	4	13	3	2	0	4	0.18	inf
0	1	-2	-2	-3	0	0	1	0	0	-1	0	1	1	1	0	0	-2	1	-1	10	8	0	0	0	5	5	15	3	6	5	4	4	8	6	7	4	0	7	3	0.09	inf
0	-2	1	-1	-3	0	-2	0	1	-2	-1	1	0	-1	1	2	1	-3	0	-2	7	0	6	3	0	4	0	7	4	0	7	12	2	3	8	20	10	0	4	2	0.16	inf
0	-3	-2	0	-3	-2	-1	3	0	0	-1	-1	-2	-3	2	1	0	-4	-3	0	6	0	0	5	0	0	3	24	3	6	7	2	0	0	13	13	7	0	0	9	0.27	inf
0	0	1	0	-2	-1	0	0	-2	1	-1	-1	0	0	2	0	0	-2	1	0	8	7	8	6	0	0	8	9	0	10	6	1	2	4	10	6	5	0	6	5	0.07	inf
0	0	2	1	-3	-1	2	0	-1	-1	0	0	-1	-1	0	0	0	-3	0	0	7	6	12	6	0	0	15	9	0	3	10	3	0	3	4	9	3	0	3	6	0.08	inf
0	2	-1	1	-3	0	0	1	1	-1	-2	1	0	0	1	1	0	-3	0	-1	4	13	0	8	0	3	5	10	4	3	1	9	3	5	7	15	3	0	5	4	0.12	inf
0	1	1	-1	-2	1	0	0	-1	-1	-2	-1	1	1	1	0	0	-2	1	0	8	8	7	0	0	7	8	8	0	0	1	0	7	7	8	8	8	0	7	8	0.09	inf
0	1	-2	-2	-3	1	-2	0	2	1	0	1	0	-1	3	0	0	-3	1	-1	5	8	0	0	0	6	0	7	6	10	7	8	3	3	16	9	4	0	5	2	0.16	inf
1	0	1	-2	-3	-2	0	1	1	-3	-2	-1	1	-1	5	0	-1	-4	-1	-2	12	5	9	0	0	0	5	9	4	0	3	3	5	2	29	5	3	0	2	3	0.44	inf
0	1	0	-1	-3	0	2	1	1	-1	-2	1	-1	-1	2	0	0	-3	-2	-1	5	11	6	0	0	4	16	12	3	4	3	8	2	2	10	3	7	0	0	4	0.16	inf
2	1	-2	-2	0	-1	-2	1	0	-2	0	-1	1	0	-3	1	1	-3	0	-1	20	9	0	2	2	3	0	13	2	0	9	3	6	4	0	10	10	0	3	5	0.13	inf
-1	2	-1	-2	-3	2	0	1	2	-1	-2	1	-2	-1	1	1	0	-3	0	-2	4	13	0	0	0	11	5	13	5	5	3	7	0	2	7	11	4	0	4	2	0.17	inf
0	-2	-2	0	-3	1	1	2	0	-2	-1	0	0	-3	2	-1	0	-3	0	-1	9	0	0	5	0	6	8	22	3	0	4	8	4	0	11	3	5	0	4	6	0.19	inf
0	1	0	0	-3	-1	2	0	-2	-1	-1	-1	0	1	2	0	0	-2	1	-2	5	8	4	5	0	0	15	8	0	3	6	2	3	8	10	9	6	0	7	0	0.12	inf
-1	0	-2	-1	-3	-2	0	0	1	-1	-2	0	-2	-2	2	1	-1	6	3	-1	5	5	0	4	0	0	6	8	4	3	4	4	0	0	13	10	3	15	10	4	0.38	inf
0	0	0	0	0	0	0	2	1	-2	-2	0	-2	-3	2	1	0	-3	-1	-1	9	4	5	4	3	3	5	16	4	0	5	4	0	0	10	14	6	0	3	4	0.16	inf
0	0	1	0	-3	0	1	0	1	0	-1	0	1	0	2	0	0	-3	-2	-1	5	4	6	5	0	4	8	9	4	6	6	7	4	4	13	7	3	0	0	4	0.10	inf
-1	-2	-2	0	-3	-2	-2	1	3	0	0	0	1	1	0	0	0	3	1	0	4	0	0	6	0	0	0	11	10	7	11	6	6	7	5	6	5	4	4	6	0.12	inf
1	-1	0	1	-2	1	0	1	-2	-1	-2	1	0	-3	0	2	0	-3	-2	-1	13	1	3	8	0	6	3	9	0	3	4	10	3	0	3	26	4	0	0	3	0.19	inf
0	0	-1	-1	-2	1	1	-1	-2	-1	-1	0	-1	0	3	1	1	-3	-1	0	8	6	0	2	0	6	9	5	0	3	4	6	0	4	14	15	9	0	2	7	0.16	inf
1	0	0	-1	-3	-1	1	0	1	-2	-2	0	0	-1	3	1	0	-3	1	-1	10	4	3	2	0	1	10	8	4	0	1	3	3	2	19	14	4	0	6	5	0.25	inf
2	-2	0	0	-2	0	1	1	-2	0	-1	-1	0	-3	0	0	0	-3	-2	-1	22	0	5	4	0	3	13	14	0	8	3	1	4	0	4	7	7	0	0	3	0.15	inf
-1	0	1	-1	-3	3	1	-2	0	-2	-1	0	-1	-3	4	1	0	-3	-3	-1	3	3	8	1	0	16	10	1	2	2	5	5	1	0	21	13	5	0	0	4	0.36	inf
0	2	-1	-1	0	0	1	-1	-2	-1	-1	0	-1	-3	0	0	2	-3	-2	1	9	14	0	3	3	4	8	3	0	2	3	4	0	0	4	5	18	0	0	18	0.14	inf
-1	-1	-1	-2	0	-2	-1	-3	-3	2	-1	-2	-1	-1	-2	1	4	-3	-2	1	3	3	3	1	1	0	4	1	0	15	5	1	1	2	1	13	38	0	0	9	0.37	inf
1	-1	-2	-2	-2	1	0	-2	1	1	-1	0	1	0	-1	-1	0	2	0	1	16	1	0	1	0	7	5	1	5	12	3	8	4	5	2	3	7	3	2	16	0.10	inf
-1	0	0	-1	-3	3	2	-2	1	-3	-3	2	-2	-3	0	0	2	-3	-1	-2	4	3	4	2	0	15	19	1	4	0	1	14	0	0	5	3	22	0	2	2	0.33	inf
-2	-3	-4	-4	-2	-3	-4	-4	-3	4	2	-3	3	2	-4	-3	-1	-3	-1	3	0	0	0	0	0	0	0	0	0	31	24	0	9	10	0	0	1	0	1	20	0.55	inf
1	1	-1	1	-2	1	0	-1	-1	-1	-1	1	-1	0	-2	1	1	-2	-1	-1	10	12	1	8	0	10	3	4	0	2	4	6	0	7	0	14	12	0	1	4	0.12	inf
-2	-4	-4	-4	1	-4	-4	-4	-4	5	0	-4	-1	-2	-4	-3	0	-4	-3	4	0	0	0	0	2	0	0	0	0	47	3	0	0	0	0	0	4	0	0	40	0.88	inf
0	-4	-3	1	-4	-3	-3	-4	-4	-4	-4	-1	-4	-5	8	-3	-3	-5	-4	-4	6	0	0	10	0	0	0	0	0	0	0	3	0	0	77	0	0	0	0	0	2.01	inf
2	-1	0	-1	-2	-1	1	0	-2	-1	-1	1	-1	-1	-1	0	1	-2	1	0	27	0	3	2	0	1	8	6	0	0	5	9	0	2	2	5	10	0	7	11	0.12	inf
-1	1	2	3	0	1	2	0	2	-3	-2	0	-2	-3	-2	1	-1	-3	-1	-3	0	8	11	18	2	8	13	6	7	0	5	4	0	0	0	12	2	0	1	0	0.26	inf
1	0	-1	-1	-1	-1	-1	-2	2	0	1	1	1	1	-2	-1	-1	-2	2	1	13	4	3	4	1	1	0	0	6	2	20	13	3	7	0	3	0	0	10	10	0.08	inf
1	-3	-3	-3	1	-2	-3	-3	2	3	-1	-1	2	-2	-3	-2	-1	-3	-2	4	14	0	0	0	4	0	0	0	6	26	0	4	7	0	0	0	2	0	0	35	0.43	inf
0	0	-2	-1	-3	-2	-2	6	-3	-4	-2	-2	0	-4	-3	1	-2	-4	-4	-4	4	5	0	2	0	0	2	67	0	0	5	0	2	0	0	9	0	0	0	0	0.96	inf
3	2	-1	-1	1	-1	0	-1	-2	-1	1	-1	0	1	-2	-1	-1	-3	-2	0	33	14	2	2	4	0	6	4	0	0	17	0	3	7	0	2	0	0	0	4	0.16	inf
-2	-4	-5	-5	-3	-4	-4	-5	-5	4	2	-4	2	-2	-4	-4	-2	-4	-3	4	0	0	0	0	0	0	0	0	0	34	17	0	4	0	0	0	0	0	0	46	0.89	inf
-3	-5	-5	-5	-3	-4	-5	-5	-5	6	1	-4	2	-2	-5	-4	-2	-4	0	2	0	0	0	0	0	0	0	0	0	72	9	0	5	0	0	0	0	0	3	11	1.15	inf
-2	-4	-3	-3	-5	-4	-4	7	-4	-6	-6	-4	-5	-5	-4	-1	-4	-5	-5	-5	0	0	0	0	0	0	0	96	0	0	0	0	0	0	0	4	0	0	0	0	2.00	inf
-2	4	-2	-3	-4	-1	0	-3	0	-4	-4	5	-3	-5	4	-1	-1	-5	-3	-2	0	24	0	0	0	0	3	0	2	0	0	42	0	0	20	3	4	0	0	3	0.83	inf
-2	-2	0	-1	-4	2	0	5	-3	-5	-5	2	-4	-5	-3	0	-3	-4	-4	-4	0	0	4	2	0	10	6	59	0	0	0	14	0	0	0	4	0	0	0	0	0.93	inf
-2	-5	-3	-4	-5	-4	-4	7	-4	-6	-5	-4	0	-5	-4	-3	-4	-5	-5	-5	0	0	0	0	0	0	0	97	0	0	0	0	3	0	0	0	0	0	0	0	2.04	inf
1	0	1	-1	2	1	1	0	-1	-2	-3	2	-2	-3	-2	2	0	-3	-1	-1	13	5	7	0	7	6	11	5	0	2	0	16	0	0	0	18	2	0	3	4	0.20	inf
-2	1	4	-1	-3	-1	-2	-3	3	0	-3	1	-1	-3	-3	0	3	-4	-1	-1	0	9	30	0	0	0	0	0	9	6	0	8	2	0	0	2	27	0	2	4	0.47	inf
-3	-5	-5	-5	-3	-4	-5	-5	-5	6	1	-4	-1	-2	-4	-2	-1	-4	-3	2	0	0	0	0	0	0	0	0	0	77	6	0	0	0	0	3	4	0	0	10	1.21	inf
-1	3	2	-2	-4	0	0	-3	-2	-3	-3	4	-1	-4	-3	0	-1	-4	-3	-1	5	18	14	0	0	3	3	0	0	0	0	40	2	0	0	7	1	0	0	7	0.55	inf
0	2	2	-1	-3	3	2	-1	2	-4	-3	1	-2	-1	-2	1	-1	-3	0	-3	9	13	9	0	0	19	13	3	5	0	0	7	0	2	0	15	0	0	4	0	0.34	inf
-3	-1	-5	-5	-3	-4	-4	-5	-4	6	2	-4	1	-2	-4	-4	-1	-4	0	2	0	3	0	0	0	0	0	0	0	61	18	0	3	0	0	0	2	0	3	9	0.87	inf
-1	4	0	-2	4	4	-1	-3	-2	-3	-3	1	1	-4	-3	0	1	-4	-3	-2	2	30	4	0	10	23	0	0	0	0	0	7	4	0	0	8	9	0	0	3	0.54	inf
-2	3	-1	1	-4	4	3	-3	0	-4	-2	2	-2	-4	-3	-1	-1	-4	-3	-3	1	18	0	8	0	27	24	0	1	0	3	11	0	0	0	2	3	0	0	0	0.63	inf
0	1	-1	0	-1	2	1	-2	-1	0	0	-1	1	2	-2	0	0	-2	0	0	10	9	2	3	1	13	14	0	0	5	5	1	6	12	0	4	7	0	3	5	0.11	inf
0	-2	-2	-3	-3	-2	-2	-3	-3	-3	-3	-2	-3	-4	-3	3	6	-4	-3	-2	6	2	0	0	0	0	0	0	0	0	0	0	0	0	0	30	61	0	0	0	1.06	inf
-2	-2	0	-2	-4	-2	-1	6	-1	-4	-3	0	-4	-4	-3	-1	-3	-4	-4	-4	0	2	4	0	0	0	4	75	2	0	2	7	0	0	0	2	0	0	0	0	1.19	inf
5	-3	-3	-3	0	-2	-2	-2	-3	-3	-3	-2	-2	-1	-2	0	2	-4	-3	-1	70	0	0	0	2	0	0	0	0	0	0	0	0	3	0	4	15	0	0	3	0.83	inf
-2	2	1	-1	0	2	1	-3	3	-3	-3	3	-2	-1	-3	1	1	-3	0	-3	0	14	7	1	2	11	5	0	10	1	0	24	0	2	0	9	10	0	3	0	0.36	inf
-3	-5	-5	-5	-3	-4	-5	-5	-5	6	1	-4	-1	-2	-5	-4	0	-4	-3	2	0	0	0	0	0	0	0	0	0	76	7	0	0	0	0	0	4	0	0	13	1.24	inf
-1	-1	1	1	-3	1	1	-2	1	0	-2	1	-2	-2	-2	0	1	-2	1	0	4	0	8	9	0	6	12	0	4	7	1	14	0	0	0	6	14	0	7	6	0.16	inf
-3	-5	-5	-5	2	-4	-5	-5	-5	6	1	-4	-1	0	-4	-4	-2	-4	-3	2	0	0	0	0	5	0	0	0	0	72	6	0	0	4	0	0	0	0	0	11	1.12	inf
1	0	1	2	-2	1	1	-1	0	-2	-2	0	-2	1	0	1	-1	-2	-1	-1	12	5	5	15	0	9	11	3	3	1	1	2	0	8	5	12	2	0	0	5	0.16	inf
-2	0	0	4	-4	0	2	-3	-2	-3	-3	2	-3	-4	3	-1	0	-4	-3	-1	0	3	3	32	0	3	11	0	0	0	0	16	0	0	17	0	7	0	0	6	0.56	inf
0	-1	-1	1	-3	1	2	-2	2	-2	-2	1	-2	-3	5	0	0	-3	-2	-2	8	2	2	9	0	5	13	1	6	2	3	8	0	0	30	4	5	0	0	1	0.49	inf
0	1	2	0	-2	0	0	1	-1	-1	-1	0	-1	-2	2	1	0	-3	-2	-1	7	8	12	4	0	2	7	13	1	4	4	4	2	0	10	12	5	0	0	5	0.14	inf
-1	1	1	2	0	0	3	0	-1	-3	-2	0	-2	-3	1	0	1	-3	0	-2	2	7	6	12	3	3	23	5	0	0	3	4	0	0	9	7	11	0	3	1	0.25	inf
-1	-2	1	4	-3	0	1	3	0	-3	-3	0	-3	-3	0	0	-1	-3	-3	-2	1	1	4	30	0	2	7	27	2	1	1	6	0	1	5	4	4	0	0	4	0.42	inf
-1	-1	1	0	0	1	0	-2	-2	-2	-1	1	-2	-3	3	1	2	-3	-2	-1	3	2	6	6	2	7	2	1	0	1	5	10	0	1	16	12	19	0	0	4	0.26	inf
-1	0	3	3	-3	-1	0	2	-2	-2	-2	1	-2	-3	1	1	-1	-3	-3	-2	1	5	16	18	0	0	2	16	0	2	5	12	0	0	7	10	3	0	0	2	0.28	inf
-1	-1	0	3	-3	1	3	0	-2	-1	0	0	0	-1	-2	0	-1	-3	-2	-1	3	0	5	19	0	7	22	8	0	2	10	6	3	2	0	7	0	0	0	4	0.22	inf
-1	5	-1	0	-3	0	0	-1	-2	-1	-3	2	-1	-3	1	0	0	-3	-3	-2	2	41	0	5	0	3	6	5	0	4	1	11	2	0	6	7	5	0	0	2	0.45	inf
-2	0	0	-2	0	-1	-1	-2	0	2	1	1	2	-2	-1	-2	1	-3	-2	1	0	6	5	0	2	2	2	2	2	20	16	9	8	0	2	0	9	0	0	11	0.13	inf
-1	-4	-4	-4	1	-4	-4	-4	-4	4	0	-1	-1	4	-4	-3	-2	-3	0	4	4	0	0	0	3	0	0	0	0	30	2	4	0	20	0	1	0	0	2	34	0.64	inf
-1	-2	-2	-2	-3	-2	2	-3	0	2	-2	0	-2	-2	-3	0	4	-3	0	1	3	0	0	0	0	0	15	0	3	14	2	8	0	1	0	3	39	0	4	9	0.39	inf
0	-4	-4	-3	-3	-4	-4	-5	-4	6	1	-4	-1	-1	-4	-2	-1	-4	-3	2	8	0	0	2	0	0	0	0	0	60	10	0	0	1	0	2	2	0	0	15	0.85	inf
-1	2	-1	-2	-3	1	1	-2	-2	-2	-3	0	0	-1	-3	2	4	0	-2	-2	4	11	0	0	0	6	10	2	0	2	0	6	2	3	0	17	35	1	0	0	0.39	inf
0	-4	-3	-3	-4	-3	-1	6	-4	-6	-6	-3	-5	-5	-2	0	-2	-5	-5	-5	5	0	0	0	0	0	4	82	0	0	0	0	0	0	2	7	1	0	0	0	1.55	inf
0	-2	1	-1	-3	-2	-2	-1	-3	-3	-2	0	1	-4	2	2	4	-4	-3	-2	4	0	7	3	0	0	0	4	0	0	1	6	6	0	10	21	37	0	0	1	0.50	inf
-1	-1	0	-2	-4	3	0	0	0	-1	-3	-1	-3	1	5	-2	0	-4	-3	-3	4	2	4	1	0	16	6	8	2	4	1	3	0	7	36	0	6	0	0	0	0.63	inf
1	-1	-1	2	-4	1	4	-2	1	-4	-4	2	-1	-4	-3	0	-2	-4	-3	-3	12	2	1	14	0	5	43	2	3	0	0	11	2	0	0	4	0	0	0	1	0.61	inf
3	-2	2	-1	-3	3	1	-1	1	-3	-3	-1	0	-4	-3	2	-1	-4	-3	-2	29	0	12	2	0	20	6	3	3	0	0	1	4	0	0	18	0	0	0	1	0.43	inf
0	-3	-2	-4	-3	1	-3	-4	-4	3	-1	-3	1	-2	-3	-1	1	-4	-3	4	7	0	1	0	0	8	0	0	0	22	2	0	2	0	0	3	12	0	0	43	0.55	inf
0	2	0	2	1	3	2	-3	-2	-3	-3	2	-2	0	-3	0	-1	-3	-2	-2	8	10	2	13	4	17	12	0	0	0	0	18	0	6	0	5	2	0	0	2	0.34	inf
1	1	0	-1	-3	1	1	-2	1	-2	0	3	0	-2	-2	0	0	-3	0	-1	13	8	3	2	0	6	8	0	3	0	13	24	3	0	0	3	7	0	4	2	0.17	inf
6	-4	-4	-4	-3	-3	-3	-2	-4	-1	-4	-3	-3	-5	-3	-1	-3	-5	-4	-2	96	0	0	0	0	0	0	0	0	4	0	0	0	0	0	0	0	0	0	0	1.62	inf
-2	2	-2	-2	-3	3	1	-3	0	0	-1	2	0	-3	-3	0	-1	-4	-1	1	0	13	0	0	0	22	11	0	1	7	4	18	3	0	0	6	2	0	1	11	0.34	inf
0	0	2	0	-3	3	1	0	1	-3	-2	1	0	-1	-2	0	0	-3	1	-3	7	3	12	4	0	17	10	7	4	0	2	8	3	1	0	4	8	0	7	0	0.21	inf
-2	1	-3	-3	-3	-1	1	-4	-3	1	3	-1	4	-1	-2	-3	-2	0	0	0	2	9	0	0	0	1	11	0	0	6	41	3	18	0	1	0	1	1	4	2	0.43	inf
-3	-5	-5	-5	-3	-5	-5	-6	-5	6	2	-5	-1	-2	-5	-4	-3	-4	-3	2	0	0	0	0	0	0	0	0	0	70	21	0	0	0	0	0	0	0	0	9	1.29	inf
-1	0	1	0	-3	2	2	-1	2	-2	0	1	1	0	-2	0	0	-2	1	-2	2	3	7	5	0	10	18	3	6	0	13	9	5	4	0	5	5	0	6	0	0.15	inf
2	-1	2	0	-3	1	2	2	-2	-3	-3	1	-1	-4	-3	-1	-1	-4	-3	-2	20	0	15	3	0	8	19	19	0	0	0	10	2	0	0	0	3	0	0	1	0.37	inf
-2	1	1	-2	2	0	-1	-3	2	1	1	2	-1	1	-3	-1	-2	-3	0	-1	0	8	7	0	5	2	3	0	7	12	17	23	0	8	0	4	0	0	3	0	0.18	inf
-3	-4	-5	-5	-3	-4	-4	-5	-5	5	3	-4	1	0	-4	-4	-2	-4	-2	3	0	0	0	0	0	0	0	0	0	41	26	0	2	4	0	0	0	0	0	27	0.83	inf
1	0	1	0	-3	1	1	-1	-2	-1	-2	3	-2	-3	-2	1	1	-4	-3	-1	16	2	6	2	0	6	11	2	0	3	2	26	0	0	0	9	10	0	0	4	0.24	inf
-2	2	-1	0	-3	1	4	-3	-1	-1	-1	0	0	-3	-2	1	1	-3	0	-1	0	12	0	4	0	2	37	0	0	3	6	2	3	0	0	11	10	0	4	5	0.32	inf
0	2	0	2	-4	0	5	0	-2	-2	-4	-1	-3	-4	0	-1	-2	-4	0	-3	7	12	4	10	0	0	48	7	0	4	0	0	0	0	3	0	0	0	3	0	0.53	inf
0	2	3	-1	-3	3	1	-2	-1	-3	-3	2	-2	-4	-2	1	2	-4	-3	-3	5	12	19	0	0	16	7	0	0	0	0	14	0	0	0	8	19	0	0	0	0.41	inf
-1	-2	-2	-2	-3	-2	0	5	-2	-3	-3	0	-3	3	-3	1	-2	-3	-1	-3	0	0	0	0	0	0	9	52	0	0	0	7	0	19	0	12	0	0	0	0	0.64	inf
-2	-2	-3	-4	-2	-2	-3	-4	-2	2	2	-1	2	4	-3	-2	-1	-1	0	2	0	0	0	0	0	0	0	0	0	10	15	6	11	31	0	0	0	0	0	27	0.34	inf
-1	4	-1	-2	-4	-1	-2	5	-2	-4	-4	0	-3	-4	-3	-1	-2	-3	-3	-4	0	40	0	0	0	0	0	60	0	0	0	0	0	0	0	0	0	0	0	0	0.86	inf
3	-2	-1	-2	4	-1	-1	0	-2	-2	-2	-1	-1	-2	-1	2	0	-3	-2	-1	64	0	0	0	13	0	0	0	0	0	0	0	0	0	0	23	0	0	0	0	0.36	inf
2	-1	0	-1	-1	0	-1	0	-1	-2	-2	-1	-1	-2	-1	3	2	-3	-2	-1	30	0	0	0	0	0	0	0	0	0	0	0	0	0	0	50	21	0	0	0	0.35	inf
