-1	-2	-3	-4	-2	-1	-3	-3	-2	1	2	-2	6	0	-3	-2	-1	-2	-1	2	0	0	0	0	0	0	0	0	0	0	19	0	60	0	0	0	0	0	0	21	0.43	inf
-2	-2	2	6	-4	0	3	-2	-1	-4	-4	-1	-3	-4	-2	-1	1	-4	-3	-3	0	0	9	59	0	0	21	0	0	0	0	0	0	0	0	0	10	0	0	0	0.81	inf
-3	-2	-4	-5	-3	-3	-4	-2	-4	2	4	-3	5	1	-1	-3	-2	-3	-2	1	0	2	0	0	0	0	0	3	0	12	41	0	23	6	3	0	0	0	0	9	0.62	inf
-1	-3	-3	-4	-3	-1	-3	-1	-4	2	3	0	1	0	-4	-2	0	-3	-2	3	3	0	0	0	0	4	0	6	0	15	32	7	2	3	0	2	5	0	0	22	0.31	inf
-3	-4	-4	-4	-3	-1	-4	-4	-4	2	3	-3	4	1	3	-1	-1	-4	-2	0	0	0	0	0	0	3	0	0	0	9	39	0	13	6	16	7	2	0	0	6	0.56	inf
-1	0	-1	3	-1	0	0	-3	1	0	2	-2	0	1	-1	0	-2	-3	-2	0	3	4	2	23	2	3	4	0	5	5	26	0	2	6	2	6	0	0	0	7	0.19	inf
1	-2	-1	-3	0	0	-2	-2	-3	1	0	1	2	-2	-1	1	0	-4	-3	3	13	0	2	0	2	5	0	2	0	5	6	9	7	1	3	12	6	0	0	28	0.20	inf
0	3	-1	-3	-5	6	0	-4	-1	-4	-3	1	-3	-5	-2	-1	0	-5	-4	1	8	15	2	0	0	39	3	0	1	0	2	8	0	0	2	4	5	0	0	10	0.68	inf
0	1	1	-3	-4	-1	0	4	-3	-4	-2	2	-3	-3	0	-1	-1	-4	1	-1	7	7	7	0	0	2	7	34	0	0	3	15	0	0	4	1	3	0	7	4	0.40	inf
4	-2	-2	0	0	-3	0	2	0	-3	-2	-3	-3	-2	-1	2	-1	-5	-4	0	36	1	1	5	2	0	5	13	2	0	4	0	0	2	3	16	2	0	0	7	0.41	inf
0	-2	-2	-5	10	-2	-1	-1	-3	-2	-3	-3	1	-3	-2	-2	-1	-6	-6	0	6	2	3	0	52	2	5	6	1	2	2	1	3	1	2	2	4	0	0	6	1.54	inf
-1	-5	-2	5	3	-3	-1	2	-3	0	-3	-4	-1	-2	-3	0	0	-6	-1	2	5	0	1	32	6	1	3	14	1	5	2	0	2	1	1	6	6	0	2	13	0.51	inf
4	-2	-2	-2	-3	0	2	-1	-2	-4	-3	-2	-4	-3	-1	2	0	-2	-3	-1	35	2	1	2	0	4	16	4	1	1	2	1	0	1	3	16	5	1	1	5	0.51	inf
-3	0	1	-2	-6	-1	-3	5	3	-6	-4	-1	-3	-5	0	1	0	0	2	-3	1	5	7	2	0	2	1	39	6	0	2	4	0	0	4	10	6	1	7	2	0.63	inf
-3	1	5	-2	-6	5	2	-3	1	-3	-3	0	-4	-6	-4	0	-1	-7	-2	-3	1	7	27	1	0	24	10	2	3	2	2	5	0	0	1	7	4	0	1	2	0.79	inf
-1	-1	-2	-7	7	-4	-3	-3	-5	-6	-3	-3	-4	0	-3	0	-1	8	6	-2	5	3	2	0	19	1	2	2	0	0	3	2	0	3	2	8	4	17	25	2	1.30	inf
0	-2	-5	-6	-5	-3	-2	-2	-1	1	4	-4	0	0	-4	-1	1	1	-2	2	7	2	0	0	0	1	3	3	2	6	39	1	2	4	1	5	9	2	1	15	0.50	inf
2	-3	-4	-3	7	-2	-5	3	-6	-2	-1	-2	-3	-3	-2	-2	-2	0	-6	1	18	2	1	2	24	2	0	20	0	2	7	3	1	1	2	2	2	1	0	10	0.81	inf
1	-1	-1	-3	-3	0	0	0	-2	-1	0	-1	-2	-1	-2	2	2	-2	-3	1	14	3	2	1	0	4	7	6	1	3	11	3	1	3	2	13	15	1	0	11	0.15	inf
2	-4	2	-4	0	-3	-4	-5	-2	0	1	-4	-1	-1	-3	-2	-1	-6	-2	4	16	1	11	1	2	1	1	1	1	5	15	1	2	2	1	3	4	0	1	33	0.58	inf
0	-2	-2	-4	-2	-1	-1	-3	3	0	3	-1	0	1	-2	0	2	-2	-1	0	6	2	1	0	1	3	3	1	7	5	28	3	2	6	2	9	11	1	2	6	0.25	inf
-1	-2	-2	-3	2	-3	-3	-3	-1	1	3	-3	0	2	-3	0	0	-5	-1	2	5	2	2	1	4	1	1	2	1	6	32	1	2	9	1	7	5	0	2	13	0.36	inf
-1	1	-2	-3	1	2	-1	3	0	-3	0	-1	-2	-3	-3	1	2	0	-3	-1	5	8	2	1	3	9	4	20	2	1	11	4	1	1	1	11	13	1	1	3	0.25	inf
0	-1	-1	-3	-1	-2	-2	-2	-2	0	3	-2	-1	1	1	-1	1	1	-2	1	9	3	3	1	1	1	2	3	1	4	28	2	1	7	7	5	7	2	1	11	0.22	inf
0	-2	-1	-3	5	1	-2	-2	-2	2	1	-2	0	-1	-4	1	1	-3	-3	1	9	1	3	1	11	7	2	3	1	11	16	2	2	2	1	12	8	0	0	9	0.26	inf
0	-3	-4	-3	4	-3	-2	-3	-1	0	2	-2	-2	2	-2	1	0	-3	-2	2	6	1	1	1	8	1	3	2	2	4	22	3	1	7	3	12	6	0	1	15	0.29	inf
1	-2	-1	-1	0	0	-3	-2	-2	-1	3	-3	-1	0	-3	2	0	3	-3	-1	12	3	3	4	2	4	1	3	1	2	27	1	1	3	1	18	5	3	1	3	0.28	inf
0	1	-1	-3	-2	1	-1	-2	0	1	1	-2	0	-2	-2	-1	0	1	-3	2	9	10	3	1	1	7	4	4	2	8	16	1	1	2	2	5	6	2	0	16	0.14	inf
-1	-3	-5	-4	-6	-2	-1	-2	-1	-3	1	0	-3	-3	6	1	-1	-7	-3	-1	5	2	0	1	0	2	4	4	2	1	11	6	1	1	40	10	4	0	1	5	0.84	inf
2	0	-2	-1	1	2	-1	0	-1	-2	-2	-1	-3	-1	1	2	0	-1	-3	0	19	5	2	4	3	9	4	8	2	2	5	2	0	2	6	13	7	1	0	7	0.17	inf
0	-2	-2	-2	2	-1	-1	1	-1	1	1	-1	-1	-2	-1	2	1	-3	-2	1	7	2	1	1	5	3	3	10	1	7	12	4	1	2	2	16	11	0	1	8	0.13	inf
1	-1	-3	-2	-3	-1	0	-2	0	0	3	-2	-1	-1	-1	0	0	-3	-2	2	11	3	1	2	0	2	6	3	2	5	26	2	1	3	3	6	5	0	1	18	0.22	inf
0	-2	2	-3	-1	2	-1	-2	-1	-5	-2	-1	-3	-4	5	2	-1	-3	-4	0	7	2	8	1	2	9	5	3	1	1	4	3	1	1	30	13	4	0	1	6	0.60	inf
1	0	-1	-2	-3	0	-1	-1	-2	-1	0	0	-1	0	1	0	2	-4	-2	1	13	6	2	2	0	4	4	5	1	3	9	5	1	4	7	7	12	0	1	13	0.10	inf
2	0	-1	-1	-2	-2	0	1	-1	1	0	-1	-2	-1	0	1	0	-4	-2	0	16	5	2	4	1	1	7	13	1	7	8	4	0	3	5	10	5	0	1	5	0.10	inf
0	1	-1	-2	-2	2	1	-3	-1	-2	-2	-1	-2	-1	4	0	0	-4	2	0	7	7	3	1	1	10	9	2	2	2	4	3	1	2	17	8	5	0	9	7	0.29	inf
0	0	-2	1	-1	0	0	-2	-1	1	0	0	0	-1	3	1	0	-4	-3	0	7	4	1	8	1	5	6	3	1	8	10	6	2	2	13	12	5	0	1	5	0.13	inf
0	-2	-3	-1	0	-1	0	-1	-2	1	1	-1	-1	1	2	-1	0	-4	-1	1	8	2	1	4	2	2	6	5	1	9	15	3	1	7	12	4	4	0	1	12	0.13	inf
-1	2	-1	2	-3	2	1	-2	-2	-3	-2	-1	-2	-2	3	1	0	0	-2	-2	6	10	2	14	1	8	9	2	1	2	5	3	1	1	12	11	6	1	2	3	0.25	inf
-2	-2	-3	-4	-3	0	-3	-3	0	1	0	0	0	6	-1	-2	0	2	3	0	3	3	1	1	1	5	2	2	2	8	9	6	2	29	3	3	5	2	8	5	0.52	inf
-3	-2	-2	-2	-5	0	0	-3	-3	-1	-2	-2	-4	-2	6	1	-1	-2	-3	-1	2	2	3	3	0	4	6	2	1	4	4	3	0	2	43	9	5	1	1	5	0.90	inf
-2	-1	-1	-1	-4	2	-1	-1	-1	0	1	0	-1	-4	3	0	1	3	0	-1	3	4	3	3	0	8	4	5	2	5	13	5	2	0	17	6	9	4	4	4	0.23	inf
-1	0	-1	0	-4	1	2	0	1	0	-1	1	-1	-2	0	1	0	-3	-2	-1	6	6	2	6	0	6	12	9	4	5	7	9	1	1	5	9	6	0	1	5	0.09	inf
0	-3	-3	-4	-2	-1	0	-1	1	-1	-2	-2	-1	-4	4	2	2	-3	-4	1	7	1	2	1	1	2	6	6	4	4	5	3	1	1	19	14	13	0	1	9	0.38	inf
0	0	-3	-2	-5	1	-1	-3	-1	1	1	-1	2	-1	3	0	0	0	-3	2	7	5	1	2	0	7	3	2	1	6	14	3	5	3	13	6	5	1	1	13	0.23	inf
-2	-1	0	2	-6	2	3	-2	2	-6	-3	2	-5	-6	1	2	-2	-2	-3	-2	3	3	4	10	0	9	17	4	5	1	4	11	0	0	6	15	3	1	1	3	0.42	inf
-2	-1	4	2	-5	1	0	-3	2	-5	-4	-3	-5	-3	2	2	1	-5	-5	0	4	3	18	11	0	6	7	2	4	1	2	2	0	1	9	14	8	0	0	6	0.48	inf
-2	-4	-7	-4	-3	2	-3	-5	-3	2	2	-4	1	-3	-2	-2	-1	0	1	5	3	1	0	1	1	8	2	1	1	12	18	1	4	1	3	4	4	1	4	30	0.66	inf
-3	0	0	-3	-7	-1	1	-6	-2	1	0	-2	0	-1	-4	1	4	-1	0	2	3	4	4	2	0	3	8	1	1	6	9	3	2	2	1	10	23	1	4	12	0.38	inf
2	-3	-6	-8	-2	-6	-6	-1	-8	2	0	-5	-2	-2	-2	-3	-4	-2	-3	6	17	2	1	0	1	1	1	5	0	8	7	1	1	2	3	2	1	1	1	46	1.10	inf
0	2	-1	-1	-4	1	0	-3	1	-1	0	1	0	0	0	0	0	-3	-2	1	7	11	4	3	0	5	7	2	3	4	11	7	2	5	4	8	7	0	1	10	0.10	inf
1	0	-6	-4	-4	1	5	-7	-3	-3	0	1	-3	-5	0	-2	-2	-4	-5	2	10	5	0	1	0	6	34	0	1	2	8	7	1	1	6	4	3	0	1	12	0.68	inf
-6	-6	-1	-3	-11	-7	-3	7	-4	-6	-11	-4	-7	-7	-8	-5	-7	-6	-7	-11	1	1	3	2	0	0	2	85	1	1	0	1	0	0	0	1	1	0	0	0	2.57	inf
-3	-3	-1	4	-5	3	4	0	-1	-7	-4	0	-2	-6	-6	1	-1	-4	-9	-5	3	2	3	17	0	11	26	8	2	0	2	6	1	1	1	12	4	0	0	1	0.75	inf
-1	-1	2	1	-1	-1	0	-3	-2	-5	-5	-1	-2	-5	3	2	3	-5	-5	-2	5	4	10	8	2	3	6	2	1	1	1	4	1	1	14	16	18	0	1	3	0.48	inf
3	-7	-10	-10	-5	-5	-8	-6	-10	1	1	-7	-2	0	-7	-7	-3	-4	-7	6	22	0	0	0	0	1	0	1	0	6	12	0	1	5	0	0	2	0	0	47	1.42	inf
-3	1	-1	-4	-6	-1	2	-7	-1	0	0	0	-3	-2	-4	0	4	-5	-2	2	3	8	3	1	0	2	11	0	1	5	8	5	1	2	1	8	25	0	2	12	0.49	inf
-6	-8	-12	-12	-10	-11	-8	-12	-11	1	6	-11	1	4	-11	-11	-10	-1	-6	0	1	0	0	0	0	0	0	0	0	7	67	0	3	13	0	0	0	1	0	7	1.97	inf
-3	2	1	-2	-2	0	1	-4	2	-2	-2	1	-1	-4	2	1	2	-4	-3	-2	2	12	6	2	1	5	9	2	5	2	5	8	1	1	11	10	14	0	1	3	0.32	inf
-6	-12	-12	-12	12	-12	-12	-8	-12	-5	-5	-12	-11	-7	-12	-7	-8	-12	-12	-2	1	0	0	0	91	0	0	0	0	1	1	0	0	0	0	1	0	0	0	3	4.72	inf
-1	2	-1	0	-4	2	1	-2	2	-1	-2	0	-1	-1	-1	1	1	-1	-2	0	5	9	3	5	0	10	9	4	5	3	5	6	2	3	3	10	10	1	2	6	0.15	inf
3	-5	-5	-6	-5	-4	-6	-2	-4	1	1	-5	-2	0	1	-3	0	-5	2	4	22	1	1	0	0	1	1	4	1	8	12	1	1	4	7	2	5	0	6	24	0.62	inf
-1	0	1	1	-3	1	1	-3	1	-2	-2	0	-3	-3	2	3	1	-1	-3	-2	5	5	5	7	1	5	9	2	3	3	5	5	1	1	10	18	9	1	1	3	0.24	inf
0	-1	0	2	-7	0	0	4	-1	-4	-4	-1	-5	-1	1	1	-1	-2	-4	-4	6	3	5	10	0	4	6	29	1	1	2	3	0	2	6	10	4	1	1	2	0.47	inf
-2	0	3	0	-4	0	0	0	1	-2	-3	0	-3	-1	3	2	-2	-4	1	-1	3	6	11	6	0	5	7	8	3	2	2	5	1	2	13	12	3	0	4	5	0.25	inf
0	-3	0	0	-3	-2	0	-2	1	-4	-2	-3	-3	-3	6	0	-1	-3	-1	0	8	2	5	6	1	2	6	4	4	1	4	2	1	1	33	8	4	1	2	6	0.62	inf
0	-3	-1	-1	-5	0	-3	-1	-1	-2	0	-3	1	-4	5	1	1	-4	-4	-1	8	2	3	3	0	5	2	5	1	3	9	2	4	1	27	11	9	0	1	5	0.48	inf
-1	1	-1	-1	-3	1	2	-4	-3	-1	-2	0	-2	-3	3	2	1	-6	-1	-1	6	7	3	4	1	6	12	1	1	3	5	5	1	1	16	12	9	0	2	5	0.29	inf
-3	-4	-2	-4	-3	0	-2	-1	-2	4	0	-3	-1	0	-2	-2	-1	-3	2	4	2	1	3	1	1	4	3	5	1	19	10	2	1	4	2	4	4	0	6	26	0.53	inf
-1	1	-1	-2	-2	2	1	-3	1	1	-1	0	1	0	-3	1	2	0	1	0	6	7	3	2	1	8	8	2	3	8	7	5	3	4	1	9	12	1	4	6	0.13	inf
-5	-4	-4	-3	-6	-1	-4	-5	0	-3	-3	-4	-6	-2	-4	-2	-1	12	-1	-4	2	1	1	2	0	3	1	2	2	2	3	1	0	2	2	3	4	66	2	2	3.15	inf
-2	-1	-3	-3	-1	-2	-3	-4	-3	0	2	1	1	3	-5	-1	0	6	3	0	4	3	2	2	1	2	2	2	1	5	17	7	3	12	1	5	6	10	9	6	0.47	inf
-3	3	1	-2	-3	0	-2	-3	2	-2	-1	5	-3	2	-2	-2	-1	0	0	-3	2	15	6	2	1	4	2	3	5	3	5	27	1	8	3	4	4	1	3	2	0.55	inf
-3	2	4	2	-2	-1	1	0	-1	-3	-3	1	-4	-2	1	-1	-3	-1	-1	-2	3	12	16	12	1	3	8	7	1	2	3	9	0	2	8	5	2	1	2	3	0.36	inf
-1	-2	1	2	-6	1	1	4	-3	-3	-3	-2	-4	-4	-1	1	-1	-6	-4	-3	6	3	7	11	0	6	9	26	1	2	3	3	0	1	3	10	4	0	1	2	0.45	inf
-2	-1	1	-1	-3	2	1	1	0	-2	-2	0	-2	0	-1	1	1	-3	0	-1	4	4	6	4	1	10	8	12	2	2	4	6	1	4	3	12	9	0	4	5	0.15	inf
-2	-1	-3	-2	-4	1	0	-3	2	2	1	-1	0	-1	2	-1	0	-3	-2	2	3	4	1	3	0	6	6	2	4	10	12	5	2	2	12	4	6	0	2	16	0.23	inf
-3	-3	-3	-1	-3	0	-3	-3	-2	3	3	-3	1	-1	-3	-1	0	4	-1	1	3	2	2	4	1	4	2	3	1	17	26	2	3	2	2	5	7	5	2	9	0.42	inf
-3	-3	-3	-2	-2	0	0	-3	1	-1	2	-1	-2	3	0	-1	-1	5	3	0	3	2	2	2	1	4	7	2	3	4	16	3	1	10	6	5	5	8	10	6	0.34	inf
0	0	0	-1	-3	0	0	-2	0	0	-1	2	0	-1	0	1	1	1	1	0	7	5	5	3	1	5	5	3	2	5	6	12	2	3	5	11	8	2	5	6	0.08	inf
-1	0	3	1	0	0	0	2	1	-3	-2	0	-2	-1	-1	0	0	-1	0	-2	6	5	12	8	2	5	6	16	3	2	4	5	1	3	3	7	5	1	3	3	0.17	inf
-2	-1	1	1	-4	0	1	4	-1	-3	-3	0	-1	-1	0	1	-1	-3	-3	-2	4	3	7	7	0	5	8	27	2	1	3	6	2	2	4	10	4	1	1	4	0.33	inf
-2	0	1	3	-4	3	1	0	1	-1	-2	0	-1	-3	0	1	-1	-4	-2	-2	4	5	5	15	0	13	8	7	4	3	4	6	1	1	5	9	5	0	2	4	0.24	inf
-2	3	0	0	-4	0	1	0	0	-2	-1	2	-1	-3	0	0	-1	-4	-2	-1	4	13	4	6	0	5	9	9	3	2	6	14	2	1	5	8	4	0	1	5	0.18	inf
0	0	-1	-2	-2	-1	-1	-1	0	1	1	0	-1	1	-1	-1	-1	3	3	1	6	6	4	2	1	2	4	4	2	8	14	5	1	4	3	5	4	5	9	10	0.11	inf
0	0	0	-2	-2	0	0	-1	1	-1	0	0	-1	-2	1	2	1	-2	-1	0	6	6	4	2	1	5	6	4	3	4	8	5	2	2	8	15	10	1	2	6	0.10	inf
0	-1	-1	-1	-1	0	1	-1	0	1	0	0	0	0	0	0	0	0	1	1	5	3	2	4	1	4	9	5	2	8	10	6	2	4	5	7	6	1	4	11	0.03	inf
-1	0	1	3	-2	0	1	0	0	-2	-1	-1	-2	-2	-1	1	0	1	-3	-1	4	6	6	17	1	4	10	6	2	3	6	4	1	2	4	13	5	2	1	4	0.18	inf
-2	-2	0	0	-2	1	1	1	2	-2	-2	-2	-4	-3	5	0	0	-4	-2	-1	4	3	5	5	1	5	8	10	4	2	5	2	0	1	25	7	5	0	2	5	0.38	inf
-2	5	0	1	-4	1	0	-2	0	-3	-1	1	-1	-2	-1	-1	-1	-4	-2	-2	4	32	4	8	0	6	6	3	2	2	6	8	2	2	3	4	4	0	2	3	0.49	inf
-1	-1	-1	-1	0	-1	-1	0	0	1	0	-1	1	2	-1	0	0	-1	2	1	5	4	2	3	2	2	4	8	2	7	9	3	4	8	3	6	4	1	8	13	0.06	inf
-1	2	0	-1	-4	1	1	-1	1	-2	-1	0	-1	-2	0	1	1	0	-2	-1	5	10	5	4	0	7	11	4	4	2	5	6	2	2	4	13	10	1	1	5	0.13	inf
-1	1	-1	-1	-2	-1	-2	0	-1	2	1	-1	0	2	-1	-1	-1	1	0	2	4	7	2	3	1	3	2	9	2	14	11	4	2	8	2	4	4	2	2	13	0.10	inf
-1	2	1	-1	-4	0	0	-1	1	-1	-1	0	-2	-1	-1	2	1	-2	0	0	6	13	6	4	0	4	7	5	3	3	6	5	1	2	4	14	9	1	3	6	0.13	inf
0	1	1	-1	-3	0	1	1	0	-1	-1	0	-1	0	0	1	1	-1	-1	0	5	7	6	3	0	3	9	10	2	4	5	7	1	5	4	10	9	1	2	6	0.05	inf
0	0	0	0	-1	0	0	-1	0	0	0	0	0	0	0	0	0	2	0	0	6	4	5	7	2	4	5	5	3	5	12	5	3	5	5	4	8	3	2	7	0.02	inf
-1	1	2	1	-2	0	0	1	2	-1	-1	-1	-1	0	0	1	-1	-2	-1	-1	4	6	11	8	1	3	6	10	6	3	5	4	2	3	4	12	4	1	2	5	0.12	inf
0	1	0	0	-1	2	1	0	0	-3	-1	2	-2	-2	1	1	0	-1	-1	-1	6	9	4	6	1	8	7	6	2	1	6	14	1	2	6	9	5	1	2	4	0.13	inf
-1	2	0	0	-2	1	0	1	1	-1	-2	1	-1	-1	0	1	1	-1	0	-2	4	11	4	6	1	5	4	13	3	3	5	7	1	3	5	10	8	1	3	2	0.10	inf
-1	-1	4	2	0	0	0	0	0	-1	-3	0	-3	-2	-1	1	1	-1	-2	-1	4	3	18	13	2	4	7	7	2	4	3	5	0	1	3	9	9	1	1	4	0.25	inf
1	-2	-1	-2	2	-1	-2	3	1	-2	-1	-2	-2	1	-3	1	-1	1	1	0	14	2	2	2	4	2	2	20	3	3	6	2	1	7	1	12	4	2	4	6	0.21	inf
0	0	0	-2	-3	0	0	-2	-1	-1	-1	-1	-2	-1	-2	3	3	-1	-3	0	6	5	3	3	1	3	7	3	2	4	5	3	1	2	2	24	19	1	1	6	0.31	inf
-4	-3	-7	-7	-6	-6	-5	-5	-6	1	6	-6	0	2	-4	-3	-6	-6	-2	-2	1	1	0	0	0	0	1	1	0	7	70	0	2	7	1	2	0	0	2	3	1.52	inf
-2	1	-1	-1	-2	1	1	-4	2	0	0	0	0	0	-3	0	2	2	1	0	2	9	3	3	1	6	8	1	6	6	8	6	2	3	1	7	14	3	4	7	0.16	inf
-4	-6	-7	-7	-2	-6	-7	-5	-6	7	2	-6	0	2	-6	-4	-2	-6	-3	1	1	0	0	0	1	0	0	1	0	49	20	0	2	8	0	1	3	0	1	10	1.39	inf
-1	2	0	-1	-3	2	0	-2	1	-2	-1	0	-2	-1	1	2	1	1	-1	-2	5	10	4	3	1	10	7	3	4	2	6	6	1	3	8	14	8	2	3	3	0.16	inf
0	0	5	2	-3	0	-1	0	1	-4	-5	0	-3	-4	1	1	-2	-6	-3	-4	9	5	27	10	1	3	3	8	3	1	1	5	1	1	8	9	2	0	1	1	0.54	inf
2	-3	-4	-6	-1	-3	-5	-4	-3	1	1	-4	-1	-2	0	-2	0	0	-1	5	14	2	1	0	1	1	0	1	1	8	14	1	1	2	5	3	5	1	2	36	0.59	inf
-2	2	-1	0	-2	3	1	-2	0	-3	-3	0	-2	-4	-3	1	3	-1	-3	-1	3	12	3	5	1	12	10	3	2	2	3	5	1	1	1	12	20	1	1	4	0.35	inf
0	1	-2	-2	-4	1	-1	-2	-1	0	0	1	1	-1	2	0	-1	2	-2	1	6	7	1	1	0	7	4	2	1	4	11	10	4	3	11	7	4	4	1	12	0.14	inf
0	-1	1	1	-3	1	3	-1	-1	-4	-3	0	-2	0	-3	2	0	-2	-1	-3	8	3	7	6	1	5	23	5	1	1	2	5	1	4	1	19	5	1	2	1	0.34	inf
-4	-2	-1	7	-2	-2	0	-6	2	-4	-5	-5	-6	-3	-6	-1	-1	-7	-4	-6	1	2	2	67	1	2	5	0	5	1	1	0	0	1	0	4	4	0	1	0	1.79	inf
1	0	1	0	-1	0	2	0	0	-2	-1	-1	-1	-3	-1	3	1	-4	-2	-2	10	6	6	5	1	3	13	5	3	2	6	2	1	1	3	22	7	0	1	2	0.20	inf
0	-2	-2	-3	-6	-3	-3	7	-1	-3	-7	-3	-1	-7	-6	-2	-3	0	-6	-6	7	2	2	2	0	1	1	71	1	2	0	1	2	0	0	3	2	1	0	0	1.61	inf
-1	1	1	-1	0	0	1	-2	0	0	-1	0	0	0	0	0	2	1	-1	0	3	8	8	3	2	4	8	2	2	6	6	4	3	3	4	6	15	2	2	9	0.07	inf
-6	-2	-6	-7	-6	-1	-6	-7	1	-1	-2	-6	-5	2	-7	-6	-6	3	9	-2	0	3	0	0	0	3	0	0	3	3	4	0	0	6	0	0	0	3	68	3	2.31	inf
-1	0	-1	-3	1	1	0	-1	1	1	-1	0	0	1	-3	0	2	2	2	-1	3	4	3	0	3	8	5	4	4	11	4	5	3	7	0	6	16	3	7	3	0.13	inf
0	-5	-5	-5	9	0	-5	-5	-5	0	0	-5	2	1	-5	-1	-4	-5	-4	0	7	0	0	0	48	5	0	1	0	6	7	0	5	7	0	6	0	0	0	6	1.54	inf
-1	1	-1	-1	0	2	0	-2	1	0	-1	0	1	0	-3	0	0	3	1	1	3	8	3	3	3	9	5	3	3	5	5	5	4	3	0	8	7	4	5	14	0.09	inf
0	0	-1	0	2	0	0	-1	1	0	-1	0	1	0	1	0	0	-2	1	0	6	6	0	6	5	5	6	6	5	6	6	6	5	5	6	6	6	0	5	6	0.03	inf
-1	0	0	0	2	0	0	-1	2	0	-1	0	2	1	0	-1	0	4	1	-1	5	5	5	5	5	5	5	5	5	5	5	5	5	5	5	5	5	5	5	5	0.09	inf
-3	-2	6	1	-2	-3	-1	-2	1	-1	-1	-2	-2	-3	-4	0	2	-7	-1	-1	3	3	32	8	1	1	4	3	3	3	7	3	1	1	1	7	12	0	2	4	0.68	inf
0	1	-1	0	-1	1	0	1	0	-3	-3	2	0	-3	2	1	0	-1	-2	-2	7	8	3	5	1	7	7	10	3	2	3	10	2	1	9	11	5	1	2	3	0.15	inf
0	0	1	1	-2	0	0	0	2	-1	-1	0	-1	0	0	0	0	-1	0	0	9	5	7	7	1	3	5	8	5	3	6	5	2	3	4	8	5	1	3	9	0.04	inf
-3	-2	-2	-1	-2	-2	-1	5	-1	-2	-3	-2	-2	-1	-3	2	0	0	1	0	3	3	2	4	1	2	5	34	1	2	4	3	1	3	2	12	7	1	4	6	0.49	inf
-1	1	1	-1	2	0	1	-2	1	-2	-2	1	1	-1	2	2	0	-1	1	-2	5	7	7	3	4	5	8	4	3	2	3	7	3	3	9	13	5	1	5	4	0.14	inf
1	1	0	1	-5	1	0	0	1	1	-1	1	0	0	-2	-1	-1	2	0	0	11	7	5	9	0	5	6	6	3	7	5	7	3	4	2	5	4	3	3	6	0.06	inf
-2	1	0	-1	1	1	1	-2	1	-1	-2	0	1	-1	-1	2	2	2	0	0	3	6	5	4	3	6	8	3	4	3	4	5	4	3	3	15	11	3	3	6	0.15	inf
-1	0	0	0	2	0	0	-1	2	0	-1	0	2	1	0	-1	0	4	1	-1	5	5	5	5	5	5	5	5	5	5	5	5	5	5	5	5	5	5	5	5	0.09	inf
-1	0	0	0	1	1	0	-2	1	-1	-2	1	0	-1	1	1	1	2	0	-1	4	5	4	5	3	7	7	3	3	4	5	7	3	3	6	12	9	3	4	4	0.09	inf
1	-3	-3	-3	1	-2	-3	-2	-1	2	0	-2	0	2	-3	-2	1	0	1	3	13	2	1	2	3	2	2	4	1	12	8	3	2	7	2	3	8	1	4	20	0.30	inf
-2	1	1	-1	-1	1	1	-3	4	-1	-3	1	-1	0	-1	0	1	2	1	-2	4	8	6	4	1	7	9	2	9	3	3	7	2	3	4	8	9	3	5	4	0.22	inf
-4	-4	-4	-9	-8	-8	-3	-4	-1	1	5	-3	0	0	-3	-3	-4	-8	0	4	2	1	1	0	0	0	2	2	1	8	43	2	2	4	2	3	1	0	3	23	0.99	inf
-3	0	2	-1	-2	2	-1	-4	1	0	-2	0	-1	-1	-3	1	4	-7	1	0	3	5	8	3	1	8	5	2	4	6	5	5	1	3	2	8	22	0	4	6	0.33	inf
0	0	0	0	2	0	0	-1	-2	0	-1	0	1	0	0	0	0	3	1	0	5	5	5	5	5	5	5	5	0	5	5	5	5	5	5	5	5	5	5	5	0.05	inf
-1	0	0	0	2	0	0	-1	2	0	-1	0	2	1	0	-1	0	4	1	-1	5	5	5	5	5	5	5	5	5	5	5	5	5	5	5	5	5	5	5	5	0.09	inf
-1	0	0	0	2	0	0	-1	2	0	-1	0	2	1	0	-1	0	4	1	-1	5	5	5	5	5	5	5	5	5	5	5	5	5	5	5	5	5	5	5	5	0.09	inf
0	0	0	0	2	0	0	-1	1	0	-1	0	1	0	0	0	0	-2	1	0	5	5	5	5	5	5	5	5	5	5	5	5	5	5	5	5	5	0	5	5	0.03	inf
0	0	0	0	2	0	0	0	1	0	-1	0	-2	0	0	0	0	3	-1	0	6	6	5	6	5	5	6	6	5	6	6	6	0	5	6	6	6	5	0	6	0.06	inf
-1	0	0	0	-3	0	0	-1	2	0	-1	0	1	0	0	0	0	3	1	0	5	5	5	5	0	5	5	5	5	5	5	5	5	5	5	5	5	5	5	5	0.06	inf
-1	0	0	0	2	0	0	-1	2	0	-1	0	2	1	0	-1	0	4	1	-1	5	5	5	5	5	5	5	5	5	5	5	5	5	5	5	5	5	5	5	5	0.09	inf
-2	0	-2	-2	-1	-1	-2	-3	-1	1	2	-1	0	0	2	0	2	-1	0	0	4	5	2	2	2	3	3	2	2	7	16	4	2	4	11	7	13	1	3	7	0.18	inf
-1	1	1	0	0	1	0	-2	2	0	0	0	1	-1	-1	0	0	-4	0	0	5	7	6	6	2	7	6	3	4	6	10	5	3	3	4	8	6	0	3	8	0.05	inf
0	-1	-1	-1	3	0	-1	-1	2	1	-1	-1	0	-1	2	0	0	1	1	0	7	3	3	3	5	4	5	5	4	7	7	4	3	3	11	7	6	2	5	6	0.09	inf
-1	0	0	0	2	0	-1	-1	2	0	-1	0	2	0	0	-1	0	3	1	-1	5	5	5	5	5	5	5	5	5	5	5	5	5	5	5	5	5	5	5	5	0.03	inf
-1	0	1	0	-5	1	0	0	1	0	-2	1	1	-1	1	0	0	2	0	-1	4	5	8	6	0	5	5	7	3	5	5	7	3	3	9	7	6	3	4	5	0.08	inf
-1	0	0	0	-3	0	0	-1	2	0	-1	0	1	0	0	0	0	3	1	0	5	5	5	5	0	5	5	5	5	5	5	5	5	5	5	5	5	5	5	5	0.06	inf
-1	0	0	0	-3	0	0	-1	2	0	-1	0	1	0	0	0	0	3	1	0	5	5	5	5	0	5	5	5	5	5	5	5	5	5	5	5	5	5	5	5	0.06	inf
0	0	0	-1	1	0	1	-2	1	0	-2	-1	1	0	0	0	2	2	0	0	8	5	4	4	2	4	8	3	3	5	4	4	3	3	4	8	13	3	4	7	0.09	inf
0	-1	-1	-2	1	-1	-2	-1	0	1	0	-1	2	0	0	-2	-1	2	0	3	7	3	3	3	3	3	3	4	3	6	8	3	4	4	4	3	4	3	4	23	0.20	inf
-1	0	0	1	1	1	1	-1	1	0	-1	0	1	0	0	0	0	2	1	0	5	6	4	7	3	6	8	5	4	5	6	5	4	4	5	7	6	3	5	6	0.04	inf
-1	-1	0	1	-6	0	4	-3	0	1	-1	0	0	-2	1	-1	0	-6	-1	0	5	3	4	6	0	4	22	2	2	6	7	5	2	2	8	5	5	0	3	8	0.25	inf
-1	-1	1	0	-4	-1	-1	4	1	-2	-2	-1	0	-1	-1	-1	-1	2	0	-2	4	3	6	6	0	3	4	34	3	3	4	4	3	3	3	4	4	3	3	3	0.33	inf
-1	0	1	1	1	1	1	0	1	-1	-2	0	0	-1	-1	0	1	-3	0	-1	4	5	6	10	4	6	10	9	4	3	4	5	3	3	3	8	9	0	3	3	0.09	inf
-1	-1	2	1	-1	0	0	-1	0	-1	-2	0	-1	-1	2	1	2	0	-1	-1	5	3	10	7	1	4	7	5	3	3	3	4	2	3	9	12	14	1	2	4	0.14	inf
0	0	-1	0	2	1	0	0	2	0	0	0	1	1	-2	0	0	-2	1	0	6	6	0	6	6	6	6	6	6	6	6	6	6	6	0	6	6	0	6	6	0.04	inf
-1	1	2	-1	1	0	0	-2	1	-1	-1	0	0	-1	-1	0	3	2	0	0	5	7	9	4	3	4	5	3	3	3	6	5	3	3	3	8	15	2	3	6	0.13	inf
-3	-2	-7	-8	-6	-7	-7	-4	-7	2	5	-7	3	3	-7	-3	-4	1	-2	0	3	2	0	0	0	0	0	2	0	11	51	0	7	10	0	2	1	2	1	6	1.14	inf
-2	1	0	-1	-2	0	1	-2	1	-1	0	0	-2	-2	-1	1	3	-1	-1	0	2	8	3	4	1	4	9	3	3	3	8	6	1	1	3	11	19	1	2	6	0.18	inf
-3	-9	-8	-9	11	-8	-9	-8	-8	-7	-3	-8	2	-2	-8	-7	-7	2	-1	0	3	0	0	0	75	0	0	0	0	0	3	0	4	2	0	0	0	2	2	6	3.47	inf
-1	1	-1	-1	2	1	2	-3	1	-1	-2	1	0	-2	1	1	0	-1	-2	0	4	7	3	4	4	6	14	1	3	3	5	10	2	1	7	9	7	1	1	7	0.15	inf
4	-4	-2	-4	-1	-5	-4	-2	-2	0	-2	-3	-2	-2	0	2	0	0	-1	3	28	1	2	1	1	0	1	3	1	5	4	1	1	2	5	14	4	1	2	22	0.51	inf
-2	0	1	0	-3	1	2	-2	0	-2	-3	-1	0	-2	1	2	2	2	0	-2	4	6	6	5	1	7	11	4	2	2	3	4	3	2	8	13	11	3	3	4	0.19	inf
1	-3	-1	-2	-8	-4	-3	6	-2	-4	-6	-1	-3	-8	-1	1	-2	-1	-4	-4	11	2	4	3	0	1	2	49	1	1	1	4	1	0	4	11	3	1	1	2	1.04	inf
-1	0	0	0	2	0	0	-1	2	0	-1	0	2	1	0	-1	0	4	1	-1	5	5	5	5	5	5	5	5	5	5	5	5	5	5	5	5	5	5	5	5	0.09	inf
-2	-3	0	-2	-7	-2	-1	-2	-1	-3	-2	-2	-1	-2	7	0	-1	0	-6	-1	3	2	4	3	0	2	4	4	2	1	5	2	2	2	48	7	5	2	0	4	1.05	inf
-1	0	0	1	-1	0	1	-2	0	-2	-1	0	-1	-1	2	0	1	0	2	0	6	6	6	8	1	5	8	2	2	2	6	6	2	3	11	6	7	1	7	6	0.10	inf
1	-2	-2	-2	-1	-2	-1	-2	-6	-1	-2	-2	0	-2	6	-3	0	1	-2	0	11	2	2	3	1	2	5	3	0	4	4	2	2	2	38	2	7	2	2	6	0.71	inf
-2	0	2	1	-5	2	1	-3	1	-1	-2	0	0	-1	-1	1	2	-1	0	-1	3	5	8	8	0	9	9	2	3	3	3	5	2	3	3	11	14	1	4	4	0.20	inf
-2	-4	-4	-4	-2	-6	-6	-3	-2	5	1	-6	0	1	-3	-4	-1	-5	4	4	3	1	1	1	1	0	0	2	1	26	11	0	3	6	1	1	4	0	12	25	0.81	inf
-2	2	-1	-2	-5	2	1	-4	2	-1	-1	1	-1	-1	-3	2	3	2	0	-1	2	9	2	2	0	9	8	1	5	4	5	7	1	2	1	13	18	3	3	5	0.27	inf
-8	-8	-8	-4	1	-3	-4	-8	-8	-4	-3	-4	-7	0	-9	-8	-4	12	1	-3	0	0	0	1	3	1	1	0	0	1	4	1	0	3	0	0	2	74	4	2	3.74	inf
-3	2	-3	-2	-2	0	0	-4	0	-1	1	0	1	2	-4	-1	1	0	4	-1	1	11	1	2	1	5	7	1	2	3	14	6	4	9	1	5	8	1	14	4	0.28	inf
-3	3	0	0	-6	0	-1	-3	4	-4	-2	4	-2	-1	-3	-2	-2	-2	0	-2	2	16	4	5	0	4	3	2	11	1	5	29	1	3	1	3	2	1	4	3	0.61	inf
-2	-2	3	3	-2	0	1	0	-1	0	0	-1	0	-2	-1	-1	-1	-2	-3	0	3	2	16	15	1	3	8	8	2	5	11	3	2	1	3	4	3	0	1	8	0.21	inf
-2	-1	3	2	-2	0	-1	4	0	-4	-2	0	-2	-3	-3	2	-1	-3	-3	-3	3	4	12	9	1	4	4	26	2	1	5	5	1	1	1	13	4	0	1	2	0.39	inf
-2	-1	0	-1	-5	1	0	2	0	-1	-3	1	-1	-3	4	0	-1	-3	-4	0	3	4	4	3	0	7	7	16	3	4	3	9	2	1	18	7	4	0	1	6	0.29	inf
-1	1	0	1	-3	-1	1	0	0	-3	-2	0	-1	-3	1	2	1	-5	-4	-1	5	9	3	7	1	2	11	8	2	1	4	5	1	1	7	19	8	0	0	5	0.19	inf
0	0	-1	-2	-3	0	-1	1	0	1	1	0	-1	-1	0	1	0	-4	-1	1	8	5	3	2	0	4	2	11	3	7	13	6	1	2	4	10	6	0	2	10	0.06	inf
-1	1	0	-1	-3	2	1	-1	0	0	-1	2	-1	-3	0	0	0	-1	-1	-1	4	9	4	3	0	10	9	4	2	5	7	14	1	1	5	7	7	1	2	5	0.13	inf
-1	-1	-1	0	-4	-1	0	-2	2	0	0	0	-1	-1	4	0	1	-1	0	0	3	3	3	5	0	3	7	3	6	5	9	5	1	3	18	7	7	1	3	7	0.19	inf
-1	1	-1	0	-2	0	0	-2	0	0	0	-1	1	2	-1	1	0	-1	1	1	4	7	2	6	1	5	6	3	2	4	10	2	4	8	3	12	6	1	6	9	0.06	inf
0	0	1	0	-5	1	1	0	3	-2	-2	0	-1	-2	1	1	1	-3	-1	-2	8	4	6	6	0	7	10	7	8	2	4	5	2	2	8	10	7	0	2	3	0.16	inf
-2	1	3	2	-5	1	1	-1	1	-2	-3	0	-3	-3	-2	1	1	-1	-2	-1	3	8	16	11	0	5	9	5	4	2	3	4	0	1	2	11	7	1	2	5	0.27	inf
-2	0	2	1	-1	0	0	3	0	-1	-3	-2	-3	-3	0	1	1	-6	-4	-4	3	5	9	6	1	5	6	25	2	5	2	2	0	1	5	10	8	0	1	1	0.33	inf
-1	2	1	0	-2	1	0	2	3	-4	-3	-1	-2	-2	0	2	1	1	-2	-2	6	10	5	4	1	6	5	13	6	0	2	4	1	2	4	16	8	2	1	3	0.23	inf
-2	0	0	-2	-4	0	0	-2	1	-1	-1	-1	-1	0	-2	1	3	1	2	1	3	6	5	2	0	4	5	3	3	4	5	4	1	4	2	13	17	2	6	11	0.17	inf
-4	-3	-8	-4	-1	0	-3	-4	0	1	5	-3	0	1	-2	-1	-1	0	-1	-1	2	2	0	2	2	4	2	2	3	7	47	2	2	6	2	5	4	1	2	4	0.77	inf
-2	0	0	-2	1	1	0	-1	2	0	-2	-1	1	-1	-2	2	2	1	0	1	4	5	5	3	2	6	6	5	4	5	4	3	3	3	3	13	14	2	4	8	0.15	inf
-3	-3	-2	-2	-7	-2	-2	-2	-7	6	2	-2	2	2	-7	-3	-2	-7	-7	2	2	2	2	2	0	2	4	3	0	34	16	3	4	7	0	3	3	0	0	12	0.80	inf
-2	1	-1	-1	-1	0	-1	-2	2	-1	-2	1	-1	1	1	1	1	1	3	-1	3	7	3	4	1	4	4	3	5	4	4	7	2	6	8	10	9	2	9	5	0.15	inf
-1	1	4	1	-1	1	0	0	0	-2	-3	0	-2	-3	1	1	0	0	-2	-3	6	8	18	8	1	5	5	7	2	3	2	5	1	1	6	12	4	1	1	2	0.26	inf
1	-3	-3	-4	-1	-2	-6	-4	-6	2	1	-4	-1	-3	-1	-2	1	-2	-4	5	10	2	1	1	1	2	0	1	0	10	14	1	2	1	4	3	7	1	1	37	0.68	inf
-1	1	0	-1	-2	2	-1	-3	0	-2	-2	0	-2	-1	-1	2	3	-1	-3	-1	4	9	4	4	1	8	4	2	2	2	4	6	1	3	3	16	21	1	1	5	0.28	inf
-1	2	-1	-2	-2	1	1	-1	0	0	-1	1	-1	-1	2	0	0	-2	0	0	5	11	2	1	1	5	8	4	2	6	7	8	2	3	12	8	5	1	3	6	0.12	inf
-1	-1	1	3	-6	2	3	-1	2	-4	-3	-1	-2	-2	-3	2	0	-2	-3	-4	5	4	6	15	0	7	20	5	4	1	3	3	1	2	2	14	5	1	1	1	0.42	inf
-3	-2	1	6	-3	1	0	-4	5	-8	-5	-3	0	-4	-4	0	-3	-8	-3	-5	2	2	6	46	1	7	6	1	11	0	1	2	2	1	1	6	2	0	1	1	1.23	inf
2	0	0	1	-2	1	0	0	0	-3	-4	-1	-1	-4	-1	3	0	-6	-3	-2	15	6	5	9	1	6	6	8	2	2	1	3	2	1	3	23	5	0	1	2	0.31	inf
-1	-4	-4	-4	-7	-4	-3	7	-3	-5	-3	-2	0	-7	-4	-2	-2	0	-1	-2	5	1	1	1	0	1	2	66	1	1	3	2	2	0	1	3	3	1	2	3	1.51	inf
-1	0	2	-1	-2	0	1	-3	-1	-1	-1	0	0	-2	-1	0	3	-2	-1	0	5	5	10	3	1	4	10	1	2	4	7	6	2	2	4	6	18	1	2	8	0.17	inf
-1	-2	1	-2	-2	-1	0	-2	-1	1	0	-2	2	2	-2	0	1	4	2	1	1	0	9	0	0	0	9	1	0	9	9	0	9	9	0	9	9	8	9	9	0.16	inf
-1	0	0	0	2	0	0	-1	2	0	-1	0	1	0	-3	0	0	3	1	0	5	5	5	5	5	5	5	5	5	5	5	5	5	5	0	5	5	5	5	5	0.06	inf
-1	-6	-6	-6	10	-6	-6	-6	-6	0	-1	-6	2	1	-6	-5	0	4	-5	0	6	0	0	0	52	0	0	0	0	5	6	0	5	6	0	0	5	5	0	6	1.97	inf
-1	1	-1	-1	2	0	0	-2	0	1	0	0	0	0	-3	0	0	1	0	1	3	9	3	2	6	5	7	2	3	8	9	5	2	4	0	8	6	2	4	11	0.06	inf
4	-4	-2	-2	0	-2	-3	-1	-1	0	-1	-2	0	-2	-2	-1	-1	-5	-1	2	39	0	1	2	2	2	2	4	1	5	7	2	2	2	2	4	4	0	2	17	0.48	inf
-1	1	0	0	-1	2	1	-2	1	-1	-2	1	0	0	0	1	1	1	0	0	3	7	3	5	1	9	10	2	4	3	4	7	2	3	4	12	8	2	3	8	0.10	inf
-4	-1	7	0	-2	-2	-2	-1	3	-2	-3	-3	-6	-3	-2	-1	-2	-6	-2	-2	2	3	49	5	1	1	3	6	6	2	3	2	0	1	2	5	2	0	2	3	1.15	inf
0	0	0	1	-1	0	1	1	2	-1	-2	0	-1	-2	2	1	0	-1	-2	-1	6	6	3	6	1	4	10	11	5	4	3	6	1	2	10	11	5	1	1	4	0.12	inf
0	0	-1	1	-1	0	0	-1	2	0	0	0	-1	0	0	0	-1	0	1	1	10	5	1	9	1	3	7	5	6	6	7	5	1	4	3	6	3	1	6	12	0.04	inf
-1	0	-2	-3	-2	1	-2	5	-2	-3	-2	-2	-3	-3	-2	1	0	-1	-2	-2	5	5	2	2	1	5	3	40	1	2	5	3	1	1	2	11	6	1	1	3	0.60	inf
-1	-1	0	-1	-1	0	0	1	0	0	0	0	0	0	1	1	0	-1	1	0	5	4	5	3	1	5	7	10	2	4	9	4	2	4	6	10	7	1	5	7	0.03	inf
1	-1	0	-1	-2	1	0	-2	2	1	-1	1	-1	-2	1	1	0	0	-2	0	11	4	5	3	1	7	5	3	4	7	5	9	1	2	6	12	5	1	1	8	0.11	inf
-1	2	0	1	-6	2	1	-2	1	-2	-1	0	-2	-2	-1	1	0	-1	-1	0	5	9	5	8	0	9	10	3	3	2	7	6	1	2	3	12	6	1	2	6	0.15	inf
1	0	-2	-5	0	-2	-1	-3	1	-2	-1	0	0	-2	-3	4	2	-1	-3	1	10	6	2	1	2	2	5	3	3	2	6	5	2	2	1	26	10	1	1	10	0.35	inf
1	2	1	1	0	0	0	-2	2	-3	-2	1	-3	-1	-2	0	1	-1	0	-2	10	12	6	7	2	4	6	4	5	2	5	9	1	2	2	8	8	1	3	3	0.17	inf
1	0	-1	-1	1	0	-1	-1	0	-1	-2	-1	1	0	0	1	1	2	1	0	11	5	3	3	3	4	4	6	3	4	4	4	3	5	4	11	10	3	5	6	0.07	inf
0	-1	-1	-1	1	0	-1	-2	1	1	-1	-1	1	1	-1	-1	1	2	1	2	6	4	3	3	2	5	4	3	4	8	6	4	3	6	3	5	8	3	4	15	0.10	inf
-1	0	0	-1	0	1	0	-3	3	0	1	0	1	-1	-1	-1	0	1	1	0	4	5	5	3	2	7	6	2	6	6	15	6	3	2	3	4	7	2	6	6	0.10	inf
-4	-3	-3	0	1	-1	-2	-4	-1	1	4	-3	-1	0	-3	-2	-1	0	0	3	2	2	2	6	3	3	3	2	2	8	32	2	2	3	2	4	4	2	3	16	0.45	inf
-3	0	0	-1	-6	0	0	-3	1	1	-1	-2	-1	-1	-1	-1	3	-7	0	3	3	5	5	4	0	4	6	3	3	8	6	3	2	3	3	5	15	0	3	20	0.27	inf
-2	-2	-4	-3	-1	-2	-1	-5	-1	2	0	-1	-2	-2	-2	-4	0	-8	0	6	4	2	1	2	1	2	5	1	2	10	9	4	1	2	2	2	5	0	3	42	0.79	inf
0	0	0	0	2	0	0	-1	1	0	-1	0	1	0	0	0	0	-2	1	0	5	5	5	5	5	5	5	5	5	5	5	5	5	5	5	5	5	0	5	5	0.03	inf
-1	0	0	0	2	0	0	-1	2	0	-1	0	2	1	0	-1	0	4	1	-1	5	5	5	5	5	5	5	5	5	5	5	5	5	5	5	5	5	5	5	5	0.09	inf
-1	0	-2	0	2	0	0	-1	2	0	-1	0	1	0	0	0	0	3	1	0	5	5	0	5	5	5	5	5	5	5	5	5	5	5	5	5	5	5	5	5	0.06	inf
0	0	0	0	-3	0	0	-1	1	-1	-1	0	0	0	3	0	1	2	0	0	6	5	4	4	0	5	5	5	3	4	5	5	3	4	16	7	8	3	3	6	0.14	inf
-1	0	0	0	2	0	0	-1	2	0	-1	0	2	1	0	-1	0	4	1	-1	5	5	5	5	5	5	5	5	5	5	5	5	5	5	5	5	5	5	5	5	0.09	inf
-1	0	-2	-2	-4	-1	-2	-3	0	3	1	-1	1	1	-1	-1	0	1	-1	2	4	5	2	2	0	2	2	2	2	22	15	3	3	6	4	4	5	2	2	12	0.22	inf
-1	0	-1	-1	0	1	0	-2	0	-1	0	1	0	-1	2	1	0	-4	-1	0	4	6	2	3	2	8	4	3	2	3	10	8	2	2	12	11	6	0	3	9	0.12	inf
0	0	1	-1	1	1	1	-1	1	0	-1	0	0	-1	1	0	0	-3	-1	0	7	6	6	3	3	6	9	5	5	5	4	7	4	3	8	7	6	0	2	6	0.07	inf
-1	0	0	0	2	0	0	-1	2	0	-1	0	2	1	0	-1	0	4	1	-1	5	5	5	5	5	5	5	5	5	5	5	5	5	5	5	5	5	5	5	5	0.09	inf
-1	0	0	0	-6	1	1	-2	1	-1	-2	1	1	-6	2	1	0	2	0	-1	6	6	5	6	0	5	9	4	3	4	4	8	3	0	11	10	5	3	3	4	0.16	inf
0	0	0	0	2	0	0	-1	1	0	-1	0	1	0	0	0	0	3	-2	0	5	5	5	5	5	5	5	5	5	5	5	5	5	5	5	5	5	5	0	5	0.05	inf
0	0	0	-1	0	1	0	0	2	0	0	0	0	0	0	0	0	1	0	0	6	5	4	3	2	7	4	7	5	7	9	4	3	3	5	7	6	2	3	7	0.02	inf
-1	0	0	0	0	0	0	-2	1	-1	-1	-1	1	0	-1	0	3	2	1	0	5	5	4	5	2	4	7	4	3	4	5	4	3	4	3	7	17	3	5	7	0.13	inf
0	-1	-1	-2	1	0	-2	-2	1	0	0	-1	1	0	-1	-1	0	3	1	3	7	3	3	3	3	4	3	3	3	6	7	4	3	4	4	5	7	3	4	21	0.17	inf
-1	0	0	0	-3	0	0	-1	2	0	-1	0	1	0	0	0	0	3	1	0	5	5	5	5	0	5	5	5	5	5	5	5	5	5	5	5	5	5	5	5	0.06	inf
0	-1	-1	0	-3	1	2	-1	-1	0	0	-1	-1	-1	2	0	0	1	0	0	9	4	3	6	0	5	13	4	2	5	8	3	1	2	12	6	4	2	3	8	0.11	inf
-1	-1	0	-1	-5	0	0	5	1	-3	-2	-1	-1	-2	-1	-1	-1	-5	-2	-2	5	4	4	4	0	3	5	44	3	1	4	4	1	1	3	5	3	0	2	3	0.56	inf
-1	0	0	1	1	2	2	1	2	-2	-2	0	0	-1	-2	1	0	-4	-1	-2	3	4	5	7	4	8	13	13	6	2	3	5	2	2	2	11	5	0	2	2	0.16	inf
0	0	1	1	0	0	1	0	2	-1	-2	0	0	-1	0	1	0	-3	0	-1	5	5	7	7	3	4	8	6	6	3	4	4	3	3	4	12	6	0	4	4	0.07	inf
1	-1	-3	-1	1	0	-1	-1	1	1	1	-1	1	1	-3	-1	0	2	0	2	10	3	0	4	3	4	3	5	3	6	12	4	4	5	0	3	4	4	3	19	0.10	inf
-2	1	0	-2	2	1	0	-3	1	0	-1	-1	1	-1	-2	0	3	0	-1	1	2	7	4	2	5	6	7	2	4	6	5	4	4	2	2	7	19	1	3	8	0.16	inf
0	-3	-3	-3	3	-2	-3	-3	-2	1	1	-2	2	2	2	-2	-1	5	2	1	10	0	0	0	9	0	1	1	0	10	10	1	9	9	10	1	1	9	9	10	0.27	inf
-1	0	0	0	0	0	1	-1	0	-1	0	0	1	0	2	0	1	0	0	0	3	6	4	4	2	3	12	3	3	3	9	4	5	5	10	8	8	2	2	5	0.07	inf
-1	-5	-5	-5	10	-5	-5	-2	-5	-1	-1	-5	1	0	-5	-1	-3	3	-4	-1	4	0	0	0	60	0	0	4	0	4	7	0	3	4	0	4	0	4	0	4	1.77	inf
-1	2	-1	-1	-2	2	2	-3	1	-1	-1	2	-2	-1	0	1	0	-5	-2	-1	4	9	3	3	1	11	13	2	4	3	6	13	1	2	4	9	7	0	1	4	0.21	inf
4	-4	-4	-3	-1	-3	-3	-3	-2	0	-3	-4	-1	0	0	1	-1	1	-2	4	29	1	1	1	1	1	1	2	1	5	2	1	1	4	4	9	3	2	2	28	0.60	inf
0	2	0	1	-2	0	0	-3	0	-2	-2	1	-1	-1	-1	1	1	1	1	-1	9	10	3	8	1	4	7	2	3	2	4	7	2	3	3	12	10	2	4	4	0.11	inf
1	-3	-1	-1	-6	-3	-4	6	-6	-4	-4	-3	-2	-7	-3	2	-5	-7	-6	-4	11	2	3	3	0	1	1	53	0	1	2	2	1	0	2	15	0	0	0	2	1.17	inf
-1	-1	2	1	1	-1	0	-1	-1	0	-3	0	-1	0	-2	1	2	0	2	-1	3	4	11	10	3	3	5	4	1	5	2	4	1	3	2	13	12	1	7	5	0.16	inf
-2	-6	-3	-2	-7	-1	-2	-4	-1	-5	-3	-3	-2	-2	7	-1	-3	-7	-3	-2	4	0	1	2	0	3	2	2	2	1	4	2	1	2	62	6	1	0	1	3	1.66	inf
0	1	-1	0	-3	1	1	-2	0	-2	-2	1	0	-1	4	0	0	-5	-1	-1	6	6	3	5	1	6	7	3	2	2	5	10	2	3	19	6	6	0	3	4	0.24	inf
1	-4	-2	-2	-6	-2	-2	-4	-3	-1	-2	-4	-3	-1	7	-2	-1	-7	-4	-1	13	1	3	3	0	2	3	1	1	4	4	1	1	3	49	3	4	0	1	4	1.16	inf
-1	-1	1	0	-2	1	2	-5	2	-2	-2	1	-1	-3	-3	1	3	0	-2	-1	5	3	8	4	1	6	15	0	5	2	4	8	1	1	1	12	16	1	1	5	0.28	inf
-3	-6	-7	-7	0	-6	-7	-7	-6	4	1	-5	0	3	-7	-5	-4	3	4	4	2	0	0	0	2	0	0	0	0	25	12	1	2	10	0	1	1	4	14	24	1.06	inf
-1	1	-2	-2	-3	2	0	-4	2	0	-1	0	-1	-1	-5	1	3	-1	2	0	4	8	1	2	1	9	5	1	5	5	5	6	1	3	0	12	19	1	6	7	0.27	inf
-9	-9	-9	-10	0	-4	-9	-9	-9	-5	-2	-5	-8	0	-9	-6	-9	12	-3	-6	0	0	0	0	2	1	0	0	0	1	5	1	0	4	0	1	0	81	1	1	4.30	inf
-3	0	-2	-3	-5	-1	-1	-5	0	0	2	0	2	3	-4	-1	1	3	3	-1	1	6	2	1	0	3	4	0	2	4	18	5	4	14	1	5	10	3	12	4	0.36	inf
-4	3	-1	-3	-6	0	-1	-4	2	-2	-2	5	-2	1	-4	-2	0	2	-1	-3	1	15	3	2	0	4	3	2	5	3	4	36	1	5	1	2	5	2	2	2	0.70	inf
-3	-2	5	4	-2	-1	1	2	1	-5	-3	-2	-4	-3	0	-1	-3	-3	-4	-2	2	2	23	19	1	3	9	14	3	1	3	3	0	1	6	5	1	1	0	3	0.59	inf
-2	-1	1	2	-1	-3	1	4	-2	-2	-3	-1	-2	-3	-3	0	-1	-6	-3	-3	3	4	6	11	1	1	10	36	1	2	3	4	1	1	1	7	3	0	1	2	0.54	inf
-1	1	0	1	-5	1	2	1	1	-2	-2	3	0	-4	-3	0	0	-5	-2	-1	3	6	4	7	0	7	12	11	3	3	3	16	2	1	1	7	6	0	1	5	0.22	inf
-1	1	0	-1	-1	1	0	-2	-1	0	-1	1	-1	0	3	0	0	-1	0	0	6	7	4	4	1	5	7	2	1	6	7	7	1	4	13	9	5	1	3	7	0.10	inf
-3	-3	-2	-3	-2	-1	-4	-3	-3	3	4	-3	1	-2	-1	-2	-2	-2	-1	2	2	1	2	2	1	3	1	2	1	17	35	2	3	2	4	3	2	1	2	15	0.55	inf
-1	0	0	-1	-1	1	0	0	0	0	1	-1	0	0	2	0	1	-1	-1	0	5	5	5	3	2	6	4	6	2	5	14	3	2	3	10	6	9	1	2	6	0.06	inf
-2	-2	3	1	-3	-1	2	-1	1	-3	-1	-1	-3	-2	2	1	0	-2	-1	-2	2	2	15	8	1	2	12	6	3	2	6	4	0	2	11	12	7	1	2	3	0.26	inf
-2	-2	2	0	-1	0	0	3	-1	-3	-3	-2	-3	-2	0	2	1	-1	0	-2	3	2	8	5	1	4	6	23	1	1	3	3	1	2	4	17	8	1	3	3	0.32	inf
-1	1	1	1	-5	2	2	-1	0	-3	-3	0	-3	-3	0	2	1	-3	-3	-3	4	8	6	9	0	9	11	6	3	2	3	6	1	1	5	16	8	0	1	1	0.25	inf
-1	3	0	0	-4	0	1	0	1	-2	-2	1	-3	-2	2	1	0	-3	-3	-1	4	14	4	6	0	4	9	6	3	2	4	9	0	2	10	11	6	0	1	4	0.20	inf
-1	2	0	-1	-2	0	0	1	2	0	-1	0	1	0	-2	0	-1	0	2	0	5	11	4	4	1	4	6	9	5	6	5	4	4	4	2	8	4	1	8	6	0.07	inf
-1	0	-1	-2	-3	1	-1	-1	1	1	0	0	0	1	0	0	1	0	1	1	4	6	3	2	0	6	3	4	4	9	9	6	2	6	4	7	9	1	5	10	0.05	inf
-1	0	-1	-2	-3	1	0	-1	-1	1	0	0	1	0	1	0	1	-1	-1	1	5	5	3	2	0	7	6	6	2	9	9	5	4	4	6	7	8	1	2	11	0.04	inf
0	1	0	-1	-3	-1	-1	-1	0	1	1	0	0	-1	0	0	0	-1	0	1	6	8	4	4	0	3	4	4	3	9	12	5	1	3	4	8	5	1	4	12	0.04	inf
-1	1	-1	-1	-2	2	2	-1	2	-1	-1	0	-1	0	0	1	0	1	1	-1	5	7	2	3	1	8	14	5	5	4	5	5	1	5	4	9	6	2	4	5	0.10	inf
-1	0	3	2	-3	1	0	-1	1	-2	-1	-1	-2	-2	0	1	1	-2	0	-2	4	6	14	12	0	5	6	6	4	2	6	3	1	2	4	10	7	1	3	3	0.17	inf
0	0	0	1	-2	0	0	1	0	-1	-1	0	-1	1	-1	0	0	0	1	0	6	5	5	10	1	4	6	11	3	4	6	4	2	6	3	8	5	1	6	6	0.04	inf
0	-1	1	0	-3	-1	1	1	1	-2	-1	0	-1	-2	1	2	0	-2	-1	-1	7	3	6	4	0	3	9	11	4	2	7	4	1	2	7	16	6	1	2	5	0.12	inf
0	0	1	1	-3	0	0	1	0	-1	-2	-1	-2	0	0	1	1	0	1	0	7	4	6	7	0	4	6	9	2	4	2	2	1	4	5	12	9	2	5	7	0.08	inf
-1	1	4	-1	-2	0	1	0	1	-2	-2	0	-1	-2	0	1	0	-3	-1	-1	4	6	18	4	1	4	9	8	3	2	4	5	2	2	4	12	6	0	3	4	0.21	inf
0	-2	0	-3	-1	-1	-2	3	0	-2	-2	-2	-3	0	-2	4	-1	-2	-2	-1	8	2	4	2	1	3	3	24	2	2	4	3	0	4	2	27	4	1	1	4	0.44	inf
-2	-1	0	-1	0	0	0	-4	-1	0	-2	0	-2	-2	-3	2	4	0	-3	1	2	4	5	3	2	4	6	1	1	6	5	7	1	1	1	13	25	1	1	10	0.34	inf
-6	-6	-8	-8	-7	-6	-7	-7	-3	-1	6	-8	1	1	-5	-6	-4	-1	-1	-1	1	0	0	0	0	0	0	0	1	3	75	0	3	6	1	1	1	1	2	5	1.77	inf
-3	0	0	-2	-4	0	1	-4	2	1	0	0	0	0	-3	1	2	-1	-1	1	1	6	4	2	0	5	11	1	5	8	7	5	2	4	1	10	14	1	2	11	0.18	inf
-5	-7	-4	-8	-7	-6	-5	-8	-4	6	2	-4	0	2	-6	-7	-5	-7	-6	3	1	0	1	0	0	0	1	0	1	47	21	1	2	7	0	0	1	0	0	15	1.49	inf
-1	2	0	0	-3	0	0	-1	2	-2	-2	1	-2	-1	2	2	1	-5	-1	-2	4	11	5	6	0	4	5	4	5	2	5	7	1	2	11	14	10	0	3	3	0.20	inf
-2	1	5	1	-2	1	-1	-1	-1	-3	-4	1	-2	-2	3	1	-1	-4	-2	-2	4	7	23	7	1	5	4	6	1	1	1	7	1	2	12	10	4	0	1	3	0.43	inf
2	-7	-7	-5	0	-5	-7	-5	-4	2	1	-5	-1	-3	-1	-3	0	-7	-4	5	17	0	0	1	2	0	0	1	1	9	13	1	2	1	4	2	7	0	1	40	0.90	inf
-2	2	1	-2	-2	2	-1	-1	0	-3	-3	0	-1	-4	-4	2	4	-4	-4	-2	3	11	6	3	1	9	4	6	2	1	3	5	2	1	1	14	26	0	1	2	0.47	inf
0	1	-3	-2	-5	1	1	-3	1	-1	0	2	0	1	2	-1	-1	-2	-2	-1	8	9	1	2	0	5	11	2	4	4	9	12	3	6	10	4	5	0	1	5	0.17	inf
-1	0	1	1	-7	1	5	-2	-3	-5	-4	0	-3	-2	-4	2	-2	1	-4	-3	6	5	6	7	0	7	34	3	0	1	2	6	1	2	1	14	3	2	0	2	0.62	inf
-3	-4	0	7	-5	0	-1	-7	6	-5	-3	-4	-3	-6	-5	-2	-4	-1	-1	-5	2	1	4	55	0	4	4	0	15	1	3	1	1	0	1	3	1	1	2	1	1.63	inf
3	-1	2	-1	-2	-1	2	-1	-3	-3	-4	-3	-2	-1	-2	3	0	-6	0	-3	22	3	8	3	1	3	12	5	1	1	2	1	1	3	2	22	6	0	3	1	0.41	inf
-1	-4	-4	-5	-7	-4	-6	7	-2	-6	-5	-4	-4	-7	-5	-4	-2	-4	-7	-4	5	1	1	1	0	1	1	79	1	1	1	1	1	0	1	1	2	0	0	1	2.09	inf
-2	0	2	0	-1	0	1	-4	-1	0	0	0	0	-2	-3	0	3	1	0	0	3	5	11	4	1	4	9	1	1	5	8	6	2	2	1	5	19	2	4	8	0.22	inf
-7	-9	-9	-10	-9	-8	-9	-9	-3	-6	-4	-9	-8	3	-9	-9	-8	-6	10	0	1	0	0	0	0	0	0	0	0	0	2	0	0	10	0	0	0	0	79	7	3.28	inf
-3	2	-1	-4	-3	2	-1	-4	1	-1	-2	-1	-1	-2	-6	2	5	2	0	-1	1	9	3	0	0	8	4	1	3	4	4	3	1	2	0	13	31	2	3	5	0.55	inf
-5	-11	-10	-11	12	-11	-11	-10	-11	-2	-3	-11	-9	-10	-11	-5	-9	-10	-10	-3	1	0	0	0	90	0	0	0	0	2	3	0	0	0	0	1	0	0	0	2	4.46	inf
-3	1	-1	-4	-2	1	1	-4	1	2	0	0	1	-1	-5	-1	2	-3	-1	2	1	7	2	0	1	6	9	1	3	9	10	5	3	3	0	5	15	0	3	16	0.26	inf
6	-6	-7	-7	-3	-7	-6	-2	-7	-1	-3	-5	-3	-2	-4	-4	-5	-8	-5	3	64	0	0	0	0	0	1	3	0	4	2	1	1	2	1	1	1	0	0	19	1.59	inf
0	2	-2	-3	-2	1	1	-1	2	-2	-4	1	-2	-1	-4	2	2	2	0	-1	7	10	2	1	1	6	10	5	4	2	1	8	1	2	1	15	14	3	3	4	0.27	inf
-6	-5	9	-4	-5	-5	-6	-4	1	-8	-6	-5	-8	-5	-6	0	-4	-8	-4	-8	1	1	81	1	0	0	0	1	3	0	1	1	0	1	0	8	1	0	1	0	2.73	inf
0	0	0	1	-4	0	1	-1	-1	-1	-1	1	-3	-3	2	3	0	-5	-4	-2	8	5	4	7	0	4	9	4	1	5	5	7	0	1	11	20	5	0	0	3	0.22	inf
1	-1	-2	-3	-3	-1	-2	-3	3	1	2	-1	1	0	-5	-3	-2	-4	2	2	13	3	2	1	0	3	3	2	6	8	21	4	4	3	0	1	1	0	8	15	0.31	inf
-3	-5	-3	-4	-7	-3	-3	7	-5	-5	-7	-4	-5	-8	-5	-2	-5	-5	-5	-6	2	1	1	1	0	2	2	81	0	1	1	1	0	0	1	4	1	0	0	1	2.13	inf
0	0	1	-2	-1	1	1	-3	-1	0	-2	1	0	-3	-2	3	1	-1	-2	0	6	5	6	1	1	6	9	1	2	5	3	8	2	1	2	22	10	1	1	7	0.21	inf
2	1	-3	1	-2	1	0	-2	-2	0	-2	0	-2	-4	-4	2	1	-4	-3	1	20	7	1	9	1	7	5	2	1	5	3	6	1	0	1	13	8	0	1	10	0.25	inf
-1	1	2	-3	-2	1	2	-5	2	-4	-3	-1	-4	-3	-3	3	3	-6	0	-2	4	8	8	1	1	7	12	0	5	1	3	3	0	1	1	23	15	0	3	2	0.46	inf
3	0	-2	-3	4	0	-1	-2	2	-3	-2	0	-3	-4	-3	2	-1	0	0	0	25	5	2	1	9	4	3	3	5	2	4	5	1	0	1	14	4	1	3	7	0.35	inf
-2	-1	0	1	-6	1	2	-3	0	-1	-3	-2	-3	-4	-3	4	3	-2	-1	-1	4	3	4	7	0	6	12	2	2	3	2	3	1	1	1	27	17	1	3	4	0.44	inf
3	-5	-5	-4	-1	-4	-5	-4	-5	3	2	-5	0	2	-4	-4	-1	-6	-1	4	21	0	0	1	1	1	0	1	0	15	16	0	2	7	1	1	5	0	2	25	0.66	inf
-3	1	0	-1	-3	2	1	-4	2	0	-3	0	-1	-1	0	0	3	2	1	-1	1	7	4	3	0	10	8	1	5	5	2	5	1	3	5	8	19	3	5	5	0.28	inf
-5	-5	-8	-5	-7	-7	-8	-8	-8	1	5	-8	-1	-1	-5	-5	-4	-7	-5	4	1	1	0	1	0	0	0	0	0	8	57	0	1	3	1	1	1	0	0	26	1.51	inf
-2	2	2	1	-3	1	1	-3	2	-2	-3	1	-3	-1	-3	1	2	-5	-1	-1	3	9	11	9	1	6	7	1	5	2	3	9	0	2	1	12	12	0	3	4	0.27	inf
-1	-1	-6	-3	-6	-5	-1	-2	-5	-1	-3	-3	-3	-5	4	-4	-3	-7	-2	6	6	3	0	2	0	0	5	3	0	3	2	1	1	1	23	1	1	0	1	45	1.09	inf
-1	2	-3	-3	-6	2	-1	-5	-3	-1	-1	0	-2	-2	6	-2	-1	-4	-3	0	4	9	1	1	0	9	4	1	1	3	6	6	1	2	37	3	3	0	1	7	0.76	inf
0	0	-2	1	-1	0	1	0	-2	-2	-3	-2	-3	-3	2	3	1	-5	-1	0	8	4	1	7	1	4	9	7	1	2	2	2	1	1	11	20	8	0	2	8	0.23	inf
0	1	0	-1	-2	-1	-1	-2	-2	-1	-2	0	-2	-1	4	1	2	-5	-1	0	9	7	4	3	1	3	4	2	1	4	4	5	1	2	18	11	12	0	2	8	0.24	inf
1	-3	-2	-2	-4	-2	-1	-1	-3	1	0	-1	-1	-2	4	1	1	-4	-5	1	12	1	2	2	0	2	4	4	1	8	11	3	1	1	21	11	7	0	0	9	0.32	inf
-1	1	0	-1	-5	3	2	-2	-1	-2	-1	0	1	-4	3	0	-1	-5	-3	-2	6	8	4	3	0	12	13	3	2	3	6	4	4	1	17	8	3	0	1	3	0.31	inf
0	0	-1	0	-1	0	0	-1	1	0	0	0	-1	1	1	0	-1	0	1	1	7	7	3	6	1	3	4	3	4	7	7	4	1	6	7	7	2	1	7	11	0.04	inf
0	-1	1	-2	-3	1	0	3	0	-2	-2	-1	-2	-3	-1	1	2	-3	-1	-1	7	4	8	2	0	6	6	20	2	2	3	4	1	1	3	11	13	0	2	5	0.24	inf
-2	-4	-5	-3	-2	-5	-3	-4	-4	5	0	-4	0	-4	1	-2	-2	2	-4	4	3	1	1	2	1	0	2	2	1	29	8	1	2	0	8	3	2	2	0	32	0.84	inf
0	-3	-2	-1	-2	-1	0	-1	-2	1	-1	-2	-1	0	2	1	3	-3	0	1	6	1	2	3	1	3	7	4	1	9	6	1	2	3	10	9	19	0	3	11	0.20	inf
1	-2	-1	0	-1	-1	-1	2	-2	-2	-2	-1	-1	-1	3	0	1	-2	-2	1	13	2	2	6	1	2	5	16	1	2	4	4	1	2	13	6	8	1	2	9	0.18	inf
0	-3	-1	-1	-5	0	0	4	0	-3	-4	-2	-3	-3	0	2	1	-4	-2	-2	9	1	3	4	0	4	7	30	2	2	2	2	1	1	5	16	7	0	2	3	0.42	inf
2	1	-2	0	-3	0	1	1	-2	-2	-2	1	-1	-4	-2	2	-1	-3	-2	0	20	6	1	6	0	4	9	10	1	3	4	7	2	0	1	13	3	0	1	7	0.19	inf
0	0	1	2	-3	0	0	0	-3	-2	-2	-2	-3	-3	2	2	2	-2	-4	-2	6	4	6	12	0	4	7	9	0	3	4	2	0	1	10	17	12	1	0	3	0.23	inf
1	-2	-3	-3	-2	-1	-3	-3	-4	3	0	-3	1	-1	-2	-2	0	-6	-3	4	13	3	1	2	1	3	2	2	0	15	9	1	3	2	2	3	5	0	1	33	0.51	inf
0	-1	-1	-4	-4	-1	-1	-1	-1	2	2	-3	-1	-2	-2	-1	3	-1	-3	2	7	4	4	1	0	2	4	4	2	10	19	1	1	1	2	4	20	1	0	12	0.25	inf
0	-5	-2	-6	-3	-4	-3	-2	-3	2	4	-4	0	2	-4	-1	-2	-2	-4	3	8	0	2	0	0	1	2	4	1	12	34	1	2	9	1	5	2	1	0	18	0.56	inf
0	0	0	-1	-3	0	1	0	1	-1	-1	-2	-2	-2	0	2	3	-1	-2	-2	6	6	5	2	1	5	11	8	3	3	5	1	1	2	4	14	18	1	1	3	0.19	inf
-2	-4	-7	-4	10	-7	-4	-1	-5	-2	-1	-3	-1	-2	-2	-1	-1	-4	-4	1	4	1	0	1	53	0	1	5	0	2	6	2	2	2	2	5	3	0	1	9	1.87	inf
0	1	-1	-1	-2	1	1	-1	0	0	0	-1	1	-1	-1	0	0	2	-1	-1	8	9	2	2	1	8	9	5	2	8	11	3	4	3	3	8	4	3	2	4	0.05	inf
2	-2	-2	-3	1	-1	-1	-2	-1	0	0	-2	0	0	0	0	0	3	1	2	22	2	1	1	3	2	4	2	1	5	9	2	2	4	4	7	5	4	5	16	0.20	inf
-1	-1	-2	-1	2	-2	0	-2	-3	2	2	-1	2	1	-1	0	0	-2	-1	1	4	4	2	3	4	2	6	2	0	10	19	3	5	7	3	8	5	0	1	12	0.12	inf
0	-2	-2	-3	-3	-2	-2	0	-1	2	0	0	-1	-2	0	0	1	-2	-3	3	9	2	1	1	0	1	2	9	1	10	7	7	1	2	5	9	8	1	0	22	0.20	inf
1	-2	-2	-1	1	-2	-2	0	-2	2	1	-2	0	1	-2	-2	-1	1	1	2	14	2	1	4	3	1	3	7	1	10	16	1	2	7	1	2	4	2	6	13	0.14	inf
0	0	-1	-1	2	-1	-1	0	1	1	-1	-1	-2	-1	0	1	2	-2	0	0	7	5	2	4	5	3	4	7	4	9	4	3	0	2	5	12	15	0	4	6	0.11	inf
0	-3	-2	-1	0	-3	-3	3	-2	0	1	-2	0	0	0	-1	-1	3	-2	1	6	1	2	4	2	1	1	27	1	6	16	2	2	3	4	5	4	5	1	9	0.28	inf
1	-1	1	0	-1	-1	-1	-1	-2	0	-1	-1	-1	1	1	1	0	-3	-1	1	10	3	7	6	2	3	3	3	1	5	6	4	1	6	7	12	5	0	2	14	0.07	inf
1	-3	-3	-3	-2	-4	-2	-1	-2	-1	-1	-2	-4	-2	6	0	-1	-4	-2	-3	11	2	1	1	1	1	2	4	1	3	6	3	0	2	45	7	4	0	2	2	0.97	inf
0	-2	-2	-2	-4	-1	-1	-3	-2	1	1	-1	0	3	2	-1	-1	-1	1	1	8	2	1	3	0	3	4	1	1	8	14	4	3	13	12	5	4	1	4	9	0.18	inf
1	-4	-3	0	-1	-4	-3	-2	-3	-1	-2	-4	-3	-2	6	-2	0	-6	1	0	14	1	1	6	1	1	1	4	1	4	5	0	1	1	37	3	7	0	5	7	0.76	inf
-1	-1	-1	-1	-1	1	0	-3	0	1	0	-1	0	0	-3	1	3	0	0	0	4	3	3	3	2	8	7	2	2	9	7	3	2	5	0	13	17	1	2	6	0.15	inf
-3	-7	-7	-6	2	-7	-5	-7	-3	5	1	-6	-2	1	-7	-4	-1	1	0	5	2	0	0	0	4	0	1	0	1	32	11	0	0	6	0	1	4	2	3	32	1.12	inf
-3	0	-2	-2	-3	1	-2	-4	2	-1	1	1	0	3	-3	0	2	-1	2	0	1	6	1	3	0	6	1	1	5	3	14	8	2	13	1	8	13	1	7	6	0.24	inf
-9	-3	-10	-11	-3	-6	-7	-6	-8	0	-3	-4	-8	1	-10	-7	-7	12	3	-2	0	2	0	0	1	0	0	1	0	5	3	2	0	4	0	1	0	70	8	3	3.53	inf
-5	2	-2	-4	-4	-1	-3	-6	-2	0	2	1	2	1	-6	-2	1	0	4	-2	0	11	2	1	0	2	1	0	1	5	23	10	6	6	0	3	8	1	17	2	0.50	inf
-3	4	-4	-6	-5	-1	-2	-3	1	-4	-3	7	-6	-1	-5	-1	-6	-8	-5	-6	2	19	1	0	0	3	3	2	3	1	3	55	0	3	0	5	0	0	0	0	1.43	inf
-3	1	5	6	-7	-3	0	-2	-2	-5	-6	-1	-4	-8	-5	-1	-3	-8	-7	-4	3	7	29	37	0	1	7	3	1	1	1	4	0	0	0	4	1	0	0	1	1.20	inf
1	-2	0	-4	-1	-6	-3	6	-2	-4	-6	-3	-4	-7	0	0	-4	-7	-7	-4	10	2	4	1	1	0	1	63	1	1	0	1	1	0	5	7	1	0	0	1	1.33	inf
-2	0	-1	-4	-5	4	-2	-4	-2	3	1	-2	2	-3	-5	-2	-1	-5	-4	3	3	4	3	1	0	25	1	1	1	14	15	2	5	1	0	2	2	0	0	20	0.56	inf
1	-3	-6	-6	-4	-1	-5	-3	-5	0	5	-5	0	-1	0	-4	-4	-5	-4	1	11	1	0	0	0	2	0	2	0	3	65	0	1	2	6	0	0	0	0	7	0.94	inf
-3	4	-2	-3	-5	5	1	-4	6	-5	-5	2	-3	-5	-4	-3	-3	-5	-2	-5	0	24	0	0	0	30	7	0	26	0	0	13	0	0	0	0	0	0	0	0	1.11	inf
