-2	-2	-3	-4	-2	-2	-3	-4	-3	2	3	-2	7	-1	-3	-2	-1	-2	-2	0	0	0	0	0	0	0	0	0	0	11	22	0	68	0	0	0	0	0	0	0	0.72	0.17
-3	-2	-2	1	-5	2	6	-4	-2	-5	-5	2	-4	-5	-3	-2	-3	-5	-4	-4	0	0	0	3	0	6	79	0	0	0	0	12	0	0	0	0	0	0	0	0	1.41	0.51
-1	-2	1	5	-4	0	2	-1	-2	-4	-4	0	-4	-5	0	0	-1	-5	-4	-2	4	0	4	49	0	3	17	3	0	0	0	7	0	0	4	4	2	0	0	4	0.75	0.34
1	-2	0	-2	-3	-1	0	-1	0	-3	-3	0	-3	-4	0	4	2	-4	-3	-1	8	0	3	0	0	2	6	4	2	0	1	4	0	0	5	49	12	0	0	4	0.52	0.35
2	-1	0	-2	-2	-1	-1	-1	-3	-1	-1	-1	-2	-3	1	1	4	-3	0	0	19	2	3	0	0	2	2	2	0	3	6	2	0	0	6	12	32	0	3	6	0.30	0.25
1	-3	-2	-3	-3	-2	0	-2	-3	-4	-3	0	-3	0	4	4	1	-5	-3	-3	9	0	0	0	0	0	4	2	0	0	2	7	0	4	24	41	8	0	0	0	0.72	0.43
-1	0	-4	-3	-5	2	0	-2	-4	-2	0	-1	-3	-5	7	-2	-3	-5	-5	-3	3	6	0	0	0	9	6	3	0	2	10	2	0	0	56	2	0	0	0	1	1.23	0.53
1	1	1	-2	-3	1	2	-2	-2	-3	-2	3	-1	-4	1	1	0	-4	-3	-2	14	5	6	0	0	6	13	1	0	0	3	24	1	0	6	13	6	0	0	1	0.31	0.24
0	-2	-1	0	-4	5	1	-2	0	-4	-2	-1	-3	-5	4	1	-2	-5	-4	-4	9	0	1	4	0	30	10	3	2	0	5	2	0	0	24	9	1	0	0	0	0.67	0.41
0	0	-1	1	-4	2	4	-1	-2	-2	-3	1	-1	-4	1	1	0	-4	-3	-2	6	3	1	5	0	9	37	4	0	3	1	6	1	0	6	9	4	0	0	3	0.41	0.29
-1	0	-2	-2	-4	1	2	-2	-3	-3	-3	3	-3	-5	5	0	0	-5	-2	-2	5	5	1	0	0	6	14	2	0	1	1	18	0	0	34	4	5	0	1	2	0.72	0.39
0	1	-1	0	-4	0	4	-2	-1	-4	-3	2	-3	-4	2	1	0	-4	-3	-1	8	6	2	3	0	3	33	1	1	0	1	12	0	0	11	10	5	0	0	4	0.45	0.31
0	-1	2	1	-3	1	1	-1	3	0	-3	1	-2	-3	3	0	0	-4	-2	0	6	2	11	6	0	5	11	3	9	6	0	8	0	0	14	8	5	0	0	6	0.25	0.19
1	1	-1	0	-3	4	1	-2	-2	-4	-2	0	-3	-4	2	1	2	0	-3	-3	11	8	2	4	0	26	7	1	0	0	3	3	0	0	9	10	13	1	0	0	0.40	0.31
-1	0	-1	1	-4	1	3	0	1	-3	-4	1	-3	-4	2	1	0	-4	-3	-3	3	4	1	8	0	6	28	6	4	1	0	7	0	0	13	12	4	0	0	1	0.41	0.28
0	1	-1	-1	-3	3	2	-2	-2	-2	-2	1	-2	-1	3	1	0	-3	-3	-2	9	6	1	2	0	15	17	1	0	2	3	6	0	4	16	12	4	0	0	2	0.34	0.24
0	1	-2	0	-3	2	0	-2	-2	-2	0	1	-2	-2	4	-1	0	-3	-3	-1	7	7	0	4	0	12	5	2	0	2	14	8	0	1	25	3	6	0	0	3	0.37	0.24
2	1	0	-1	-3	0	0	3	-2	-3	-2	0	-1	-3	1	1	0	-4	-3	-3	20	8	3	3	0	4	5	26	0	0	4	7	1	0	6	7	7	0	0	0	0.29	0.21
0	1	-1	-1	-4	2	5	-4	-1	-4	-2	-1	-3	-5	3	0	-1	-5	-4	-4	9	7	2	1	0	9	42	0	1	0	4	2	0	0	13	6	4	0	0	0	0.66	0.42
3	-1	0	-3	-3	-2	-1	0	-3	-2	-3	0	-3	-4	2	2	3	-4	-4	-2	26	3	4	0	0	0	3	8	0	1	2	4	0	0	12	14	20	0	0	1	0.42	0.33
0	2	0	-2	-3	1	2	2	-1	-2	-2	0	-2	-2	2	0	0	-3	-1	-1	7	12	3	0	0	5	18	15	1	1	3	6	0	1	9	3	6	0	3	6	0.20	0.18
-2	3	-1	-1	-4	3	1	-1	0	-3	-2	1	-3	-4	4	0	-1	-4	-3	-2	2	19	1	3	0	15	7	5	3	1	3	9	0	0	20	6	3	0	0	2	0.47	0.31
-1	-5	-2	-2	-5	-1	-3	-3	-5	-5	-4	-2	-5	-6	7	1	-2	-7	-6	-3	5	0	1	3	0	3	1	1	0	0	2	2	0	0	69	12	1	0	0	1	1.83	0.78
0	-2	-1	-1	-3	0	0	2	-1	-2	-2	0	-2	-1	2	1	1	6	0	-2	8	0	1	2	0	5	7	16	1	1	2	6	0	3	9	11	8	12	4	2	0.30	0.22
0	0	-2	0	-4	2	4	-1	-2	-4	-3	1	-2	-4	2	0	0	-4	-4	-2	7	4	0	5	0	10	34	4	0	0	2	7	1	0	11	4	7	0	0	2	0.47	0.33
0	-1	0	0	-3	0	2	2	-1	-3	-2	-1	-2	-2	1	1	0	0	-3	0	9	3	3	4	0	5	17	17	1	0	2	2	0	1	8	12	5	1	0	8	0.20	0.18
1	1	-1	0	-3	1	2	-2	0	-2	-2	2	0	-4	2	1	0	-4	-3	-2	12	7	1	4	0	7	15	2	2	2	2	14	3	0	13	9	6	0	0	1	0.28	0.23
1	0	-2	-1	-3	1	-1	-3	-3	-1	-2	1	-3	-4	2	1	4	-4	-3	-1	10	4	0	3	0	5	4	0	0	3	3	8	0	0	12	13	32	0	0	3	0.41	0.34
3	0	-3	-1	-4	-1	-2	-1	-4	-2	-4	0	-2	-5	5	0	0	-5	-4	-2	23	5	0	3	0	2	2	5	0	2	0	5	1	0	36	7	7	0	0	3	0.75	0.45
2	-1	-2	-1	-3	0	0	0	-3	-2	-1	-1	-1	-4	3	2	1	-4	-2	-1	21	2	1	2	0	4	7	6	0	1	6	2	1	0	15	14	12	0	1	5	0.29	0.27
1	-1	-1	-1	-3	1	1	-1	-1	-3	-2	0	-3	-2	2	3	1	-4	-3	-2	13	2	1	2	0	7	9	3	1	1	2	4	0	2	12	30	9	0	0	3	0.37	0.33
0	-2	-2	-2	-4	-1	-2	-2	-2	-4	-3	-2	-4	-5	6	2	0	-5	-5	-2	7	1	1	2	0	3	2	3	1	0	2	2	0	0	46	20	7	0	0	2	1.06	0.57
-1	1	-1	-1	-4	5	2	-2	1	-4	-3	1	-3	-4	2	0	0	-4	-2	-2	5	7	1	3	0	31	11	3	4	0	1	6	0	0	10	8	6	0	2	3	0.48	0.38
0	-1	0	2	-3	2	1	0	2	-3	-3	0	-3	-1	1	1	0	1	2	-2	8	2	3	16	0	10	9	6	5	1	1	4	0	2	6	9	7	2	8	2	0.20	0.19
1	-1	-3	-3	-4	0	-1	-2	-1	-4	-3	-2	-4	-5	6	2	1	-5	-1	-2	9	3	0	1	0	4	4	3	1	0	2	2	0	0	40	18	8	0	3	3	0.85	0.50
0	-1	0	0	-4	2	4	1	0	-3	-4	1	-4	-5	0	1	0	-5	-4	-4	5	2	5	4	0	10	32	11	2	1	0	7	0	0	5	12	4	0	0	0	0.48	0.36
-2	-2	-3	-2	-6	-2	-2	-3	-1	-4	-2	-1	-2	-6	7	-1	0	-6	-6	-4	3	2	1	2	0	2	2	2	2	1	4	4	1	0	66	4	6	0	0	1	1.66	0.79
0	0	-2	-1	-4	0	2	2	-2	-2	-2	1	-3	-4	4	0	0	-4	-2	-2	8	5	1	2	0	2	18	16	1	3	3	8	0	0	20	5	6	0	1	3	0.36	0.28
2	-1	0	-1	-3	0	-2	-2	-3	-1	-1	0	-1	-2	2	2	1	-3	-3	0	16	3	3	3	0	4	1	2	0	4	6	5	1	2	12	22	10	0	0	7	0.23	0.24
1	-3	-3	-2	-4	1	0	-1	-3	-4	-4	-2	-4	-1	5	3	1	-1	-2	-2	12	1	0	1	0	6	6	4	0	0	1	1	0	3	27	26	8	1	1	2	0.61	0.44
1	0	0	1	-4	2	3	-1	0	-3	-3	0	-1	-4	0	1	0	-4	-2	-2	10	5	3	8	0	11	27	5	2	1	1	4	1	0	4	9	5	0	1	3	0.33	0.28
-1	-5	-3	-4	-5	-3	0	-5	0	-5	-5	-2	-3	-3	7	0	0	-6	-3	-3	5	0	1	0	0	1	5	0	2	0	0	2	1	1	67	6	6	0	1	2	1.78	0.82
0	-1	-2	-2	-3	0	-2	-2	-2	-1	1	0	-2	-3	4	1	1	0	-2	-1	5	2	1	1	0	4	2	2	1	3	18	5	0	0	27	11	10	1	1	4	0.41	0.30
0	1	-2	0	-3	2	3	-2	-1	-3	-3	1	-3	-3	1	1	1	-4	-1	-2	9	6	0	5	0	10	24	3	1	0	2	10	0	1	7	10	8	0	2	2	0.31	0.26
1	-1	-1	0	-3	0	1	-1	-2	-3	-2	-1	-2	-1	3	2	0	-4	-2	0	14	3	1	4	0	5	10	4	0	0	4	3	1	2	17	19	4	0	1	6	0.27	0.23
-1	1	-1	0	-4	2	3	0	-1	-3	-3	1	-3	-4	1	1	1	-4	-2	-3	4	6	1	4	0	11	23	6	1	1	1	8	0	0	8	13	8	0	1	1	0.34	0.27
0	1	-1	-2	-4	4	1	-1	1	-3	-2	0	-2	-4	2	1	0	-1	-2	-1	10	9	2	0	0	23	7	4	4	0	3	6	1	0	12	9	5	1	1	4	0.34	0.30
2	1	0	-2	-3	0	0	3	-2	-4	-4	-1	-2	-4	2	2	0	0	-4	-3	20	8	3	1	0	5	5	21	1	0	0	2	1	0	9	16	5	1	0	1	0.38	0.31
0	-1	-4	-3	-5	-1	-2	-3	-3	-3	-2	-1	1	-5	7	-1	1	-6	-2	-3	6	3	0	1	0	3	2	1	1	1	4	3	4	0	56	3	9	0	1	2	1.29	0.66
2	-2	-1	1	-4	2	3	-1	-1	-2	-3	-1	-2	-4	2	1	0	-5	-2	-2	17	1	2	6	0	9	25	3	1	2	1	1	1	0	9	13	6	0	1	2	0.37	0.33
0	-2	-2	-2	-4	1	0	0	-4	-2	-3	0	-3	-3	5	1	2	-5	-4	-2	8	2	1	1	0	6	5	7	0	2	2	4	0	1	28	13	17	0	0	3	0.55	0.39
1	-1	-1	0	-3	0	2	3	1	-4	-3	-1	-3	-4	2	2	0	0	-3	-2	12	4	2	4	0	3	13	22	4	0	1	3	0	0	9	17	4	1	0	4	0.32	0.27
-2	2	-2	-4	-2	2	-1	-4	-2	-5	-4	-1	-5	-3	6	0	-1	-6	-3	-3	2	11	1	0	1	9	4	1	1	0	1	3	0	1	51	6	5	0	1	1	1.23	0.66
0	1	-3	-2	-5	5	0	-3	-1	-3	-4	0	-3	-5	4	0	1	-5	-4	-3	8	7	0	1	0	33	5	1	1	1	1	6	0	0	20	7	8	0	0	2	0.73	0.50
0	1	-2	-3	-4	0	-1	-1	-2	-3	-4	-1	-4	-5	6	2	-2	-5	-5	-4	7	7	1	0	0	4	4	5	1	1	1	3	0	0	44	17	2	0	0	0	1.01	0.55
0	3	-2	0	-4	1	1	-1	-2	-3	-2	2	-3	-2	1	1	-1	-4	-1	-2	9	22	0	6	0	7	12	3	0	0	3	10	0	2	7	9	3	0	2	3	0.29	0.25
1	-1	-1	-1	-3	0	0	0	-1	-2	-3	-2	-2	-4	2	3	2	-4	-2	-1	13	4	2	3	0	5	6	6	2	1	2	1	1	0	10	29	13	0	1	3	0.33	0.31
1	-1	1	-1	-3	1	1	0	-2	-2	-2	0	-1	-2	2	2	1	-4	-3	-1	13	2	6	2	0	5	10	7	1	1	3	4	1	2	10	19	9	0	0	4	0.21	0.22
0	2	-3	-2	-4	1	1	-1	-3	-4	-1	0	0	-4	5	0	-1	-5	-3	-3	8	10	0	1	0	6	10	4	0	0	6	5	3	0	34	6	4	0	1	1	0.64	0.41
0	-4	-2	-2	-5	0	-1	-4	-2	-5	-4	-2	-5	-6	7	0	1	-6	0	-4	7	0	2	3	0	5	3	1	1	0	1	2	0	0	58	6	7	0	3	1	1.42	0.71
1	1	-1	-1	-4	3	0	1	-3	-4	-4	0	-3	-4	0	2	1	4	-3	-2	11	8	2	3	0	16	7	10	0	0	0	4	0	0	4	16	8	7	0	3	0.34	0.30
0	-1	0	-1	-3	1	1	-2	0	-2	-2	-1	-2	-3	2	3	2	-4	-1	-1	8	2	3	3	0	7	8	2	2	1	3	3	1	1	11	28	12	0	2	5	0.31	0.30
-1	-4	-3	-3	-5	1	-2	-2	-1	-5	-4	-1	-3	-4	7	-1	-1	-6	-2	-4	5	0	1	1	0	8	2	2	1	0	2	3	1	1	62	4	3	0	2	1	1.56	0.76
0	0	0	-1	-4	4	1	1	-1	-4	-2	1	-3	-2	3	1	0	-4	-3	-2	8	4	3	2	0	21	9	9	1	0	4	7	0	2	15	9	5	0	0	2	0.34	0.29
1	-2	-1	-1	-3	1	0	1	-3	-4	-1	-1	-3	-2	2	4	1	-4	-3	-3	9	2	2	3	0	5	5	9	0	0	7	3	0	2	9	35	7	0	0	0	0.38	0.34
1	0	-1	-1	-3	1	0	3	-3	-3	-3	-1	-1	-4	3	2	0	-4	-4	-2	11	6	1	2	0	8	7	21	0	1	1	2	1	0	13	16	6	0	0	2	0.35	0.28
2	-1	-1	-1	-3	0	0	0	-3	-1	-2	-1	-1	-3	2	1	1	-4	-3	0	20	2	1	3	0	5	7	6	0	4	3	3	2	0	12	14	10	0	0	9	0.21	0.21
-2	3	-1	0	-4	0	1	-2	-2	-4	-4	1	-3	-4	4	1	0	-4	-1	-3	2	19	2	5	0	4	7	2	1	0	1	9	0	0	22	14	6	0	3	2	0.51	0.35
1	-1	-3	0	-4	0	0	-2	-1	-2	-2	0	-2	-3	5	0	2	-4	-4	-2	10	2	0	6	0	4	5	2	1	3	4	4	1	1	31	8	14	0	0	2	0.54	0.36
0	0	-2	0	-4	0	-1	-3	-1	-3	-4	-3	-4	-2	6	2	0	-5	-3	-2	6	4	1	4	0	4	4	1	2	1	1	0	0	2	43	17	5	0	1	3	0.91	0.53
1	0	-1	-2	-2	0	0	1	1	-2	-1	-1	0	-1	2	1	1	-3	-1	-1	14	4	1	1	0	4	5	11	5	1	7	3	3	2	10	15	7	0	2	4	0.14	0.15
2	-1	-2	1	-3	-1	1	1	-2	-2	-2	-1	-3	-2	3	1	0	0	-3	-2	19	2	0	9	0	3	8	13	1	2	4	4	0	1	16	8	6	1	0	1	0.28	0.23
0	-1	1	1	-4	1	1	1	-1	-2	-3	0	-3	-4	4	0	0	-5	-4	-2	7	2	6	10	0	6	8	13	1	2	2	5	0	0	25	7	5	0	0	2	0.44	0.30
0	-2	-2	-2	-4	1	-1	-1	-3	-4	-1	-1	-3	-4	5	1	1	-1	-3	-2	7	2	1	2	0	7	4	5	0	0	8	3	0	0	34	13	10	1	1	2	0.63	0.41
3	-1	-2	-3	-3	2	0	-1	-1	-2	-3	-1	-2	-4	2	2	2	-1	-3	0	25	3	1	0	0	9	4	4	1	2	1	4	1	0	9	16	13	1	1	7	0.32	0.31
1	-1	0	-1	-3	2	1	2	0	-2	-2	0	-3	-3	1	1	0	-4	-2	-1	16	2	3	1	0	10	12	14	2	2	2	4	0	1	7	12	6	0	1	3	0.22	0.22
-3	-5	-3	-3	-6	-1	-1	-3	-2	-6	-3	-3	-1	-7	8	-2	-2	-7	-6	-4	2	0	1	1	0	2	4	2	1	0	3	1	1	0	75	3	2	0	0	1	2.08	0.94
-2	1	0	0	-4	3	2	0	-3	-3	-3	1	-3	-4	3	0	0	-4	-2	-1	1	6	4	5	0	14	15	9	0	1	1	8	0	0	17	8	5	0	1	5	0.37	0.29
2	1	-1	-3	-3	0	0	2	-1	-2	-3	0	-2	-3	2	0	2	-4	-2	-1	22	7	2	0	0	4	5	16	1	1	1	4	1	1	11	6	13	0	1	3	0.29	0.27
2	0	-2	-1	-3	2	0	0	-3	-2	-2	0	-3	-4	1	2	1	-4	0	-2	20	5	0	3	0	10	5	7	0	2	2	4	0	0	8	19	11	0	3	2	0.27	0.28
0	0	-2	-2	-4	2	1	-1	-1	-3	-3	0	-3	-2	3	3	1	-4	-4	-3	8	5	0	1	0	11	7	3	1	1	3	4	0	2	15	28	10	0	0	1	0.44	0.37
0	0	-1	-2	-5	1	0	-3	-4	-3	-5	-2	-5	-6	6	1	-1	-6	-2	-3	9	4	3	1	0	6	6	2	0	1	0	1	0	0	50	10	3	0	1	2	1.14	0.62
2	-1	-3	-2	-4	1	1	0	-3	-3	-2	0	0	-3	4	1	0	-5	-4	-2	17	3	0	2	0	7	8	6	0	1	5	4	2	1	25	13	5	0	0	2	0.45	0.34
-1	-3	-3	-2	-5	-1	-2	-2	2	-4	-3	-1	-5	-3	7	1	0	-6	-5	-5	5	1	1	2	0	2	2	3	4	1	2	4	0	1	56	9	6	0	0	0	1.34	0.69
2	-2	-2	-1	-3	1	-1	-1	-3	-2	0	-1	1	-3	1	2	2	-4	-3	0	19	1	1	3	0	9	3	3	0	1	12	2	4	1	8	16	12	0	0	7	0.22	0.26
1	-1	1	-1	-4	1	0	0	-1	-4	-3	-1	-4	-3	4	3	1	0	-2	-4	9	2	6	2	0	7	6	5	1	0	2	3	0	1	20	24	10	2	1	0	0.45	0.36
-1	-3	-5	-4	-6	2	0	-2	-5	-6	-4	-4	-2	-4	7	0	-2	-6	-1	-4	6	1	0	0	0	11	7	3	0	0	2	0	1	1	55	8	2	0	2	1	1.40	0.74
-1	2	-1	-2	-4	4	1	0	0	-2	-3	0	0	-5	3	-1	0	-5	-2	-2	6	10	2	1	0	24	7	7	3	2	1	6	2	0	16	4	6	0	1	3	0.43	0.35
-1	1	0	1	-4	2	2	-2	0	-3	-2	1	-3	-2	2	1	0	-4	-2	-2	5	8	4	10	0	13	14	3	2	0	4	7	0	1	11	10	5	0	1	3	0.27	0.23
0	0	-4	-2	-5	0	-1	1	-4	-4	-2	-2	-4	-1	6	1	-1	-1	-4	-4	9	5	0	2	0	4	4	9	0	0	5	1	0	3	42	11	3	1	0	1	0.84	0.50
0	-2	-2	0	-4	2	1	-1	-1	-4	-4	0	-4	-5	0	4	2	-5	-3	-2	6	1	1	4	0	10	7	4	1	0	1	5	0	0	5	37	13	0	1	3	0.51	0.43
0	-1	1	0	-3	1	1	0	1	-3	-1	-1	-1	0	3	2	1	-4	-1	-3	7	3	5	4	0	5	8	5	3	1	6	2	1	4	13	23	7	0	2	0	0.23	0.24
0	-1	-1	0	-3	1	-1	1	-1	-1	-2	0	-1	-2	3	1	2	-1	-2	-1	6	1	1	5	0	8	3	12	1	3	2	7	2	1	13	10	17	1	1	4	0.22	0.22
-1	-1	-5	-3	-6	0	-2	-2	-2	-4	-1	-3	-2	-6	7	-1	-2	-1	-6	-2	5	3	0	1	0	5	2	3	1	1	6	1	1	0	62	4	2	1	0	3	1.52	0.76
0	-1	-3	-3	-4	1	0	-2	-1	-2	-2	0	-4	-2	5	3	0	-5	-1	-4	6	3	0	0	0	7	7	3	1	2	3	5	0	2	29	23	6	0	2	0	0.60	0.43
1	0	-2	-3	-4	2	0	-2	1	-4	-2	-1	-3	-5	5	1	1	-5	-4	-2	13	5	2	0	0	9	6	3	3	0	3	2	0	0	31	10	10	0	0	3	0.62	0.41
0	0	-1	-2	-3	0	-2	1	-1	-2	-1	-1	-2	-2	5	0	0	-1	-2	0	6	4	2	2	0	4	1	9	2	2	8	3	1	1	30	8	7	1	1	8	0.42	0.29
2	1	0	0	-3	1	1	-1	0	-2	-1	-1	-2	-3	1	1	0	0	-1	-1	23	7	4	4	0	8	8	4	2	1	5	2	0	0	5	13	5	2	2	4	0.17	0.19
-1	-1	-3	-2	-4	1	0	-2	-3	-2	0	-1	-3	-4	6	-1	0	-4	-2	-1	4	3	0	2	0	6	6	3	0	2	11	2	0	0	44	5	5	0	1	4	0.84	0.45
2	-2	-1	0	-3	1	0	0	-1	-2	-2	-1	-1	-3	1	2	1	0	-1	-2	23	1	3	4	0	7	7	7	1	1	3	2	1	0	8	17	10	1	2	2	0.24	0.24
-1	2	-2	-1	-4	2	1	0	0	-3	-4	0	-3	-4	3	1	1	-4	-1	-3	5	15	1	2	0	11	9	8	2	1	0	6	0	0	16	11	11	0	2	2	0.39	0.31
-1	0	-2	0	-5	5	1	-2	0	-5	-4	0	-4	-3	4	0	-1	-5	-4	-3	5	5	1	4	0	32	8	3	2	0	0	6	0	1	21	6	4	0	0	2	0.71	0.47
0	0	0	2	-3	0	1	0	0	-3	-4	-1	-1	-4	3	2	0	-4	-2	-3	8	5	4	13	0	4	11	6	2	1	1	3	1	0	17	15	6	0	1	1	0.34	0.25
0	-1	-1	-1	-2	-1	0	0	-1	0	1	-1	0	1	2	0	0	0	1	0	7	2	2	3	0	2	5	6	1	4	17	3	2	6	11	9	7	1	5	7	0.08	0.09
3	-1	-2	-1	-3	2	0	2	-3	-3	-2	0	0	-3	0	2	1	-4	-3	-1	24	2	0	2	0	10	4	15	0	0	3	5	3	0	5	14	8	0	0	3	0.29	0.26
2	-1	-3	-1	-1	0	0	-1	-3	-2	-2	-2	-1	-2	4	1	1	0	-1	-2	20	3	0	2	1	4	5	4	0	2	4	0	1	1	26	11	11	1	2	2	0.45	0.33
-2	-4	-1	-1	-5	-2	1	-3	-2	-3	-3	-2	0	-5	7	0	1	-5	-1	-4	3	0	2	4	0	1	9	2	1	1	2	2	3	0	52	7	8	0	3	0	1.20	0.62
-1	0	-2	-1	-4	-1	0	-2	-4	-4	-2	0	-4	-3	5	0	1	3	-2	-2	5	4	1	2	0	3	5	3	0	0	4	5	0	1	38	8	10	5	1	3	0.71	0.43
0	0	-2	-1	-4	4	1	-1	0	-4	-4	1	-3	-2	3	1	1	-4	-1	-2	5	5	1	2	0	20	10	3	2	0	0	7	0	1	16	12	9	0	3	2	0.43	0.35
1	-2	-1	-1	-4	0	1	-1	-4	-4	-3	-2	-4	-3	4	3	1	-5	-3	-2	11	2	2	2	0	4	9	4	0	0	1	2	0	1	24	27	8	0	1	2	0.59	0.44
0	-1	1	3	-4	1	2	-1	1	-4	-4	0	-3	-3	2	1	-1	-4	-1	-3	7	2	7	20	0	7	16	5	4	0	0	4	0	1	9	11	3	0	2	1	0.38	0.29
0	3	-1	-2	-4	3	1	-1	-2	-4	-2	2	1	-4	3	0	0	-1	-2	-3	6	17	2	1	0	13	10	4	0	0	3	10	4	0	14	7	6	1	1	1	0.36	0.30
0	-1	1	0	-4	1	-1	-1	0	-2	-2	-1	-2	-4	3	2	3	-4	-2	-2	6	2	5	6	0	8	4	5	2	1	3	2	1	0	18	14	21	0	1	2	0.37	0.31
1	0	-1	-3	-3	-1	-1	-1	-2	-2	-2	0	0	-2	2	1	4	-1	-3	-1	12	5	3	0	0	3	4	5	1	1	3	5	2	1	10	9	30	1	0	4	0.32	0.31
1	-1	1	0	-3	1	1	0	1	-3	-3	-1	-1	-2	2	3	0	-4	-3	-3	9	3	5	6	0	7	7	5	4	1	2	2	2	1	12	28	5	0	0	1	0.33	0.29
0	-1	-2	-2	-1	1	1	1	1	-1	-1	-1	-2	0	2	0	-1	-1	0	1	9	2	0	0	1	8	12	11	4	1	6	3	0	3	10	8	3	1	3	14	0.12	0.16
0	-2	0	0	-2	0	0	-2	-1	1	0	-1	0	-1	2	0	2	-1	0	0	6	1	3	4	0	5	4	1	1	10	10	4	2	2	13	8	15	1	3	5	0.13	0.14
0	-2	-5	-3	-5	-1	-2	-3	-5	-4	-2	-4	-5	-2	7	0	-1	-6	-5	-5	8	2	0	1	0	3	2	1	0	1	4	0	0	2	65	7	3	0	0	0	1.67	0.79
-1	0	-1	1	-4	3	3	-1	0	-4	-2	1	-3	-4	2	1	0	-4	-2	-3	4	4	2	6	0	12	22	3	2	0	3	9	0	0	9	14	5	0	1	1	0.36	0.30
3	-2	-3	-2	-3	-1	0	0	-3	-3	-2	-2	-1	-2	2	1	2	-4	-1	0	34	1	0	1	0	3	5	7	0	0	2	2	1	1	9	9	16	0	2	6	0.38	0.33
1	-2	0	0	-3	1	1	3	-2	-3	-2	0	-1	-3	1	0	-1	-3	-1	-2	13	0	5	4	0	7	8	29	0	0	4	5	1	0	6	8	3	0	2	3	0.30	0.24
0	-1	-1	-1	-3	3	1	-2	1	-3	-3	0	0	-4	1	1	3	-4	-3	-1	6	3	1	3	0	15	8	2	4	1	2	5	3	0	8	12	26	0	0	3	0.37	0.32
0	1	1	1	-2	1	1	0	-1	0	-1	0	-1	-2	1	0	0	-3	-2	0	7	7	7	7	0	7	7	7	0	7	7	7	0	0	7	7	7	0	0	7	0.08	0.07
-1	2	0	0	-3	2	1	-1	2	-2	-1	0	0	0	2	0	0	-3	1	-2	4	12	3	4	0	12	7	4	6	2	4	4	2	4	10	7	7	0	5	2	0.16	0.17
0	-1	-3	-1	-4	0	-1	-1	1	-1	-1	-1	1	-1	5	1	0	-4	-1	-1	7	3	0	2	0	5	3	5	4	3	6	2	4	3	30	12	4	0	2	4	0.43	0.32
0	0	0	2	-3	1	1	1	0	-2	-3	0	-3	-2	2	2	0	-4	-3	-2	9	4	4	13	0	6	9	9	2	2	0	6	0	2	10	16	4	0	0	2	0.24	0.21
0	0	-3	-2	-4	0	0	0	3	-4	-3	-1	0	-1	5	0	0	0	0	-4	6	6	0	2	0	5	5	8	8	0	2	2	2	2	35	7	6	1	4	0	0.64	0.42
0	-3	-2	-3	-3	0	-1	1	-1	-1	1	-1	1	-1	3	1	1	0	-1	0	5	0	1	0	0	4	4	11	2	2	13	2	3	2	17	11	12	1	2	8	0.21	0.22
1	-1	-1	1	-4	2	3	1	0	-3	-4	0	-2	-2	1	0	0	-4	-3	-2	13	2	2	7	0	10	23	9	2	1	0	4	1	2	8	8	4	0	0	3	0.30	0.28
0	0	0	0	-3	1	0	0	2	0	-1	0	1	-2	1	0	0	3	-2	0	6	6	6	6	0	6	6	6	6	6	6	6	6	0	6	6	6	6	0	6	0.08	0.11
0	0	-2	0	-3	2	0	-1	1	-1	-2	0	-3	-1	3	2	0	-4	-3	-1	9	3	0	4	0	10	5	4	3	4	3	4	0	3	15	19	6	0	0	4	0.25	0.25
0	-1	0	-1	-4	0	1	-2	0	-3	-1	-1	-1	-2	4	2	1	-4	-1	-1	8	2	3	3	0	5	9	3	2	0	5	3	2	1	21	16	10	0	2	5	0.32	0.28
-1	-1	0	3	-4	1	1	-1	0	-2	-3	0	-3	-4	4	0	0	-4	0	-4	3	2	5	19	0	7	8	4	3	2	2	5	0	0	21	8	5	0	5	0	0.43	0.33
0	1	-1	-1	-3	1	0	0	-1	-2	-2	1	0	-2	3	1	0	-4	-1	-2	9	6	3	3	0	7	5	8	2	2	3	12	3	2	19	10	4	0	2	2	0.26	0.22
0	3	-1	1	-4	2	1	0	-2	-2	-2	1	-2	-2	2	0	-1	-4	-2	-1	6	18	2	7	0	10	7	9	0	2	4	8	0	2	10	6	3	0	1	3	0.23	0.21
1	0	-1	0	-4	1	3	-1	0	-3	-3	1	-1	-2	3	0	1	-1	-3	-2	13	4	1	4	0	8	20	3	3	0	2	7	1	2	13	8	8	1	0	3	0.28	0.26
0	-2	1	-3	0	1	-1	-1	-1	-2	-1	-2	-3	-4	3	3	0	-4	-4	-1	8	1	7	0	2	6	4	3	1	1	6	1	0	0	16	32	6	0	0	3	0.42	0.37
0	-1	0	-2	-3	1	0	-1	-1	0	0	-1	1	-3	2	1	3	-3	-1	0	9	3	3	0	0	6	5	4	1	4	8	2	4	0	10	8	23	0	2	7	0.19	0.22
0	-1	-2	-2	-4	0	-1	-2	0	-3	-1	-1	1	-4	6	0	-1	-5	-4	-2	8	3	1	2	0	5	4	3	2	1	7	3	5	0	41	9	4	0	0	2	0.77	0.46
0	-1	-2	-1	-4	3	1	-2	4	-4	-2	0	-2	-3	4	0	0	-4	-2	-2	6	3	0	2	0	16	9	3	12	0	3	4	1	1	23	7	6	0	1	3	0.51	0.38
-1	-1	1	0	-4	4	1	-1	3	-3	-1	0	0	-3	1	0	0	0	0	-1	4	3	6	3	0	21	10	4	9	0	5	4	2	0	7	8	5	1	3	4	0.26	0.27
0	-1	-3	-2	-4	-1	0	-3	-4	-2	0	-1	-1	-4	5	1	3	-5	-4	-1	7	2	0	1	0	3	6	1	0	1	12	3	2	0	28	11	20	0	0	3	0.56	0.42
-1	-1	-1	-1	-1	3	0	2	0	-2	-3	-1	-3	-4	2	2	1	-4	-2	-2	4	3	2	3	1	15	4	15	2	2	1	2	0	0	12	22	9	0	1	3	0.35	0.33
-1	0	-1	-2	-5	5	0	-3	4	-5	-3	0	-4	-5	3	1	0	-1	-2	-3	4	4	2	1	0	33	3	2	10	0	2	5	0	0	16	9	6	1	1	1	0.69	0.51
0	-1	-1	0	-3	0	-1	1	-1	-3	-1	0	-1	-4	4	2	0	-4	-1	-1	7	2	2	5	0	3	3	10	1	0	6	5	1	0	20	23	4	0	2	4	0.33	0.29
0	1	-1	0	-2	1	0	0	2	-1	-1	0	1	-2	1	0	0	-2	1	0	7	7	0	7	0	7	7	7	6	0	7	7	6	0	7	7	7	0	6	7	0.08	0.11
1	0	0	0	-2	0	0	2	0	-1	-1	0	-2	-1	1	1	0	-3	-2	-1	10	4	3	5	0	4	5	20	3	4	7	4	0	3	8	10	6	0	0	4	0.12	0.12
-1	1	3	0	-4	0	0	-1	0	-4	-4	-1	-1	-2	2	2	0	-4	0	-4	5	6	18	5	0	5	5	5	2	0	0	3	2	2	12	21	5	0	3	0	0.39	0.33
1	1	-1	-3	-3	0	-1	-2	0	-1	-1	0	0	-1	2	0	3	-4	-1	-1	10	8	3	0	0	4	4	2	2	4	5	4	2	2	11	7	25	0	1	3	0.25	0.26
-1	-1	-1	0	0	-1	-1	0	0	-1	0	0	-1	2	2	1	0	0	1	-1	3	3	3	5	2	3	2	7	2	2	11	6	0	10	12	10	7	1	7	4	0.10	0.12
1	0	-3	-2	-1	3	1	-1	2	-2	-2	0	-3	-2	4	0	-1	-4	-1	-2	12	6	0	2	2	19	8	4	6	2	3	5	0	2	19	7	2	0	2	2	0.41	0.34
0	1	-2	-1	-4	4	1	-2	1	0	-1	0	-3	-4	2	0	0	-4	-3	-2	6	8	0	3	0	24	11	3	3	7	5	4	0	0	9	9	5	0	0	2	0.34	0.32
1	-2	-1	-1	-4	0	-1	-1	-3	-3	-1	0	-3	-4	4	3	2	-4	0	-1	12	2	1	3	0	5	2	3	0	0	7	4	0	0	19	23	11	0	3	3	0.39	0.35
1	-1	0	0	-5	6	1	-2	-1	-5	-3	0	-2	-5	1	-1	0	-5	-1	-3	11	2	4	4	0	40	8	3	1	0	1	3	1	0	6	4	7	0	2	2	0.66	0.51
-1	1	-1	-1	-4	4	1	-1	-2	-1	-3	0	-1	-4	1	2	1	-4	-2	-1	4	6	2	3	0	25	11	4	0	3	1	3	1	0	8	15	8	0	2	3	0.37	0.35
-1	-5	-1	-2	-5	-4	-3	-3	-2	-3	-3	-3	-5	-6	7	0	2	-6	-2	-3	4	0	2	1	0	0	1	2	1	1	2	1	0	0	59	8	12	0	2	2	1.48	0.75
0	1	0	0	-3	2	2	0	0	-1	-2	1	-1	-3	1	1	1	-4	-1	-1	7	8	4	4	0	13	14	5	2	3	2	10	1	0	6	9	7	0	1	3	0.19	0.18
0	0	0	0	2	1	-1	0	-1	-1	-1	0	1	1	1	0	0	-2	1	0	6	6	6	6	6	6	0	6	0	0	6	6	6	6	6	6	6	0	6	6	0.05	0.11
-1	1	2	1	-3	1	1	-1	4	-1	-2	0	-2	-3	1	0	-1	-3	1	-3	5	8	12	7	0	6	8	5	13	3	4	6	0	0	8	6	4	0	5	0	0.23	0.21
0	0	0	-2	-2	0	-1	-1	-2	0	1	-1	1	-1	3	0	0	-3	-2	0	5	5	4	0	0	4	4	6	0	5	18	4	5	3	17	7	7	0	0	7	0.16	0.14
-1	0	-1	-1	1	1	0	-2	2	-2	0	-1	-2	0	2	0	1	-2	2	-2	4	5	3	3	4	8	4	2	7	0	10	2	0	3	13	9	12	0	9	2	0.17	0.19
0	-1	0	-1	-3	1	1	4	0	-3	-3	0	-1	-4	2	0	0	-4	-3	-1	5	3	3	3	0	6	9	33	2	0	2	6	2	0	9	7	5	0	0	4	0.35	0.26
-2	0	-1	0	-4	1	-1	-1	0	-4	-2	-2	-1	-4	5	1	0	1	-2	-1	2	5	2	5	0	8	2	5	3	0	4	2	2	0	36	10	5	2	2	5	0.63	0.41
-1	3	0	0	-3	2	2	0	0	-2	-2	0	-2	-1	0	0	0	0	-1	-1	2	17	3	4	0	10	13	7	2	2	3	4	0	3	5	9	5	2	2	6	0.16	0.18
0	-2	1	3	-3	1	1	-2	-1	-2	-2	-1	-3	-1	1	1	1	-4	-3	-1	8	1	6	21	0	7	11	1	1	2	4	3	0	3	7	12	8	0	0	4	0.26	0.24
1	-2	-2	-2	-3	0	0	-1	-1	0	0	-1	0	-1	2	0	-1	0	-1	2	13	2	0	2	0	5	5	4	1	4	11	2	1	2	13	9	3	1	2	18	0.14	0.17
0	0	1	0	-4	2	0	-1	0	-3	-4	-2	-1	-4	1	4	1	-4	0	-3	6	4	6	5	0	11	5	5	2	1	0	0	1	0	6	33	9	0	3	1	0.41	0.38
-1	0	0	-1	1	2	-1	0	1	-2	-1	-1	-3	1	3	1	-1	-3	2	-3	5	4	4	3	3	13	3	7	4	1	6	1	0	5	14	14	3	0	10	0	0.24	0.26
-1	0	2	1	-3	1	0	0	1	-3	-3	1	0	-1	0	1	1	2	0	-1	3	5	12	8	0	8	5	5	3	0	0	8	3	3	5	11	9	3	3	3	0.18	0.19
0	0	1	2	-3	1	1	-1	1	-1	-2	1	0	-3	2	0	1	-4	-3	-1	8	5	5	11	0	5	8	4	4	4	4	7	3	0	11	6	12	0	0	4	0.17	0.16
1	-1	0	1	-3	1	1	-1	-3	-2	-2	-1	-3	-1	1	3	-1	-4	0	-1	14	3	3	9	0	7	8	3	0	2	3	3	0	3	7	23	3	0	4	4	0.22	0.25
0	0	-1	-1	1	1	0	-2	1	-2	-1	1	0	-1	4	1	0	-4	-1	-2	7	4	3	3	3	6	5	3	3	2	4	9	2	3	21	10	5	0	2	2	0.26	0.22
-1	0	-3	-1	-5	4	1	0	1	-4	-4	-1	-4	-2	4	0	0	-5	0	-2	5	5	0	2	0	21	10	8	3	0	0	3	0	2	23	5	5	0	3	3	0.56	0.42
0	1	0	1	0	1	1	-1	0	-3	-2	2	0	-2	1	1	0	1	-2	-1	6	7	4	6	2	6	10	5	3	0	3	13	3	2	8	10	4	2	0	4	0.14	0.15
1	-1	-2	0	-4	2	3	1	-3	-2	-4	0	-1	-4	3	0	-1	1	0	-2	10	3	0	5	0	8	22	13	0	2	0	4	2	0	13	5	2	2	4	3	0.33	0.30
-1	-1	-1	1	-3	1	1	-2	0	0	1	-1	0	-2	1	0	2	-3	-1	0	4	2	2	7	0	6	8	2	2	5	20	3	2	0	7	9	14	0	2	6	0.12	0.16
0	4	-1	0	-4	3	1	-2	-2	-4	-3	2	-1	-4	0	0	-1	-4	-4	-2	9	22	2	5	0	17	7	2	0	0	2	12	2	0	5	8	3	0	0	3	0.42	0.33
0	-3	-1	-1	-2	0	0	-2	3	-2	-1	-1	0	2	3	0	1	1	-2	-1	7	0	2	4	1	3	6	2	8	2	5	3	3	12	17	8	11	2	0	4	0.26	0.24
0	0	2	3	-4	0	0	0	-2	-3	-2	0	-3	-3	2	1	0	-4	0	-3	6	5	10	21	0	4	6	8	0	0	5	5	0	0	9	9	6	0	4	0	0.28	0.22
0	-1	0	-1	1	0	0	0	-2	0	0	0	0	0	2	0	0	-2	1	0	8	0	3	3	3	4	4	6	0	5	7	9	3	3	10	8	6	0	6	9	0.06	0.08
0	-2	-1	0	-2	0	0	-1	-2	0	0	-1	1	2	2	0	0	-2	1	0	9	0	3	4	0	3	5	4	0	6	10	3	7	12	9	8	5	0	6	5	0.08	0.11
-1	0	-2	-1	-4	3	1	-3	1	-1	-2	0	1	-4	4	0	0	-4	-3	-2	5	5	0	3	0	18	7	0	4	3	3	4	4	0	25	8	6	0	0	3	0.49	0.33
0	1	1	1	-3	2	2	0	-2	-3	-3	0	-3	-3	2	1	0	1	-1	-1	9	9	6	7	0	9	13	6	0	0	0	6	0	0	12	9	6	3	2	4	0.25	0.21
0	-1	0	2	-3	1	2	-1	0	-1	-2	0	-1	-4	1	1	0	-4	-3	-2	8	2	4	14	0	6	19	3	2	4	3	3	2	0	8	15	5	0	0	2	0.25	0.22
0	0	0	3	-4	0	2	0	0	-3	-2	-1	-1	-1	1	0	0	-4	-1	-2	8	4	5	24	0	3	14	9	3	0	4	1	2	2	6	6	4	0	2	2	0.26	0.22
0	0	0	-2	-2	1	0	0	2	0	-1	0	-1	0	1	0	0	3	-1	0	6	6	6	0	0	6	6	6	6	6	6	6	0	6	6	6	6	6	0	6	0.07	0.11
-1	-2	1	2	-3	1	1	0	1	-1	-1	0	-2	1	1	1	1	-3	-2	-1	4	0	6	12	0	7	9	7	5	3	7	6	0	7	5	10	8	0	0	3	0.11	0.14
0	0	0	-1	1	0	0	-1	1	-1	-1	0	1	-3	1	3	1	-4	-3	-1	7	5	4	3	3	4	4	4	3	3	7	4	4	0	6	28	7	0	0	3	0.18	0.22
-1	-1	1	1	-3	1	0	0	1	-2	-3	0	0	-4	4	1	0	-4	-3	-2	4	3	8	8	0	7	3	6	4	2	0	4	3	0	25	12	6	0	0	3	0.40	0.29
-1	0	-2	-2	2	1	0	-2	0	-3	-2	0	-1	3	0	1	1	-3	3	0	3	4	1	2	4	9	5	3	2	0	2	4	1	15	6	14	9	0	10	6	0.22	0.26
-1	-1	0	4	-4	1	1	0	0	-1	-1	-1	-3	-4	1	1	-1	-5	-4	-2	4	3	3	29	0	7	9	6	2	4	5	4	0	0	7	10	4	0	0	3	0.36	0.31
-1	0	-1	-1	0	0	-1	-1	0	0	1	0	1	-1	1	0	0	-3	0	0	3	5	2	3	2	5	3	4	2	6	21	4	3	2	7	11	4	0	4	8	0.05	0.10
0	-1	0	3	-4	2	0	-1	2	-2	-2	0	-3	-1	1	1	0	-4	-1	-2	7	2	4	20	0	12	6	5	6	2	4	5	0	3	8	10	4	0	2	2	0.25	0.25
-1	1	-2	0	3	3	1	-1	3	-1	-2	0	0	1	0	-1	0	-3	-2	-1	3	7	0	6	7	16	9	4	8	3	3	6	3	7	4	4	4	0	0	5	0.18	0.23
0	0	0	0	-2	1	0	0	2	0	-1	0	1	-2	1	0	0	-2	1	0	6	6	6	6	0	6	6	6	6	6	6	6	6	0	6	6	6	0	6	6	0.05	0.08
0	0	-1	0	2	1	1	0	1	-2	-1	0	-2	0	2	1	0	-3	-2	-1	9	5	0	6	5	5	10	8	4	0	5	5	0	4	11	12	6	0	0	4	0.14	0.15
0	0	1	0	-3	0	0	-1	1	-1	-1	-1	-2	0	2	1	0	-2	2	-1	8	4	7	4	0	5	4	4	4	4	5	0	0	4	13	13	5	0	10	5	0.14	0.16
0	-1	0	0	1	1	1	2	-2	-3	-1	1	-2	-1	2	1	0	-3	-3	-1	6	3	4	5	3	6	9	18	0	0	6	8	0	3	12	9	4	0	0	4	0.18	0.16
0	0	1	0	-3	1	0	0	2	-2	-1	0	1	-2	1	0	0	3	-2	-1	6	6	6	6	0	6	6	6	6	0	6	6	6	0	6	6	6	6	0	6	0.11	0.13
-1	0	0	0	1	0	0	-1	2	-1	-1	0	1	1	2	1	0	-3	0	-2	4	4	4	4	3	5	8	5	7	3	5	4	4	7	10	14	6	0	3	0	0.12	0.14
0	1	1	1	-2	1	1	0	-1	-1	-1	0	-1	0	1	0	0	-2	-1	0	7	7	7	7	0	7	7	7	0	0	7	7	0	7	7	7	7	0	0	7	0.08	0.08
1	0	1	0	-2	0	1	0	0	0	0	0	0	-2	1	0	0	-3	-2	0	11	5	8	4	0	4	8	5	3	8	7	4	3	0	8	9	4	0	0	9	0.07	0.08
1	0	0	0	0	1	1	-1	-2	-1	0	0	-2	-3	3	1	1	-3	-3	-1	14	3	4	3	2	8	12	3	0	3	9	4	0	0	14	9	8	0	0	3	0.18	0.17
0	0	1	-3	-4	0	-1	-1	-4	-2	-2	-1	0	-5	6	-3	-1	-5	-4	-4	7	5	7	0	0	4	3	4	0	3	4	4	3	0	53	0	3	0	0	0	1.13	0.54
0	0	0	0	2	1	0	0	-2	0	0	0	1	-2	1	0	0	-3	-2	0	6	6	6	6	6	6	6	6	0	6	6	6	6	0	6	6	6	0	0	6	0.06	0.08
0	1	1	1	-3	1	1	0	2	-2	-2	1	1	-3	1	0	0	-3	-2	0	7	7	7	7	0	7	7	7	7	0	1	7	7	0	7	7	7	0	0	7	0.13	0.13
0	0	-1	0	-2	1	0	0	1	0	0	0	1	0	1	0	0	-2	1	0	6	6	0	6	0	6	6	6	6	6	6	6	6	6	6	6	6	0	6	6	0.04	0.08
0	1	1	0	-2	1	0	0	2	0	0	0	1	-2	1	0	-1	-3	-2	0	7	7	7	7	0	7	7	7	6	7	7	7	6	0	7	7	0	0	0	7	0.07	0.10
0	-1	1	0	-2	1	0	-2	2	0	0	0	1	-2	1	0	0	-2	1	0	7	0	7	7	0	7	7	0	6	7	7	7	6	0	7	7	7	0	6	7	0.08	0.12
0	1	1	1	-2	1	1	0	-1	-2	-1	1	1	-2	1	0	0	-3	-2	-2	8	8	7	8	0	7	8	8	0	0	8	8	7	0	8	8	8	0	0	0	0.13	0.11
0	-2	-2	-2	3	-2	-2	0	-2	0	0	0	-1	1	1	0	0	-2	1	0	8	0	0	0	8	0	0	8	0	8	8	8	0	8	8	8	8	0	8	8	0.09	0.10
0	1	1	0	-3	2	2	-1	1	-1	-1	-1	-2	-3	-3	0	0	-4	-3	0	8	7	7	5	0	12	19	5	4	4	7	0	0	0	0	6	4	0	0	9	0.19	0.20
0	0	1	0	2	1	0	0	2	-2	-1	0	1	-2	1	0	0	-3	1	-1	6	6	6	6	6	6	6	6	6	0	6	6	6	0	6	6	6	0	6	6	0.07	0.11
4	-3	0	-3	2	0	-3	-1	-3	0	-1	-3	-2	0	0	0	0	-4	-3	0	42	0	4	0	5	5	0	5	0	5	6	0	0	5	6	6	6	0	0	5	0.41	0.32
0	1	-1	-1	-2	0	1	1	-2	1	0	1	0	-2	-2	0	1	-2	-2	1	11	11	0	1	0	0	11	11	0	11	11	11	0	0	1	1	11	0	0	11	0.06	0.06
0	-1	1	1	2	1	-1	0	-2	0	0	0	-1	-2	1	0	0	-3	-2	0	8	0	7	8	7	7	0	8	0	8	8	8	0	0	8	8	8	0	0	8	0.08	0.10
-1	1	-2	-2	-2	1	-1	-3	-1	1	0	1	2	1	1	-1	0	-1	2	1	1	9	0	0	0	9	1	1	0	9	9	9	9	9	9	1	9	0	9	9	0.12	0.12
1	1	-2	-2	-2	-1	-2	-2	-2	1	1	-1	2	2	-2	-1	-1	-1	0	0	15	15	1	1	0	1	1	1	0	15	16	1	15	15	1	1	1	0	0	1	0.10	0.05
-1	2	1	0	-3	2	0	-2	-1	0	1	2	2	-2	-2	0	-1	-3	-2	-1	5	15	6	5	0	15	5	0	0	4	17	13	8	0	0	5	0	0	0	0	0.18	0.15
-1	2	1	-1	-3	3	1	0	2	-3	-3	3	-2	-3	-2	0	1	-3	-2	-1	0	9	6	0	0	19	6	6	5	0	0	26	0	0	0	6	9	0	0	5	0.33	0.20
1	0	0	-1	2	0	0	-1	2	-1	-1	0	-1	0	-2	0	2	-3	0	0	16	4	4	2	5	4	6	2	7	4	3	7	0	3	0	5	15	0	4	8	0.09	0.12
0	1	0	0	2	0	-1	-1	-2	-1	-3	2	-3	-4	1	3	0	-4	-3	-1	4	9	3	5	4	2	3	4	0	3	0	15	0	0	8	31	3	0	0	5	0.30	0.25
0	-2	3	2	-3	-1	0	0	-2	-2	-3	0	0	-1	0	1	2	-4	-3	-1	7	0	16	13	0	0	6	8	0	2	0	4	4	2	5	11	17	0	0	3	0.26	0.22
0	0	1	0	-2	1	0	0	2	0	-1	0	-1	-2	1	0	0	-2	1	0	6	6	6	6	0	6	6	6	6	6	6	6	0	0	6	6	6	0	6	6	0.06	0.07
0	-1	1	1	2	1	0	0	-1	0	-2	0	-2	1	1	0	0	-2	1	-2	7	0	7	7	7	7	7	7	0	7	1	7	0	7	7	7	7	0	7	0	0.10	0.12
-1	-3	3	0	-3	-2	-1	5	-2	-4	-4	-1	-3	-4	-1	0	0	-4	-4	-4	1	0	14	4	0	0	4	57	0	0	1	3	0	0	3	5	6	0	0	1	0.81	0.30
0	0	0	1	-2	1	0	-2	0	0	1	0	0	-1	0	-1	1	-3	-2	0	9	4	3	11	0	10	2	2	3	5	16	5	0	2	4	1	12	0	0	9	0.06	0.08
-1	-2	4	1	2	1	-1	-2	-1	-3	-3	0	-2	-3	-1	3	1	-4	-3	-3	1	0	29	7	5	6	1	1	0	0	1	3	0	0	3	31	10	0	0	1	0.50	0.25
0	-1	-3	-3	-2	-2	-1	-3	-3	2	3	-2	1	-1	-3	-2	-1	-3	-2	2	6	3	0	1	0	0	6	1	0	9	48	1	3	0	1	1	1	0	0	19	0.37	0.19
-2	-1	-3	-3	-3	0	-2	-3	1	-1	-1	0	1	2	-3	-1	-1	4	7	-2	1	2	0	1	0	4	1	1	2	2	4	6	5	7	1	5	2	5	49	1	0.81	0.34
0	-2	1	4	-3	1	3	-1	-2	-1	-2	0	-2	-3	-2	0	0	-3	-3	0	6	0	5	29	0	4	21	3	0	5	1	3	0	0	0	5	6	0	0	8	0.34	0.18
-3	1	-1	-3	-4	1	-1	-2	8	-1	-2	-2	0	-1	-3	-2	-3	3	0	-3	1	7	0	0	0	6	3	3	58	3	4	0	3	3	0	1	1	5	0	1	1.15	0.44
-2	-2	-3	-3	-2	0	-3	-3	-3	2	4	-2	2	1	-3	-1	-1	-2	0	0	1	0	0	0	0	5	1	1	0	10	51	0	7	7	0	6	3	0	3	3	0.40	0.22
1	-1	1	-2	2	0	-1	0	-2	0	-1	0	2	-2	-2	2	1	-3	-1	0	11	0	8	0	5	5	1	5	0	4	3	6	12	0	0	19	11	0	2	8	0.12	0.13
-1	1	2	2	-3	2	2	-2	-1	-2	-2	1	-2	-3	-2	0	-1	-3	-2	-2	5	10	14	12	0	14	17	1	0	3	3	10	0	0	0	5	3	0	0	1	0.31	0.16
-1	0	-3	-3	0	-1	-3	-4	-3	2	3	-1	1	0	-3	-2	-1	-3	-2	3	3	5	0	0	2	3	0	0	0	15	29	2	4	3	0	0	3	0	0	27	0.34	0.19
-2	-3	-4	-4	-2	0	-3	-4	0	3	3	-3	2	3	-3	-3	-2	-2	0	2	0	0	0	0	0	5	0	0	2	20	37	0	4	14	0	0	0	0	2	12	0.47	0.24
0	-1	1	-1	2	1	2	-1	2	-1	-1	0	0	-1	-2	1	2	-3	0	-2	9	1	10	1	6	5	15	2	5	3	5	6	2	2	0	7	16	0	4	0	0.15	0.14
-1	2	0	-2	-4	2	1	-3	1	-3	-2	4	-2	-1	-2	0	-1	-3	0	-2	2	12	4	0	0	9	8	0	4	0	2	40	0	3	0	6	4	0	3	3	0.45	0.26
-2	-3	-4	-4	-3	0	-3	-4	-3	4	2	-3	3	-1	-4	-3	-2	-3	1	3	2	0	0	0	0	6	0	0	0	34	21	0	10	0	0	0	0	0	6	19	0.54	0.28
0	-3	-4	-4	-2	0	-3	-4	-3	2	4	-3	2	0	-3	-3	0	-3	-2	2	7	0	0	0	0	6	0	0	0	12	47	0	4	2	0	0	4	0	0	16	0.47	0.25
-1	0	1	3	1	1	2	-2	-2	-1	0	1	0	-2	-2	-1	0	-3	-1	0	4	3	7	18	5	8	15	0	0	2	12	8	2	0	0	3	3	0	2	8	0.17	0.13
-2	-1	1	2	-4	2	4	-2	2	-3	-3	1	-1	-4	-3	-1	-1	-4	-3	-1	0	0	7	14	0	12	39	2	5	0	0	6	2	0	0	3	3	0	0	5	0.55	0.28
-3	4	2	-1	1	2	-1	-3	4	-4	-4	3	-3	-4	-1	-2	-2	-4	-1	-4	0	30	11	3	3	11	1	0	12	0	0	20	0	0	2	0	2	0	2	0	0.65	0.33
-2	-1	-2	-2	-4	-2	-1	-2	-1	-1	-4	-3	-4	-4	7	-1	-2	-4	0	-1	2	4	2	2	0	1	4	3	2	4	0	0	0	0	61	4	1	0	5	5	1.33	0.47
0	0	0	2	-4	0	3	-1	1	-3	-3	2	-3	-1	1	0	0	-3	1	-2	7	5	4	14	0	1	21	3	3	1	0	14	0	2	8	3	7	0	5	2	0.28	0.18
-2	-1	6	4	-1	1	-2	-3	-1	-5	-5	1	-4	-2	-4	0	-2	-5	-4	-4	2	2	45	26	1	6	0	0	1	0	0	7	0	2	0	6	0	0	0	1	1.00	0.46
3	-3	-3	-2	1	-3	-3	-2	-3	-1	-1	-3	-2	-2	3	0	1	-4	0	1	36	0	0	2	3	0	0	1	0	3	7	0	0	1	18	4	10	0	3	9	0.43	0.28
-1	-2	-2	-4	1	-2	-3	-3	-2	1	2	0	1	1	-3	-2	1	-2	2	2	4	0	1	0	3	0	0	1	1	6	26	8	4	4	0	1	9	0	9	20	0.25	0.20
-1	-1	1	5	-2	-1	3	-2	-1	-4	-5	0	-4	-4	-3	1	-1	-5	-3	-3	3	2	6	38	1	1	21	3	1	0	0	7	0	0	0	11	3	0	1	1	0.69	0.35
0	-1	-1	-1	-1	-1	0	-3	0	2	0	1	0	1	-3	-1	0	-3	0	1	9	1	3	3	1	2	5	0	2	20	10	13	1	9	0	4	5	0	2	11	0.09	0.12
-2	-4	-5	-5	-4	-4	-2	-5	-3	1	2	-4	0	6	-5	-4	-1	-2	2	0	2	0	0	0	0	0	4	0	0	10	24	0	2	46	0	0	3	0	6	4	0.94	0.42
-3	-3	1	-1	-6	-1	6	-3	-1	-3	-5	0	-1	-6	-1	-3	-1	-6	-5	-3	1	0	8	2	0	0	73	1	1	1	0	4	2	0	3	0	3	0	0	1	1.32	0.60
-1	-2	2	2	-3	1	3	-3	0	-2	-1	0	0	-3	0	1	0	-3	-1	-2	2	0	10	14	0	6	24	0	1	2	9	4	2	0	3	11	4	0	3	2	0.27	0.20
0	-3	-3	-3	-2	-2	-2	-1	-2	3	2	-3	1	1	0	-1	-2	-2	2	0	7	0	0	0	0	0	3	6	0	20	28	0	4	5	5	4	0	0	9	5	0.26	0.19
-2	-3	1	-3	1	-1	-3	-3	-3	-4	-3	-1	-3	-2	-3	6	0	-4	-4	-2	1	0	7	0	3	2	0	0	0	0	2	2	0	2	0	72	3	0	0	3	1.09	0.56
-1	3	0	1	-3	1	1	-2	0	-1	0	1	0	0	-2	0	0	0	0	-1	5	21	4	8	0	5	7	0	2	2	9	11	2	4	0	6	5	2	4	2	0.16	0.13
-1	-1	1	3	-3	1	0	-3	1	0	0	0	0	2	-3	0	1	-2	0	-1	2	2	6	19	0	7	6	0	3	4	13	4	2	12	0	4	10	0	2	3	0.15	0.15
1	-2	1	-2	-2	0	-1	-2	-2	1	1	0	1	0	-2	0	1	-2	-1	1	17	0	10	0	0	5	0	1	0	9	13	5	5	5	0	5	8	0	0	17	0.09	0.09
-1	2	-1	-1	-3	2	1	-2	2	-2	-1	4	-1	-3	-2	0	-1	-3	-2	-1	1	8	0	1	0	14	10	1	6	1	7	37	0	0	1	7	1	0	0	7	0.36	0.19
-1	2	-2	-3	-5	3	3	-2	-3	-3	-1	2	2	-4	-4	0	-1	3	-4	-4	5	14	1	0	0	16	20	3	0	1	6	13	6	0	0	6	4	5	0	0	0.48	0.39
0	-3	2	-1	-2	2	2	1	-1	-4	-2	-1	-3	-1	-2	2	2	-4	-2	-3	7	0	12	3	1	9	15	12	1	0	3	3	0	2	1	18	12	0	1	0	0.33	0.32
-2	3	1	-3	-1	1	-2	-1	4	-4	-2	3	-1	-2	-4	1	1	3	-2	-2	1	16	6	0	1	5	1	5	10	0	3	21	2	1	0	9	10	4	1	3	0.40	0.33
-3	-5	-5	-6	2	0	-5	-3	-4	-2	0	-3	-3	7	-6	-2	-5	-3	3	-1	2	0	0	0	4	4	0	2	0	2	9	2	0	58	0	3	0	0	9	4	1.45	0.70
0	0	0	0	-1	-1	-1	-2	3	-1	0	2	-2	-2	0	1	0	-4	-2	1	7	6	4	6	1	2	3	2	9	3	9	15	0	1	3	11	4	0	0	15	0.12	0.17
-1	-1	0	-1	-4	1	1	-2	1	-1	-2	2	-3	-2	4	0	-1	2	2	-1	4	3	4	4	0	7	8	2	3	4	2	16	0	1	20	7	2	3	7	4	0.32	0.27
-1	1	0	0	-1	0	1	-2	0	-3	-3	4	-2	-5	3	-1	0	-5	-4	-3	3	6	4	6	1	3	11	2	2	1	2	33	1	0	14	4	5	0	0	2	0.50	0.37
-1	-1	0	0	-1	1	1	-1	1	-1	0	1	-1	1	0	0	0	1	0	-1	2	2	5	5	1	8	13	4	4	1	11	8	1	7	4	9	5	2	3	5	0.07	0.10
-1	1	1	4	-1	-1	1	0	-1	-4	-3	-2	-2	-5	2	0	-2	-5	-4	-2	4	9	6	30	1	2	10	7	1	0	3	1	1	0	12	7	1	0	0	3	0.50	0.36
0	-1	-2	-2	-1	-1	1	-1	2	-2	0	0	-2	1	1	0	3	-3	-1	0	7	2	0	2	1	2	9	4	5	1	10	5	0	7	9	4	24	0	2	6	0.19	0.23
0	-3	-1	-4	-3	-2	-3	-2	-1	2	3	0	1	-1	1	-1	0	-4	-1	2	9	0	4	0	0	1	0	3	1	10	30	5	2	1	7	4	6	0	2	15	0.25	0.25
-2	4	2	2	-5	3	0	-2	-1	-2	-3	0	-1	-5	1	-1	-3	-5	-2	-2	2	25	11	11	0	16	4	2	1	3	2	5	1	0	8	4	0	0	1	3	0.49	0.38
0	-1	3	5	-5	-1	1	-3	-2	-3	-2	0	-1	-3	-1	-1	-1	-5	-2	-1	7	2	16	35	0	2	9	1	1	1	4	4	1	1	3	3	3	0	1	4	0.56	0.40
0	0	0	0	-3	1	2	-1	0	-1	0	0	-1	-2	1	0	0	-4	-3	0	8	4	5	5	0	7	20	4	2	3	9	5	1	1	7	5	6	0	0	9	0.13	0.15
-1	0	1	1	-4	0	0	-2	0	-1	-2	0	-3	0	3	0	-2	-3	2	0	2	5	8	8	0	5	5	3	2	3	4	7	0	3	18	7	1	0	10	8	0.25	0.23
-1	1	0	2	0	1	4	-2	-3	-2	-1	-2	-3	-2	1	-1	-3	0	-1	-1	3	7	5	12	2	7	31	3	0	2	6	0	0	2	8	3	0	1	3	5	0.36	0.33
0	-1	1	0	-3	-1	1	-2	-2	0	0	1	3	-2	1	1	0	-4	-3	-1	8	3	6	4	0	1	9	2	0	5	11	11	11	1	8	10	4	0	0	4	0.14	0.19
-1	-1	-1	-3	-3	0	-1	-2	-3	0	1	-1	-2	1	3	2	1	-4	-1	1	4	2	2	0	0	5	3	1	0	3	16	3	0	7	14	18	10	0	2	10	0.22	0.25
0	0	-2	-1	-4	0	0	-2	2	-2	-2	-1	-3	-3	5	0	1	-5	-1	-1	8	5	1	4	0	5	7	3	5	2	5	2	0	1	31	6	9	0	2	6	0.47	0.34
1	0	1	1	-3	2	1	-2	-2	0	-1	0	0	-2	0	1	1	0	-1	-1	12	4	7	7	0	10	10	1	0	6	4	5	2	2	4	9	12	2	2	2	0.13	0.16
0	-3	-2	-2	1	0	0	-4	1	0	0	0	-1	2	-4	-1	0	-2	4	0	8	0	1	2	4	5	8	0	3	4	11	7	1	10	0	4	5	0	19	8	0.25	0.24
0	2	-1	1	-4	0	4	-3	-1	-1	-1	2	-3	-4	-3	0	-1	-5	-4	-1	9	10	1	7	0	3	32	1	1	4	5	12	0	0	0	7	3	0	0	4	0.42	0.34
-1	-2	-1	0	0	-1	-2	-3	-1	1	2	-1	2	-2	-2	0	-1	4	1	0	5	1	2	7	2	3	1	0	2	10	25	4	5	0	2	8	3	7	6	7	0.19	0.20
4	-2	0	-2	0	-2	-2	-1	-1	0	-2	-2	-3	0	0	1	-1	0	-1	-2	47	2	4	2	2	1	1	3	1	5	3	2	0	4	4	11	3	1	2	2	0.50	0.41
0	2	-1	0	-1	2	4	-3	0	-2	-2	2	-3	-2	-2	-1	-2	-4	-3	-2	8	12	3	4	1	9	30	2	2	2	3	15	0	2	1	3	1	0	0	3	0.45	0.35
1	1	-2	-1	-1	2	-1	-3	2	0	-1	4	-1	-4	-2	0	0	-4	-1	-1	12	6	0	2	1	8	1	0	4	5	4	32	2	0	1	7	4	0	2	5	0.35	0.31
0	0	1	-3	1	5	0	-3	3	-2	0	1	-3	0	-2	-1	-2	0	-1	-3	8	3	7	0	3	31	6	1	7	1	12	6	0	5	2	2	1	1	2	1	0.44	0.39
0	2	-3	-1	-5	3	2	-2	-1	-1	-2	4	0	-3	-4	-1	-2	-1	-4	-2	7	10	0	3	0	12	15	3	1	4	4	29	3	1	0	3	1	1	0	2	0.46	0.37
2	-1	1	-1	-3	0	1	-1	-3	-3	-2	2	-1	-4	0	2	1	1	-3	-1	18	1	6	2	0	4	10	3	0	1	3	13	2	0	4	15	11	2	0	4	0.24	0.26
-2	-4	-3	-1	-4	-2	-1	-2	-4	0	5	-1	2	-1	-2	-4	-3	-4	-1	0	2	0	1	4	0	1	5	3	0	4	57	4	5	2	2	0	1	0	2	6	0.68	0.45
-3	-1	-4	-1	-5	-1	-2	-2	-4	0	1	0	2	6	-5	-2	-1	4	0	-3	2	3	0	4	0	2	2	4	0	5	11	8	5	40	0	2	4	5	2	0	0.73	0.46
-1	0	-2	-1	2	0	1	-2	-2	0	2	1	0	0	-3	0	-1	3	0	-1	4	3	0	2	5	5	9	3	0	5	22	13	2	3	0	8	3	4	3	3	0.13	0.17
0	2	0	-1	0	3	1	-3	1	-2	-2	2	-3	-4	1	0	-2	-4	-1	0	10	13	5	3	2	13	9	0	3	1	2	15	0	0	6	5	0	0	2	8	0.27	0.25
-1	0	0	-1	-4	1	1	2	1	-3	-2	0	-3	-1	3	1	0	-4	-1	-1	3	5	4	2	0	7	11	14	3	0	3	5	0	2	17	11	4	0	2	6	0.25	0.23
0	-1	0	1	-3	1	1	0	1	0	-1	1	-2	-2	0	0	1	-3	-1	-1	8	0	5	11	0	6	12	6	4	6	7	11	0	1	5	5	8	0	3	2	0.11	0.13
0	-1	0	0	-2	-1	0	1	-1	1	1	0	0	0	0	-1	-1	-2	-1	0	6	2	4	4	0	1	7	13	1	9	20	7	2	6	4	5	1	0	2	7	0.04	0.08
-1	-1	0	0	-4	0	4	0	-2	-4	-2	2	-3	0	1	0	-2	-4	-3	-2	5	3	5	5	0	2	37	7	0	1	4	12	0	4	6	5	2	0	0	2	0.46	0.34
0	0	0	0	-3	1	1	2	-2	-1	-1	0	-1	-3	-1	1	0	0	-1	-1	7	5	4	6	0	6	12	21	0	4	5	4	2	0	2	10	6	1	2	3	0.15	0.14
0	-1	-1	2	-3	-1	3	0	-3	-1	0	0	-2	-3	2	-1	-1	-4	-3	0	9	3	1	12	0	0	21	8	0	3	10	7	0	0	12	2	3	0	0	8	0.25	0.23
-1	-2	0	4	-4	0	3	-1	0	-3	-2	1	-2	-1	1	-1	-3	-4	-2	-3	4	0	5	28	0	3	21	4	2	2	4	9	1	2	6	4	0	0	1	2	0.45	0.33
0	0	-2	1	-4	4	3	-3	1	-1	-3	1	-2	-3	2	-1	-2	-4	-3	-2	8	4	0	9	0	20	22	1	4	3	2	7	1	1	10	4	2	0	0	3	0.43	0.34
-2	-1	1	1	-4	1	4	-1	0	-2	-2	2	0	-4	1	-2	0	-4	1	-3	1	2	6	5	0	6	34	5	2	2	3	11	3	0	8	2	5	0	4	2	0.43	0.35
-1	-1	-1	0	-3	1	2	0	-1	1	1	-1	0	-1	1	0	0	0	-1	0	5	3	2	4	0	5	17	8	1	8	14	2	3	3	8	5	6	1	2	4	0.07	0.12
-1	-1	0	1	-4	2	4	-3	2	-3	-2	0	0	-4	-1	-1	0	-4	-1	-1	5	2	5	8	0	10	34	0	4	0	4	6	3	0	3	4	6	0	2	4	0.42	0.33
-1	-1	-2	3	-4	0	3	-1	-3	-1	-1	0	-3	-4	2	-1	-1	-4	-4	0	4	3	0	18	0	3	28	4	0	3	7	4	0	0	12	4	4	0	0	6	0.39	0.32
-1	1	1	2	-4	1	3	-2	-2	-1	-2	1	-1	-4	0	-1	0	-4	-3	-2	5	8	8	10	0	4	26	2	0	4	4	9	2	0	5	2	7	0	0	2	0.28	0.24
0	-1	-1	0	-2	-1	0	1	-2	1	0	-1	1	-1	1	0	0	-2	0	1	4	4	2	7	0	2	6	12	0	10	12	3	5	2	6	5	5	0	4	11	0.04	0.07
0	-1	1	0	0	1	0	0	-2	-1	-1	0	1	-2	0	1	1	-3	-1	0	10	2	8	3	3	7	7	8	0	3	4	7	5	0	5	9	8	0	2	8	0.07	0.09
0	0	0	0	-2	1	0	0	1	0	-1	0	-1	0	1	0	0	-2	1	0	6	6	6	6	0	6	6	6	6	6	6	6	0	6	6	6	6	0	6	6	0.04	0.06
0	-2	1	0	0	0	1	0	0	-1	-1	-1	0	-1	2	0	1	-3	-1	-1	7	0	8	5	2	5	8	8	3	3	6	3	3	3	13	6	11	0	2	4	0.11	0.12
0	0	-1	0	-3	0	0	-1	-2	0	-1	0	-2	1	3	1	0	-3	1	0	5	4	2	5	0	3	5	4	0	6	7	6	0	6	15	12	7	0	5	9	0.14	0.15
0	0	-2	0	2	0	-1	0	2	0	0	0	1	1	1	0	0	-2	1	0	6	6	0	6	6	6	0	6	6	6	6	6	6	6	6	6	6	0	6	6	0.04	0.10
-1	0	-1	0	-4	1	1	-2	-1	-4	-4	-1	-1	-5	6	0	0	-5	-4	-3	3	6	2	6	0	8	9	2	2	0	1	2	2	0	43	8	4	0	0	2	0.89	0.37
-3	0	6	5	-5	-2	-2	-3	-2	-5	-5	0	-4	-5	-4	0	-3	-5	-4	-5	0	6	47	30	0	0	0	0	0	0	0	5	0	0	0	8	0	0	0	0	1.26	0.42
-1	-4	-5	-5	-3	-4	-4	-5	-4	3	3	-4	3	3	-4	-4	-3	-3	2	3	6	0	0	0	0	0	0	0	0	16	27	0	7	15	0	0	0	0	6	23	0.64	0.30
0	-1	-1	-3	1	0	-1	-2	-3	1	2	-1	3	0	0	0	-1	-3	1	1	5	3	3	0	3	4	4	3	0	5	19	3	13	5	4	6	3	0	4	11	0.12	0.15
0	1	1	1	-3	1	1	0	2	-2	-1	1	-2	-2	-2	0	0	-2	1	-2	8	8	8	8	0	8	8	8	8	0	8	8	0	0	0	8	8	0	8	0	0.14	0.13
-1	-2	-1	2	-3	2	2	-3	1	0	1	-2	1	-2	-3	0	-1	-4	-1	-1	3	0	1	16	0	14	17	0	4	5	20	0	4	1	0	8	4	0	2	3	0.25	0.18
3	-3	2	-2	1	1	-2	-2	-2	-1	0	-2	1	0	-3	2	-1	-4	-3	-1	34	0	14	0	3	8	0	1	0	3	7	0	5	4	0	17	0	0	0	4	0.34	0.24
0	1	0	-1	-3	0	0	-2	0	-2	-1	1	-1	4	0	-1	0	1	3	-2	7	7	6	4	0	4	4	1	1	1	3	11	2	22	3	4	4	2	12	0	0.22	0.15
-1	-2	-3	-3	-3	-1	-3	-4	1	1	2	-1	3	3	-4	-3	-3	1	5	0	5	2	1	1	0	2	0	0	3	6	17	3	12	11	0	0	0	1	30	5	0.58	0.26
-4	-5	-5	-6	-4	-5	-5	-5	-4	0	2	-5	0	6	-5	-5	-4	6	2	0	0	0	0	0	0	0	0	0	0	5	25	0	2	42	0	0	0	14	6	7	1.21	0.39
0	-1	4	0	-5	2	5	-2	-2	-5	-5	0	-4	-5	-3	0	-2	-5	-4	-4	6	1	23	4	0	8	45	1	0	0	0	4	0	0	0	5	1	0	0	0	0.86	0.35
0	-2	-2	-2	1	5	-1	-3	-3	-2	-1	0	-1	-3	-4	0	-2	7	-1	-2	9	1	1	1	4	35	3	1	0	2	6	6	1	0	0	6	2	20	1	2	0.79	0.34
4	-4	-2	-4	2	-3	-2	0	-4	1	-2	-3	0	-3	-3	-1	-1	-4	-1	2	54	0	1	0	4	0	1	6	0	8	2	0	2	0	0	1	3	0	3	14	0.59	0.30
-3	-5	-3	-1	-5	-4	-3	7	-5	-6	-6	-4	-5	-6	-5	-2	-4	-5	-6	-6	0	0	0	4	0	0	1	92	0	0	0	0	0	0	0	2	0	0	0	0	2.06	0.56
-1	-4	-4	-4	2	-1	-3	-4	-3	3	0	-3	0	2	-4	-2	-2	-3	2	3	3	0	0	0	5	4	2	0	0	25	7	0	2	10	0	1	0	0	9	31	0.51	0.24
-1	-4	-1	-3	-1	-2	-3	5	1	-4	-5	-3	-4	-5	-1	1	1	-4	-4	-2	4	0	3	0	2	2	0	61	4	0	0	0	0	0	2	9	12	0	0	2	1.00	0.35
-3	-4	-5	-5	-3	-4	-5	-5	-4	3	4	-4	2	4	-5	-4	-3	-3	-2	0	0	0	0	0	0	0	0	0	0	16	53	0	4	22	0	0	0	0	0	4	0.96	0.34
-1	-3	1	-1	-1	-1	-2	3	-1	-4	-4	-2	-3	-4	3	3	0	-4	-4	-4	3	0	7	3	1	2	0	29	1	0	0	2	0	0	16	30	4	0	0	0	0.63	0.27
-1	3	1	1	-3	0	2	-2	0	-1	-2	2	-1	-3	1	1	0	-4	-3	-2	2	22	6	8	0	2	13	0	1	4	2	11	2	0	7	11	6	0	0	2	0.29	0.15
-2	-2	0	4	-4	0	4	-2	2	-3	-3	-1	0	-4	-3	1	-2	-5	-3	-1	2	1	4	29	0	2	33	2	6	1	1	1	3	0	0	11	1	0	1	4	0.65	0.29
-2	-3	-1	2	-6	0	6	-4	-3	-5	-2	-1	-1	-5	-4	-1	-1	-5	-4	-3	2	0	3	8	0	2	71	0	0	0	3	2	2	0	0	2	3	0	0	1	1.26	0.46
2	-1	0	-1	0	-2	-2	-2	-3	1	-1	0	3	-2	-3	1	2	-4	-3	0	22	3	6	3	2	0	0	1	0	11	2	7	12	1	0	10	15	0	0	6	0.20	0.17
0	-4	-4	-5	-1	0	-4	-4	0	1	0	-4	0	5	-4	-2	-2	2	5	0	8	0	0	0	1	5	0	0	2	8	7	0	1	25	0	2	1	2	29	8	0.70	0.29
-1	4	1	-3	0	1	-1	-2	-1	-1	1	2	0	0	-3	-1	-2	-3	0	-1	4	33	6	0	3	7	2	2	0	3	13	11	3	3	0	3	0	0	3	3	0.32	0.19
-2	-5	-5	-5	-3	-4	-5	-6	-5	5	4	-5	-1	-2	-5	-4	-3	-4	-3	2	3	0	0	0	0	0	0	0	0	42	43	0	0	0	0	0	0	0	0	12	1.06	0.37
0	-2	1	1	0	2	0	-1	0	-1	-1	-2	1	3	-3	0	-1	1	2	-1	6	0	7	8	2	14	5	3	3	3	4	0	5	18	0	8	1	2	8	3	0.16	0.14
-2	1	-1	-3	2	0	-1	-3	-1	1	3	1	1	-2	-4	-2	-1	-4	-3	0	1	8	3	0	6	6	2	1	1	5	46	10	3	0	0	1	2	0	0	5	0.36	0.21
4	-1	-2	-3	0	0	-3	0	-1	-4	-4	-1	-3	-4	-3	4	0	-5	-4	-3	42	2	0	0	1	4	0	4	1	0	0	2	0	0	0	39	5	0	0	0	0.80	0.37
-2	-4	-5	-5	-3	-4	-5	-5	-4	4	4	-4	5	-1	-5	-4	-1	-4	-3	0	1	0	0	0	0	0	0	0	0	24	49	0	19	1	0	0	2	0	0	4	0.94	0.33
-1	3	1	-1	-1	1	0	-3	-2	0	-2	4	-2	-4	-3	-1	0	-1	-3	-1	2	16	5	2	1	5	3	0	0	7	2	41	0	0	0	3	7	1	0	4	0.49	0.24
-2	3	1	-2	-4	4	0	-2	0	-1	-1	2	0	-3	-3	-1	-1	-4	-3	-2	1	20	7	1	0	28	2	2	1	4	7	16	2	0	0	3	3	0	0	1	0.45	0.22
-3	-4	-5	-5	-3	-4	-5	-6	-2	2	5	-2	2	1	-5	-4	-3	-4	-3	0	0	0	0	0	0	0	0	0	1	9	75	3	4	5	0	0	0	0	0	3	1.06	0.36
3	-1	-2	-1	-2	1	-1	0	-3	0	-1	0	0	-3	-2	1	1	-4	-3	1	32	2	0	2	0	6	2	7	0	3	4	6	3	0	0	12	8	0	0	15	0.21	0.15
-1	0	1	2	-3	2	3	-2	-1	0	-2	0	0	-3	-3	0	0	-4	-3	0	4	4	7	15	0	10	24	1	1	7	2	2	3	0	0	6	7	0	0	5	0.26	0.15
-1	0	-1	0	-3	2	1	-2	1	-1	-1	2	-2	-3	-2	1	3	-4	-3	0	1	2	1	3	0	11	11	1	4	3	5	16	0	0	0	13	22	0	0	6	0.26	0.17
-1	0	1	0	-4	3	2	-2	2	-3	-2	2	-1	-2	-1	0	0	-1	1	-3	1	4	7	3	0	15	18	2	7	1	3	16	2	1	3	6	4	1	7	0	0.28	0.15
-1	-1	2	0	-4	0	-1	1	-2	-3	-4	2	-2	-4	5	1	-1	-4	-4	-3	3	2	10	5	0	3	3	11	0	1	1	14	1	0	30	13	3	0	0	0	0.58	0.22
0	-4	-4	-4	-1	-3	-4	-2	-4	3	3	-4	0	2	-2	-3	-1	-3	-2	2	11	0	0	0	1	0	0	3	0	25	29	0	0	12	2	0	2	0	0	15	0.44	0.20
0	1	-1	1	-3	2	1	-2	2	-1	-1	1	0	-1	0	1	0	-3	-2	-1	5	8	0	8	0	12	8	2	6	4	4	11	3	3	3	12	6	0	0	5	0.12	0.09
-1	1	3	0	-3	2	0	-1	2	-3	-3	2	-1	-2	-3	2	2	-4	-1	-2	0	6	16	2	0	8	4	3	5	0	0	14	1	1	0	21	13	0	2	3	0.32	0.18
-1	-3	-5	-5	5	-4	-4	-5	-4	3	3	-4	2	-2	-4	-3	-2	-4	-2	3	3	1	0	0	18	0	0	0	0	18	27	0	6	0	0	0	0	0	1	27	0.74	0.27
-4	7	-2	-4	-5	-2	-3	-5	1	-5	-2	0	0	-4	-4	-1	-2	-5	0	-4	0	77	1	0	0	0	0	0	3	0	4	2	3	0	0	5	2	0	4	0	1.51	0.47
-5	-5	-6	-6	-5	-6	-6	-6	-4	-1	1	-6	-2	8	-6	-5	-5	-2	1	-3	0	0	0	0	0	0	0	0	0	2	12	0	0	84	0	0	0	0	2	0	2.12	0.55
-6	-6	-7	-7	-6	-5	-6	-6	-5	-5	-4	-6	-4	4	-7	-6	-6	12	-1	-2	0	0	0	0	0	0	0	0	0	0	0	0	0	21	0	0	0	77	0	3	3.57	0.75
-3	-5	-3	-4	-5	-5	-5	7	-5	-7	-6	-4	-5	-6	-5	-3	-4	-5	-6	-6	0	0	0	0	0	0	0	100	0	0	0	0	0	0	0	0	0	0	0	0	2.35	0.58
-3	1	-3	-3	1	-1	-2	-4	-3	-1	-4	7	-3	-5	-4	-1	0	-5	-4	-1	0	4	0	0	3	0	0	0	0	4	0	77	0	0	0	3	5	0	0	4	1.29	0.45
-3	-5	-5	-5	-3	-5	-5	-6	-5	6	1	-5	1	2	-5	-4	-3	-4	-1	2	0	0	0	0	0	0	0	0	0	65	7	0	3	10	0	0	0	0	2	13	1.17	0.38
-2	-2	0	-3	-3	-1	-2	-4	1	1	3	-1	1	3	-4	-1	0	-2	1	-1	0	1	6	0	0	3	2	0	5	5	44	4	3	13	0	3	5	0	5	0	0.35	0.19
-1	-4	-3	-4	1	-4	-4	6	-4	-2	-5	-4	-4	-5	-4	-2	1	-5	-5	-4	3	0	0	0	4	0	0	77	0	3	0	0	0	0	0	0	12	0	0	0	1.46	0.42
-2	1	-2	-3	-3	0	-2	-4	-3	2	2	-1	0	-2	1	0	3	-3	-3	1	0	9	0	0	0	3	0	0	0	15	26	2	2	0	6	5	24	0	0	7	0.30	0.18
-1	0	2	0	-3	2	2	0	1	-3	-1	2	-2	-3	0	0	0	-3	-1	-2	4	2	10	3	0	10	18	7	4	0	6	18	0	0	3	8	4	0	1	2	0.23	0.13
1	1	1	-1	-2	1	-1	3	-2	-3	-3	3	1	-2	-3	0	-1	-4	-2	-3	14	10	7	2	1	5	1	23	0	1	0	21	5	1	0	8	1	0	1	0	0.32	0.17
-3	-3	5	5	1	-2	-1	-3	1	-5	-3	-3	-2	-5	-1	1	-2	-6	-4	-5	0	0	28	45	3	0	0	0	4	0	2	0	1	0	3	13	0	0	0	0	1.04	0.37
-5	-5	-5	-6	-5	-1	-5	-6	-1	-2	-2	-5	-4	2	-6	-5	-5	-1	9	-4	0	0	0	0	0	3	0	0	0	2	3	0	0	4	0	0	0	0	88	0	2.49	0.64
-4	-4	-5	-6	-5	-4	-5	-6	-2	2	1	-5	-2	2	-5	-4	-4	3	8	-2	0	0	0	0	0	0	0	0	0	12	12	0	0	6	0	0	0	4	64	2	1.64	0.48
-3	-5	-5	-5	-3	-5	-5	-6	-5	5	0	-5	-1	-3	-5	-4	-3	-5	-4	5	0	0	0	0	0	0	0	0	0	44	2	0	0	0	0	0	0	0	0	54	1.36	0.42
4	-3	-4	-4	-1	-3	-3	-3	-4	1	1	-3	-1	1	-3	-1	-1	-4	-3	2	50	0	0	0	1	0	0	0	0	6	13	0	1	6	0	3	1	0	0	19	0.55	0.27
-3	-1	-3	-1	-5	2	7	-4	-2	-3	-5	-2	-4	-5	-3	-3	-3	-5	-4	-2	0	3	0	0	0	9	81	0	0	2	0	0	0	0	0	0	0	0	0	3	1.55	0.48
1	-3	-2	-3	3	-2	-2	3	-3	-1	-1	-2	0	-3	-2	0	1	-3	-3	2	16	1	1	1	8	0	2	24	0	1	4	1	2	0	1	3	13	0	0	24	0.31	0.16
-1	0	0	2	-3	2	4	-2	-1	-2	0	0	-1	-3	-2	0	0	-3	-2	-1	3	6	2	10	0	11	32	1	0	1	13	3	0	1	1	5	7	0	0	4	0.31	0.15
-1	-1	0	-3	-2	-2	-2	-2	-1	1	2	-2	1	4	-3	-2	-2	4	2	0	3	3	7	1	0	1	1	2	1	7	22	1	3	21	1	2	1	6	9	7	0.28	0.13
-1	3	0	0	-2	1	1	-2	0	-1	-1	2	-1	0	1	0	0	-2	0	-2	5	20	3	6	0	4	7	1	1	4	4	13	0	4	7	8	5	0	4	1	0.17	0.08
0	0	1	1	-1	0	3	0	-1	-1	-1	1	-2	-1	0	0	-1	-3	-2	-2	10	5	9	8	2	1	23	8	0	3	7	8	0	2	5	5	2	0	1	1	0.15	0.10
-1	0	1	1	-2	0	1	3	0	-2	-2	0	-1	-2	2	-1	-1	-2	-2	-1	3	4	9	8	0	5	10	26	2	1	5	7	2	1	9	2	1	0	1	4	0.23	0.10
0	-1	1	0	-3	1	4	-1	-1	-1	-2	0	-1	-3	0	0	-1	-3	-2	-1	9	3	6	5	0	4	38	3	1	4	3	3	1	1	5	8	2	0	1	4	0.34	0.16
0	-1	1	2	-2	0	2	0	-1	-1	0	0	1	0	0	0	-1	-2	-1	-1	8	3	7	13	0	3	18	5	1	5	9	3	4	4	5	4	1	0	2	2	0.10	0.07
0	-1	0	1	-4	1	4	-2	-2	-2	-1	-1	1	0	0	0	-1	-4	-1	-3	7	3	5	8	0	5	32	2	0	2	6	3	4	5	5	8	3	0	2	0	0.32	0.30
-1	0	0	1	-3	1	2	0	0	-2	-1	1	-2	0	0	0	-1	-3	-1	-1	4	6	4	8	0	4	21	7	2	2	8	7	0	4	5	8	3	0	2	4	0.13	0.15
-1	0	1	1	-4	0	3	-1	-2	-3	-2	0	0	-1	2	0	0	-4	-3	-1	5	6	6	6	0	4	28	3	0	0	3	4	3	3	12	6	5	0	0	4	0.31	0.27
0	0	0	0	-3	1	2	-1	0	0	0	-1	2	-2	-1	-1	0	-3	1	0	7	3	5	4	0	5	20	4	2	7	11	3	8	0	2	3	4	0	5	4	0.10	0.16
0	0	-2	1	-3	1	3	0	-2	-1	-1	1	1	-3	1	0	-2	-3	1	-1	8	4	0	6	0	6	24	7	0	3	4	8	4	0	7	6	1	0	5	6	0.19	0.20
-1	-2	0	1	-4	0	5	-2	0	-1	-2	0	1	-2	0	-1	1	-4	-3	-3	4	0	3	6	0	3	44	3	2	4	4	4	4	2	4	3	8	0	0	1	0.54	0.40
0	-1	-2	0	-4	0	4	0	-2	-2	-2	0	0	-1	2	-1	0	-4	-3	-2	10	2	0	5	0	4	34	8	0	2	5	6	3	3	9	2	5	0	0	2	0.36	0.30
-2	0	0	3	-4	1	3	0	-2	-3	-3	0	-3	0	1	-1	-2	-3	-3	-2	3	4	4	21	0	5	26	8	0	1	1	6	0	5	6	3	2	0	0	3	0.43	0.30
1	-1	0	0	-2	0	2	0	1	0	0	0	0	-1	-1	0	0	-2	0	0	11	1	4	3	0	3	22	6	3	5	7	4	3	2	2	6	7	0	4	7	0.10	0.13
0	-2	-1	2	-3	-1	2	0	0	-1	-1	0	0	-3	1	0	1	-3	-2	-1	8	1	1	11	0	2	16	6	3	4	8	7	3	0	8	6	11	0	0	4	0.15	0.16
0	0	0	1	-3	1	3	-1	-1	-1	-2	1	1	-1	1	0	0	-3	-1	-1	9	3	5	6	0	7	21	4	1	3	2	7	5	2	7	6	6	0	2	3	0.17	0.16
-1	1	1	1	-3	1	3	-1	2	-2	-1	1	-2	-1	0	0	-1	-3	-1	-2	4	8	5	8	0	5	24	5	6	3	6	8	0	2	4	5	3	0	2	2	0.21	0.18
-1	2	0	1	-3	1	1	1	0	-1	-1	2	0	-1	0	0	0	-2	-1	-1	3	11	3	7	0	7	9	10	2	4	8	14	3	2	3	6	4	0	2	2	0.10	0.10
-1	0	0	3	-3	0	3	0	0	-2	-2	1	-1	-3	1	-1	-1	-3	0	-2	4	5	4	17	0	3	22	7	3	2	4	10	1	1	6	3	2	0	4	2	0.27	0.21
0	-1	1	1	0	0	3	0	-2	-1	-2	0	-2	-1	0	0	0	-3	-2	-1	7	2	7	9	2	2	24	8	0	4	4	6	0	3	3	7	5	0	0	4	0.17	0.16
-1	0	1	1	-3	0	2	0	-2	0	-2	1	-1	-1	1	0	0	2	-1	-1	3	4	8	6	0	4	20	6	0	6	1	8	2	3	6	7	6	3	2	5	0.15	0.15
-1	-1	0	3	-3	1	4	0	-2	0	-1	0	0	-3	0	-2	-1	0	-3	-1	5	3	3	16	0	5	30	6	0	7	6	4	2	1	4	1	2	2	1	3	0.31	0.25
0	-2	2	0	-3	-1	3	2	-2	-3	-1	1	-1	-3	-1	1	0	-3	-3	-3	7	1	10	4	0	1	23	15	0	1	7	8	2	1	2	13	5	0	0	1	0.28	0.24
-1	-1	-1	0	-3	1	4	-1	0	-1	-1	1	0	-3	1	-1	0	-3	0	-2	4	2	2	4	0	5	32	5	2	4	8	8	3	1	7	3	5	0	3	2	0.27	0.23
1	-1	1	1	-3	0	1	0	-2	-2	-2	1	-1	-1	2	0	0	-3	-2	-1	15	2	9	8	0	3	12	7	0	2	4	9	2	3	11	6	3	0	0	4	0.16	0.14
-1	1	0	2	-3	0	2	-1	1	-1	-1	0	-2	-2	1	0	-1	-3	-2	-1	4	10	3	15	0	3	17	5	5	4	6	4	0	2	6	7	3	0	0	6	0.17	0.15
-1	-2	0	2	-3	0	4	-2	1	-2	-2	-1	-2	-2	1	1	-1	0	0	-2	3	1	4	10	0	3	29	3	4	2	5	3	0	2	8	14	3	1	3	2	0.31	0.25
0	-1	2	2	-3	0	3	0	0	-2	-2	1	-1	-1	-1	0	0	-3	-2	-1	7	3	11	10	0	2	24	6	1	2	4	11	1	3	2	4	5	0	0	4	0.22	0.19
0	-1	0	1	-3	-1	3	0	-1	0	-2	0	-2	-1	1	0	-1	-3	-2	0	6	3	4	9	0	1	26	6	1	6	3	5	0	2	8	6	2	0	0	10	0.21	0.19
1	-1	-1	0	0	0	3	-1	-2	-1	-1	0	1	0	0	0	-1	-3	-1	1	11	2	3	3	2	2	26	5	0	2	6	5	4	6	4	6	1	0	1	10	0.15	0.18
-2	-3	0	5	-4	-2	2	1	-3	-2	-4	0	-3	-4	1	-1	-1	-4	-1	-3	3	1	3	42	0	1	12	10	0	2	1	7	0	1	6	4	3	0	3	1	0.69	0.39
0	-1	-1	1	-3	0	2	-1	-1	-1	-2	2	-1	-1	3	0	0	-3	-2	0	5	2	2	10	0	4	17	3	1	4	3	13	2	3	15	4	5	0	0	8	0.24	0.19
-2	-3	0	-1	-1	-1	0	-3	-3	1	4	-2	1	-2	1	-2	0	-3	-2	0	3	1	4	3	1	2	6	1	0	9	44	2	3	1	7	1	4	0	1	5	0.36	0.26
-2	-3	-2	-3	-4	-1	0	-4	-4	-2	-2	0	-1	-1	7	-1	-3	-4	-2	-4	3	1	2	1	0	3	5	1	0	2	4	5	2	2	60	4	1	0	2	1	1.43	0.62
-2	1	-2	-1	-3	0	-1	-1	0	-1	-2	5	0	-3	1	-1	-1	-3	-3	0	3	7	1	4	0	3	3	3	2	3	3	43	2	1	6	5	4	0	1	7	0.49	0.33
0	-1	2	0	-3	-2	-1	-1	1	-2	-3	-1	-1	-3	4	3	-1	-3	-1	-2	6	3	10	4	0	1	3	3	3	3	2	3	2	1	21	28	2	0	2	3	0.45	0.30
0	0	0	1	-2	0	0	0	0	-1	0	1	0	0	-1	0	2	0	-2	-1	6	5	3	11	0	3	4	6	2	3	8	10	2	5	3	5	19	1	1	3	0.09	0.11
-1	0	-1	-3	-3	-2	-3	0	-2	-1	-2	-3	-3	1	2	-2	-1	8	5	-3	5	5	4	1	0	1	1	7	0	3	3	1	0	5	9	3	4	22	25	1	0.88	0.43
-2	2	0	-1	-3	0	0	-2	-2	-2	-2	5	-1	-3	-1	0	-1	1	-2	0	1	12	4	4	0	2	4	3	0	2	3	41	1	1	2	5	2	2	1	8	0.48	0.32
0	-2	-1	-1	-3	0	0	-1	-1	-3	-3	0	-3	-2	6	-1	-1	-3	0	-1	9	2	3	2	0	3	5	5	1	1	2	6	0	2	44	3	3	0	4	6	0.81	0.40
-3	0	-3	-3	-4	2	-1	-4	-1	-2	1	-1	-3	-4	6	-2	0	-4	-3	-2	1	5	1	1	0	8	3	1	2	2	16	3	0	1	45	2	6	0	0	2	0.95	0.47
0	-2	-2	0	-3	2	0	-3	0	-2	-1	-2	-3	-1	5	-1	-2	-3	1	-2	9	2	1	6	0	9	7	1	2	2	5	1	0	3	35	4	2	0	6	3	0.60	0.33
1	-1	-2	2	-2	0	1	-2	-2	0	-1	-1	-1	-2	2	0	-1	-3	-2	2	12	2	1	14	0	3	12	2	0	4	3	3	1	2	11	7	3	0	1	18	0.20	0.18
-1	-3	-3	-1	-3	-2	0	-2	0	4	0	-3	-1	-1	-2	-2	0	-3	0	3	4	1	1	3	0	1	8	4	2	34	5	1	0	1	2	1	5	0	3	23	0.41	0.27
-2	-3	-3	1	-4	1	-1	-2	-1	-4	-4	-3	-4	-4	7	-2	-1	-4	-4	-4	2	1	1	8	0	8	5	3	1	1	1	1	0	1	60	3	3	0	0	1	1.50	0.59
1	0	-2	-1	1	-1	-1	-3	-3	-2	-2	4	-1	-2	3	0	0	-4	-3	0	12	3	1	3	3	1	2	1	0	2	4	29	1	1	17	7	5	0	0	8	0.38	0.27
-1	0	-2	1	-4	-1	6	1	-2	-4	-3	-1	-3	1	-3	-1	-2	-3	-3	-3	4	6	1	5	0	1	58	9	0	1	1	1	0	7	1	3	1	0	0	1	0.82	0.34
-1	1	-1	1	-3	0	3	1	-2	-2	-2	2	-2	-2	2	-1	-1	-3	-1	-2	4	9	1	6	0	2	29	11	0	2	3	12	0	2	10	2	2	0	3	2	0.30	0.16
-1	0	2	2	-2	-1	0	1	0	0	-2	0	-2	-1	0	1	0	-2	1	-1	4	6	17	11	0	0	3	11	1	8	3	5	0	2	4	10	4	0	7	3	0.12	0.10
-1	1	-2	-2	-3	0	1	3	0	-3	-2	0	-2	2	-1	0	-2	-2	-1	-3	3	10	1	1	0	5	10	33	2	1	3	5	0	14	3	6	1	0	2	1	0.32	0.17
1	-1	0	0	-2	0	0	-2	-2	-1	-1	0	-1	-2	1	1	2	-3	-1	0	12	3	6	4	0	3	6	1	0	3	5	7	1	1	7	10	21	0	2	8	0.15	0.10
-2	-3	-2	-1	-3	-3	-3	6	-3	-4	-4	-1	-3	-4	-3	0	0	-4	-4	-4	1	1	1	4	0	1	1	69	0	1	1	5	0	1	1	7	6	0	0	1	1.17	0.37
1	-1	-1	3	2	-1	-1	0	-2	0	0	0	-1	0	1	0	0	-2	-1	0	12	1	1	22	5	1	1	6	0	5	7	5	0	5	5	6	7	0	1	8	0.09	0.05
-1	0	3	0	-2	0	0	-1	5	-2	-2	0	-1	-1	-1	0	0	-2	0	-2	3	2	35	2	1	1	2	2	34	2	3	2	1	1	2	2	2	0	1	2	0.30	0.00
-1	3	-2	-2	-2	1	0	-3	-2	-3	-3	5	-1	-3	-2	-1	-1	-3	-2	-2	6	17	0	1	1	4	5	1	0	1	1	52	1	1	1	1	3	0	1	2	0.72	0.28
-2	-2	1	-3	-1	-2	-2	-3	1	-2	0	2	0	4	-3	-2	-2	2	5	-2	2	1	6	1	1	0	1	1	3	1	7	20	2	19	1	2	1	2	30	1	0.58	0.25
0	-1	-1	-2	-1	-1	-2	-3	0	0	-1	-1	-1	0	-2	0	3	-3	0	3	4	2	3	2	1	1	1	1	3	3	4	2	0	3	1	8	21	0	3	37	0.27	0.18
-3	-3	-3	-4	-4	-3	-3	-4	1	-3	-3	-3	-3	3	-4	-3	-3	0	8	-3	1	1	1	1	0	1	1	1	3	1	1	1	0	10	1	1	1	0	73	1	1.79	0.46
-3	-3	-4	-4	-3	-3	-3	-4	-2	-2	-1	-3	-2	6	-4	-3	-3	8	5	-3	1	1	1	1	0	1	1	1	0	1	4	1	0	34	1	1	1	27	22	1	1.45	0.37
1	-3	-3	-4	-2	-3	-3	-3	-4	1	-1	-3	-1	-2	-3	-2	0	2	-1	5	14	1	0	1	0	0	1	1	0	6	1	1	0	0	1	1	4	3	2	64	0.79	0.32
-1	-3	-2	-3	8	-3	-3	-3	-3	-2	-2	-3	0	-3	-3	2	3	-3	-3	-1	3	1	1	1	39	1	1	1	0	1	3	1	3	1	1	14	26	0	0	3	1.02	0.33
-1	0	3	0	-3	1	0	0	1	-2	-2	1	-2	-3	0	2	1	-3	-1	-1	3	2	23	5	0	6	2	6	3	2	3	10	0	0	3	16	9	0	1	3	0.24	0.13
-1	-1	3	3	-2	0	3	-1	0	-3	-3	0	-3	-2	-2	2	0	-3	-1	-3	2	2	15	17	1	2	24	4	2	1	1	3	0	2	1	16	4	0	2	1	0.37	0.17
0	-3	-1	1	-3	-2	-2	0	-1	0	1	-2	-2	-3	5	-1	-2	-3	-3	0	8	1	2	11	0	1	1	7	1	6	17	1	0	0	34	3	1	0	0	5	0.53	0.19
-1	-3	1	-1	-3	-2	-2	4	-1	-1	0	-2	-2	-1	-3	0	1	-3	-1	-1	2	1	7	3	0	1	1	46	1	2	13	1	0	2	1	4	10	0	3	3	0.45	0.19
0	1	0	3	-3	0	2	1	-1	-2	-1	1	0	-2	-2	-1	0	1	0	-2	6	7	4	22	0	2	15	11	1	0	7	8	2	0	0	2	6	3	3	2	0.20	0.12
-2	-1	1	1	-4	3	3	-3	0	-4	-4	1	-3	-4	4	-1	1	-4	-2	-3	1	0	6	8	0	17	22	0	1	0	0	8	0	0	22	3	10	0	1	0	0.59	0.24
-5	-5	-5	-6	-4	-4	-5	-5	-4	-4	-1	-5	-3	3	-5	-5	-4	11	-1	-4	0	0	0	0	0	0	0	0	0	0	7	0	0	10	0	0	0	77	0	0	3.20	0.69
0	-2	1	-2	-2	0	-1	-3	0	3	-1	-1	0	0	-3	-1	2	-3	-1	2	7	1	7	0	0	4	3	0	3	23	1	3	1	4	0	3	17	0	1	21	0.19	0.15
-2	3	-1	-2	-1	2	2	-3	-2	-2	1	2	-1	-3	1	-1	-1	-3	-3	-2	0	19	1	0	2	8	20	0	0	0	19	15	1	0	7	3	2	0	0	1	0.31	0.18
-3	-4	-5	-5	-3	-4	-4	-5	-4	-1	6	-4	0	-2	-4	-4	-3	-3	-3	-1	0	0	0	0	0	0	0	0	0	0	94	0	0	0	0	0	0	0	0	0	1.41	0.45
-4	-4	-5	-4	-6	-4	-2	-5	-5	-6	-6	0	-5	-6	8	-4	-4	-6	-6	-5	0	0	0	0	0	0	2	0	0	0	0	6	0	0	92	0	0	0	0	0	2.75	0.67
-2	-2	1	4	-4	0	2	-3	2	-3	-2	-2	-3	-3	4	0	-1	-4	-1	-3	2	0	6	27	0	5	11	0	6	1	4	0	0	1	24	8	3	0	2	1	0.57	0.24
1	-3	-3	-3	-2	-3	-1	-3	-4	2	0	-3	-1	-2	-1	-2	0	-4	-3	5	14	0	0	0	0	0	5	0	0	10	5	0	0	0	3	1	6	0	0	54	0.55	0.27
-2	1	1	-2	-3	-1	1	-3	-2	-2	-2	1	-2	-4	-3	0	5	-4	-3	-2	0	6	7	0	0	1	9	0	1	2	3	8	0	0	0	3	57	0	0	0	0.71	0.33
-2	-2	-4	-4	1	-2	-3	-4	-4	-2	-1	-1	-4	-5	8	-2	-3	-5	-5	-2	2	2	0	0	3	1	0	0	0	2	6	3	0	0	76	1	0	0	0	2	1.91	0.51
2	0	0	1	-3	3	3	-2	1	-3	-3	1	-2	-4	-2	0	-1	-4	-3	-2	19	3	4	6	0	17	28	0	3	1	2	10	0	0	0	5	2	0	0	1	0.43	0.22
-2	-2	-2	1	-5	6	0	-4	4	-4	-3	-1	2	-1	-3	-2	-2	-3	1	-4	2	0	0	9	0	54	3	0	13	0	1	1	5	3	0	1	2	0	6	0	0.97	0.41
-2	-1	-4	-4	-3	-1	-4	-5	-4	6	0	-3	1	-2	-4	-3	-2	-4	-3	2	3	3	0	0	0	3	0	0	0	66	5	0	3	0	0	0	0	0	0	14	0.95	0.35
-1	1	0	0	-1	2	1	-2	-1	0	0	1	0	0	-2	0	0	-2	0	2	2	8	4	4	1	13	8	1	0	5	5	8	1	3	1	4	4	0	4	22	0.09	0.09
1	-1	-1	-1	0	0	0	-1	1	1	0	-1	0	-2	-2	-1	0	-2	-1	2	19	2	3	3	3	6	6	3	4	9	9	2	3	0	1	2	6	0	1	19	0.07	0.08
4	-2	-2	-2	0	-2	-2	-1	-2	-2	-2	-2	-2	-3	-2	3	0	-3	-3	0	54	1	1	1	1	1	1	2	0	1	1	1	0	1	1	22	6	0	0	6	0.60	0.27
-1	6	-2	-2	-1	-1	1	-2	-2	-4	-3	1	-3	-3	-3	1	-2	-3	-3	-3	3	62	1	1	2	1	8	3	0	1	1	4	0	1	1	11	1	0	0	1	0.95	0.32
-1	1	0	-2	0	4	0	-2	0	-2	0	3	0	-2	-2	0	-1	-3	0	-1	2	4	3	1	2	23	3	1	2	1	12	26	2	2	1	9	1	0	3	4	0.29	0.18
-1	-3	-3	-3	-2	-3	-3	-4	-4	5	1	-3	1	-1	-3	-3	1	-3	-2	2	3	1	0	1	0	0	1	1	0	57	10	1	2	2	1	1	9	0	0	10	0.70	0.27
-2	3	1	-2	-2	0	-1	-3	2	-3	-3	4	-2	-3	-1	0	0	-3	-1	-1	1	20	7	1	1	3	1	1	6	1	1	42	0	0	2	4	4	0	1	4	0.54	0.23
-2	3	-2	-2	-1	0	-1	0	1	-3	-2	4	-2	-2	-2	-2	-1	2	2	-1	1	20	0	1	2	2	1	8	3	1	2	35	0	0	1	1	4	3	10	6	0.41	0.21
-1	1	-2	-3	0	0	-2	-2	-2	0	1	-2	2	4	-3	-2	-2	-1	3	0	3	9	1	1	2	5	1	2	0	4	17	1	9	25	1	2	1	0	11	6	0.29	0.16
-3	-4	-5	-5	2	-4	-5	-5	-3	0	2	-4	0	7	-5	-4	-3	-2	0	-1	0	0	0	0	4	0	0	0	0	3	24	0	2	62	0	0	0	0	0	3	1.26	0.40
-2	0	-2	-3	-3	-1	-2	-3	-3	-3	-3	1	-3	-4	-3	2	6	-4	-1	-1	0	4	0	0	0	2	0	0	0	0	0	9	0	0	0	12	64	0	3	3	0.92	0.39
-2	-4	1	-3	-5	-4	-4	7	-4	-6	-6	-4	-5	-5	-4	0	-3	-5	-5	-5	0	0	6	0	0	0	0	88	0	0	0	0	0	0	0	6	0	0	0	0	1.81	0.51
-3	2	4	5	-5	-1	0	-3	1	-4	-5	0	-4	-4	-3	-2	-2	-5	-1	-4	0	14	23	46	0	1	3	0	4	1	0	4	0	0	0	1	1	0	2	0	0.95	0.35
-3	-3	-4	0	-3	-3	0	-4	0	0	5	-3	2	0	0	-3	-3	-3	-2	-1	0	0	0	6	0	0	6	0	3	2	66	0	4	4	6	0	0	0	0	0	0.67	0.31
-2	-2	3	5	-4	0	3	-2	0	-4	-4	1	-4	-4	-3	0	-2	-5	-4	-4	1	0	16	38	0	3	22	1	2	0	0	8	0	0	0	7	1	0	0	0	0.78	0.29
3	1	0	-2	-2	1	1	0	2	-3	-3	1	-2	-3	-2	2	0	-4	-3	-2	40	8	3	0	0	6	7	4	5	0	0	7	0	0	0	14	6	0	0	0	0.37	0.21
0	-1	1	1	-4	0	1	-3	-1	-1	-3	0	-3	-4	5	-1	0	-4	-3	-1	6	1	6	8	0	3	12	0	2	4	0	7	0	0	38	3	6	0	0	3	0.68	0.24
-2	-4	-4	-5	0	-4	-4	-5	-5	4	1	-4	-1	-2	-4	-2	-2	-4	-3	5	0	0	0	0	2	0	0	0	0	30	7	0	0	0	0	3	0	0	0	57	0.95	0.33
0	0	0	-1	-1	0	0	-3	0	2	-1	0	-1	-1	-1	-1	0	0	2	2	8	6	6	4	1	2	4	0	2	17	3	7	0	0	2	3	5	1	10	20	0.08	0.09
1	-1	0	0	0	0	0	0	-2	-1	-2	0	-2	-3	-2	3	2	-3	-2	-1	13	2	1	6	2	4	4	6	0	4	1	4	0	0	1	34	14	0	0	3	0.26	0.14
-2	-2	1	0	-3	-1	0	-2	2	-1	-1	0	-1	3	-2	-1	-1	1	5	-2	1	1	9	5	0	1	6	1	6	4	4	7	0	15	1	5	2	1	28	1	0.35	0.15
-2	-2	-2	-2	-3	-2	1	-1	-3	-3	-3	0	-3	-3	7	-1	-2	-3	-3	-1	1	1	1	1	0	1	8	4	0	1	2	4	0	1	65	3	1	0	1	4	1.42	0.31
0	1	1	-2	2	-1	-1	-1	2	-3	-2	-1	-2	-2	5	0	-1	0	0	-2	5	10	9	1	5	1	2	3	6	1	3	2	0	1	39	5	3	1	3	1	0.64	0.18
-2	-3	-3	-3	-3	-3	-3	-3	-2	0	-1	-1	-1	7	-3	-1	-2	-1	2	-1	1	1	1	1	0	1	1	1	0	6	3	5	0	64	1	5	1	0	4	4	0.94	0.26
0	-2	0	0	-1	1	1	-1	-2	-3	-2	-1	-1	-1	5	1	0	-3	-1	-2	5	1	3	6	1	7	8	5	0	1	2	2	1	3	38	9	4	0	2	1	0.61	0.15
0	-2	-1	-2	-2	-2	-1	5	-2	0	-2	-1	-2	-2	-2	-1	-2	3	-2	0	5	1	1	1	0	1	5	51	0	8	2	5	0	1	1	1	1	4	1	10	0.50	0.16
-1	0	3	-1	2	0	-1	0	-1	-2	-1	2	-1	-3	-2	0	3	-3	-2	-1	1	2	20	1	5	3	1	5	0	1	4	17	0	1	1	5	29	0	0	4	0.27	0.13
-2	-1	-2	0	-4	0	6	-3	-1	-4	-3	-1	-3	-4	-2	-1	-2	-3	-3	-3	1	1	1	1	0	1	85	1	0	1	1	1	0	1	1	1	1	0	0	1	1.26	0.32
1	1	-1	1	-2	0	1	-2	-1	-1	0	2	0	-2	-1	0	0	-2	0	0	17	6	1	7	0	1	12	1	0	2	9	20	2	1	1	5	2	0	3	9	0.10	0.06
-1	-1	4	2	-3	-1	1	-2	5	-1	-3	0	-1	-2	-2	-1	-1	-3	-1	-1	2	1	25	15	0	1	10	1	25	4	1	4	1	1	1	2	1	0	0	4	0.47	0.16
-1	3	-2	-3	-3	-1	-2	-3	1	-2	1	-1	-1	2	-3	-2	-2	2	6	-2	4	19	1	1	0	1	1	1	2	1	16	1	0	5	1	1	1	2	41	1	0.56	0.19
-2	-3	-3	-3	-2	-3	-3	-3	-3	1	5	-3	1	-1	-3	-3	-2	-2	-2	0	1	1	1	1	0	1	1	1	0	4	81	1	0	1	1	1	1	0	0	3	0.77	0.22
0	5	-1	-2	-3	0	-1	-2	-1	-2	-2	2	-2	-3	-2	0	0	-3	-2	-1	7	56	1	1	0	1	1	1	0	1	2	8	0	1	1	7	6	0	1	4	0.63	0.19
4	-2	-2	-2	3	-2	-2	-1	1	-2	-2	-2	-2	-2	-2	0	-1	-2	2	-1	57	1	1	1	8	1	1	1	4	1	1	1	0	1	1	6	2	0	9	3	0.47	0.18
-1	1	-1	-2	-2	4	0	-2	-1	0	1	0	0	-1	-2	-1	0	-2	0	1	1	9	1	1	0	39	1	1	0	4	14	3	2	3	1	1	4	0	3	12	0.31	0.15
-2	-3	-3	-3	-2	-3	-3	-3	-3	5	1	-3	1	-1	-3	-2	-1	-2	0	2	1	1	1	1	0	1	1	1	0	60	10	1	3	1	1	1	1	0	3	13	0.59	0.19
3	-2	0	-2	-1	-1	0	0	1	-1	-1	-1	-1	-2	-1	2	0	-2	0	1	42	1	4	1	0	1	4	5	3	2	3	1	0	1	1	16	3	0	3	11	0.24	0.12
-1	6	-1	-2	-3	1	-1	-2	-1	-1	-2	1	-1	-3	-2	-1	1	0	-2	-2	4	59	1	1	0	4	1	1	0	5	3	3	1	1	1	4	8	2	0	1	0.65	0.20
-2	-3	-3	-3	-2	-3	-3	-4	-3	6	0	-3	0	-1	-3	-3	-2	-3	-2	2	1	1	1	1	0	1	1	1	0	78	1	1	0	1	1	1	1	0	0	8	0.92	0.26
0	-1	2	1	-2	0	1	-1	-1	-2	-2	0	-2	-2	-1	3	2	-3	-2	-1	5	1	9	9	0	2	12	3	0	1	2	3	0	2	1	33	14	0	0	3	0.27	0.11
2	0	1	0	1	0	0	-1	3	-2	-2	-1	-2	0	-2	1	-1	-2	0	-2	26	4	7	4	4	4	3	2	14	3	1	1	0	4	1	16	1	0	4	1	0.18	0.10
2	-2	-1	1	1	0	0	3	-1	-3	-3	-1	-2	-3	-2	2	1	-3	-1	-2	23	0	2	9	4	2	7	22	1	0	1	1	0	0	0	16	7	0	2	1	0.30	0.16
0	-3	0	-3	6	-3	-3	-3	-3	-1	-3	-3	-2	-3	-3	0	5	-4	-3	0	5	0	3	1	22	0	1	1	0	2	1	1	0	0	0	3	55	0	0	4	1.01	0.39
0	0	-1	-2	0	2	0	-1	4	0	-1	-1	-1	-2	-2	0	1	0	1	0	10	5	0	1	2	13	6	3	17	8	4	1	0	0	0	6	10	1	5	9	0.17	0.14
-1	-3	-4	-4	-1	-3	-4	-4	-4	5	2	-3	0	-2	-3	-3	-2	-3	-2	3	3	0	0	1	1	0	1	1	0	43	22	1	0	0	0	1	1	0	0	24	0.71	0.27
2	-2	-2	-2	3	0	-2	-2	-2	0	-1	-2	-2	-2	-2	3	0	-3	0	1	26	1	0	1	8	4	1	1	0	5	3	1	0	0	1	31	2	0	4	12	0.34	0.22
-3	-4	-4	-3	-4	-3	-3	-4	-4	-3	-4	-3	-4	-5	8	-3	-1	-5	-4	-4	1	0	0	1	0	0	1	1	0	2	1	1	0	0	87	1	3	0	0	1	2.42	0.58
0	2	-1	-2	-2	1	-1	-2	-2	0	1	2	0	-1	-2	0	0	-3	-2	0	10	17	3	1	0	6	2	2	0	6	18	16	2	1	0	4	4	0	0	8	0.14	0.11
-1	-1	0	0	-4	-2	-2	6	-1	-4	-4	-1	-4	-4	-3	-2	-3	-4	-4	-4	2	4	4	6	0	1	2	72	1	0	1	3	0	0	0	1	1	0	0	1	1.17	0.36
1	-2	-3	-3	0	-2	-3	-3	0	-1	1	-2	1	4	-3	-1	-2	-1	5	-1	16	2	0	1	2	1	1	1	1	0	17	2	5	20	0	4	1	0	23	2	0.43	0.21
-3	-3	-3	-4	-3	-3	-3	-4	-1	0	1	-1	1	4	-4	-3	-3	1	7	-1	1	0	1	1	0	0	1	1	0	4	13	4	3	19	0	1	1	1	46	3	0.96	0.34
-1	2	-1	-2	-3	3	1	-2	0	1	-1	2	1	-2	-2	-1	1	-3	-2	0	3	12	2	1	0	20	6	1	2	11	2	14	5	1	1	2	12	0	0	6	0.23	0.15
0	-1	-2	-1	-1	-1	0	-2	-2	1	1	-1	1	3	0	-1	0	-1	1	1	7	3	1	3	1	2	6	3	0	8	17	4	4	18	5	2	5	0	3	9	0.07	0.06
-1	0	1	2	-2	0	1	2	-1	-2	-2	0	0	-3	0	0	1	-3	-2	-2	3	5	6	17	0	4	10	17	0	1	2	7	3	1	4	5	12	0	1	2	0.21	0.10
0	-1	-1	1	-3	0	4	0	-1	-2	-2	-1	-2	-3	3	0	0	-3	-1	-2	8	1	1	7	0	1	37	6	1	2	2	2	1	1	17	4	5	0	2	2	0.44	0.18
0	-1	0	2	-2	0	4	0	1	-2	-2	0	-1	-2	-1	-1	0	-2	-2	-1	6	2	3	13	1	2	34	8	3	3	3	6	1	1	2	2	4	0	1	5	0.28	0.12
-1	-1	0	2	-2	0	3	1	-1	-2	-2	1	-2	-2	0	0	0	-2	-2	-1	3	2	5	10	1	1	32	11	1	1	3	6	1	1	5	5	8	0	1	3	0.27	0.12
0	-1	1	2	-2	0	3	2	-1	-2	-2	0	-1	-2	1	-1	-1	-2	-2	-1	8	1	7	12	0	1	25	16	1	1	3	6	2	1	7	2	2	0	1	3	0.25	0.11
0	0	1	1	-2	1	3	0	1	-1	-2	1	-1	-2	-1	0	0	-2	-2	0	6	3	6	7	1	5	26	8	3	2	3	9	1	1	1	2	6	0	1	8	0.16	0.08
-1	2	0	1	-2	0	4	-1	0	-1	-1	1	-1	-2	-1	-1	-1	-2	-2	-1	3	11	3	8	1	2	36	5	1	5	5	5	1	1	3	3	2	0	1	3	0.28	0.12
-1	0	0	2	-2	0	3	0	-1	0	-1	1	-1	-1	0	0	-1	-2	-1	-1	3	6	3	13	1	3	25	7	1	7	6	8	1	2	4	3	3	0	2	2	0.17	0.08
0	0	0	2	-2	0	2	0	-1	-1	-1	0	-1	0	0	0	0	-2	-1	-1	7	3	5	11	1	3	22	8	1	2	4	6	1	5	5	3	6	0	1	6	0.13	0.06
-1	0	-1	1	-2	1	4	-1	-1	-1	-1	0	-1	0	-1	0	-1	-2	-2	-1	2	4	1	6	1	4	38	5	1	4	6	6	2	4	2	7	2	0	1	5	0.29	0.16
1	0	-1	0	-2	0	2	0	-1	0	-1	0	-1	-2	1	0	-1	-2	-1	0	11	4	1	6	1	3	22	9	1	5	4	5	1	1	6	7	2	0	3	10	0.11	0.08
0	0	0	1	-2	0	3	1	-1	-2	-2	0	-2	-1	2	0	-1	-2	-2	-2	7	5	5	7	0	4	22	13	1	3	2	6	1	3	13	4	1	0	1	3	0.24	0.11
1	0	1	1	-2	0	1	1	-1	-2	-2	1	-1	-2	2	0	0	-2	-1	-1	13	4	8	8	1	3	14	9	1	2	4	8	1	1	10	4	3	0	2	5	0.14	0.07
0	-1	0	0	0	-1	0	2	-1	-1	-1	0	-1	-1	1	0	0	0	0	-1	6	2	5	5	3	1	8	20	1	4	8	8	1	3	7	4	5	2	5	3	0.08	0.05
-1	3	0	2	-2	1	0	-1	-1	-1	0	1	-1	-2	2	0	0	-2	-2	-2	3	21	3	12	0	5	6	5	0	3	10	7	0	1	9	4	7	0	1	1	0.19	0.11
0	-1	2	2	-2	0	1	0	2	-1	0	-1	0	-2	1	0	0	-2	-1	0	7	1	11	13	0	3	10	6	8	4	9	2	2	1	6	5	5	0	1	7	0.10	0.07
1	-1	1	-1	-2	0	1	0	-2	-1	0	0	0	-2	0	2	1	-3	-2	-2	9	2	8	2	0	3	10	7	0	4	8	6	3	0	4	22	11	0	0	1	0.14	0.12
-2	-3	-3	-3	0	-3	-2	-4	-2	2	2	-3	1	3	1	-1	-1	-2	3	1	1	0	0	0	2	0	2	1	0	14	19	0	4	15	7	6	3	0	14	11	0.35	0.22
0	0	-1	1	-3	1	3	-2	-1	1	-1	0	-1	-2	1	0	0	-3	-2	1	8	5	2	7	0	7	23	3	1	9	4	3	1	1	6	4	5	0	0	11	0.15	0.13
-1	1	-2	-1	-4	2	4	-3	-2	-1	-1	2	-2	-3	2	-2	-2	-3	0	0	5	8	0	1	0	9	30	1	0	4	5	13	0	0	11	1	1	0	4	6	0.40	0.26
0	-2	6	2	-3	0	0	-2	-2	-2	-3	-1	-3	-1	-3	0	0	-4	-1	0	6	1	43	9	0	4	5	2	0	2	1	3	0	4	1	4	6	0	2	7	0.57	0.32
-2	0	-2	0	-4	0	3	-2	-3	-1	-3	1	-2	-4	5	-2	-1	2	-3	-2	1	4	0	5	0	4	20	2	0	4	2	8	1	0	37	1	4	3	0	3	0.75	0.33
-1	-1	2	4	-3	-1	3	0	0	-3	-3	0	-3	-2	-1	0	-1	-4	-3	-3	5	3	11	28	0	1	25	5	2	1	1	4	0	2	2	7	3	0	0	1	0.51	0.26
-3	-3	-1	-3	-1	-3	0	-4	-2	0	-2	-3	-1	6	-1	-3	-2	2	5	-2	1	1	3	1	1	1	6	1	0	6	1	1	2	46	3	1	2	2	21	1	1.03	0.41
0	0	-1	0	-4	1	5	-2	-2	-2	-3	2	-3	-1	-2	-1	0	-3	-3	-2	9	4	3	3	0	4	42	3	0	2	1	16	0	3	1	1	6	0	0	2	0.53	0.30
0	-2	-2	1	-3	-1	0	4	-2	-2	-2	-1	0	0	3	-1	-2	-3	-1	-2	5	1	1	8	0	1	6	34	0	3	4	3	4	5	16	4	2	0	2	2	0.39	0.21
0	-2	-1	-2	-2	0	0	-1	-1	2	1	-1	1	0	2	-2	0	-2	0	0	7	1	3	1	0	3	8	3	1	15	20	4	4	5	12	1	4	0	3	6	0.13	0.12
-1	-2	0	0	-3	0	2	-3	-2	-3	-2	0	-3	-3	4	1	1	-3	1	-3	3	1	4	6	0	4	17	1	0	1	3	7	0	0	23	13	11	0	6	1	0.44	0.24
1	-2	0	1	0	-2	-1	0	-2	0	1	-2	0	0	-1	0	0	-2	0	2	12	0	5	9	2	0	2	6	0	5	18	1	1	3	2	8	4	0	3	19	0.07	0.10
0	1	0	-1	-2	0	0	-1	1	0	0	1	-1	0	0	0	1	-2	0	0	6	8	4	2	0	2	5	4	6	11	7	11	0	5	4	9	8	0	3	4	0.04	0.05
0	-1	2	4	-4	2	4	-3	1	-4	-3	-1	-3	-5	-1	-1	-2	-5	-4	-3	7	2	10	22	0	8	37	0	3	0	2	1	0	0	3	3	0	0	0	2	0.68	0.36
0	-3	-2	-1	-3	0	0	-2	-3	0	4	-2	3	-2	-1	-2	-1	-3	-2	-1	9	0	2	4	0	6	8	2	0	4	44	0	11	0	2	2	2	0	1	2	0.35	0.25
1	-3	-3	-3	2	-1	-3	-3	-3	2	2	-2	1	-2	-3	-1	1	-3	-2	2	12	1	0	1	5	2	1	1	0	11	28	2	3	0	1	3	8	0	0	22	0.31	0.20
1	0	-1	3	-3	2	2	-2	-2	-3	-2	2	-1	-2	-2	1	-1	-4	-3	-3	11	2	2	17	0	12	18	2	0	0	4	13	2	2	1	11	2	0	0	0	0.34	0.23
-1	0	2	0	-3	0	0	-1	2	-2	-2	1	-2	-3	-1	3	2	-3	-2	-2	2	5	11	4	0	3	4	2	5	3	5	10	0	0	3	30	12	0	0	1	0.27	0.21
-1	-3	-4	-4	-2	-1	-1	-4	-1	3	3	-2	3	-2	2	-3	-1	2	-3	0	4	0	0	0	1	2	3	0	2	18	39	2	8	1	12	0	2	3	0	2	0.48	0.29
0	-2	2	2	-3	0	2	1	-2	-2	-3	0	-2	-4	-3	3	1	-4	-3	-1	7	0	12	11	0	3	12	10	0	1	1	4	1	0	0	26	8	0	0	4	0.33	0.23
1	0	4	-1	-3	0	-1	0	1	-4	-3	-2	-3	-1	-3	3	0	-4	1	-2	10	5	29	1	0	3	2	6	3	0	1	0	0	2	0	24	6	0	6	2	0.46	0.31
-6	-6	-6	-7	-6	-5	-6	-3	-5	-6	-5	-6	-5	0	-6	-6	-6	12	2	-6	0	0	0	0	0	0	0	3	0	0	0	0	0	4	0	0	0	84	7	0	3.89	1.07
-1	-1	-4	-4	2	0	-3	-4	-4	0	-1	-3	0	-1	-4	0	0	-4	-3	5	3	4	0	0	5	6	0	0	0	3	2	0	1	3	0	8	5	0	0	59	0.73	0.41
-5	-4	-1	-4	-6	-3	-4	-5	10	-6	-3	-4	-5	-4	-1	-4	-5	-5	1	-6	0	0	2	0	0	0	0	0	86	0	3	0	0	0	3	0	0	0	4	0	2.94	0.94
0	0	-2	-3	2	-1	-2	-2	6	-1	0	0	-1	3	-3	-1	-2	2	1	-1	6	4	1	0	5	2	0	2	25	4	12	5	1	14	0	5	2	3	3	5	0.36	0.24
-1	3	1	-2	1	-1	1	-2	1	-1	-1	0	0	-2	-1	0	1	-3	0	1	4	19	7	0	3	0	11	1	4	1	3	6	3	0	2	4	12	0	5	14	0.16	0.17
0	-1	-1	2	-3	3	0	-1	1	-3	-2	0	0	-1	4	0	-1	-4	-3	-2	9	2	1	11	0	20	5	4	4	0	2	4	2	3	24	4	2	0	0	2	0.44	0.23
-2	-1	1	-1	-3	-1	1	0	5	-1	-3	-2	-2	0	1	0	-1	-2	4	-2	1	2	7	2	0	2	10	8	20	4	1	0	0	3	7	9	3	0	17	3	0.36	0.22
-1	-4	-4	-4	-3	-3	-4	-4	-4	5	2	-3	-1	2	-1	-3	-2	-3	-2	1	6	1	0	1	0	0	1	1	0	51	18	1	0	8	3	1	1	0	0	8	0.69	0.30
-2	-2	3	-1	-3	1	-1	-3	-2	-1	3	-1	-1	-2	-3	-1	0	-3	0	-1	1	1	18	3	0	6	4	1	0	2	46	4	0	0	1	4	5	0	3	2	0.36	0.24
1	0	0	-1	-2	1	0	-1	0	-1	-1	1	-2	-3	3	0	0	-3	-2	-1	18	3	6	2	0	7	4	3	3	3	6	10	0	0	19	5	5	0	0	5	0.23	0.13
-1	2	2	-2	1	5	0	-3	-2	-2	-2	1	-2	-4	-3	-1	0	-3	-3	-3	5	10	13	1	3	40	4	1	0	3	3	6	0	0	1	3	6	0	0	1	0.58	0.30
0	1	1	-1	-2	-1	-1	3	-1	-2	-2	1	-2	-3	-2	1	-1	-3	-2	-1	1	11	9	1	0	1	1	37	0	1	1	13	0	0	1	15	1	0	0	8	0.31	0.09
-1	1	-1	-2	-2	1	-1	-2	3	1	1	1	0	1	-2	-1	-1	-2	0	1	1	12	0	1	0	12	1	1	11	12	12	12	0	12	1	1	1	0	0	12	0.11	0.08
-1	-3	-1	-2	5	-1	0	0	-3	2	0	-2	0	-2	-3	-1	2	-3	0	1	3	0	3	0	14	3	8	7	0	13	6	0	3	0	0	3	18	0	4	13	0.25	0.21
0	-1	0	-2	1	1	0	-1	1	-1	-1	1	0	0	-2	1	2	-2	1	0	6	2	3	0	4	7	3	4	4	3	3	8	3	3	0	9	22	0	7	6	0.12	0.14
-3	-3	-1	-4	-4	-3	-3	-4	3	-1	-2	0	-2	4	1	-2	-1	8	3	-2	1	1	2	1	0	0	1	1	9	3	4	7	0	16	6	3	3	27	12	3	0.98	0.40
0	-3	-3	-3	-2	-2	-2	-3	0	0	1	-3	0	3	0	-1	0	5	3	1	7	1	1	1	0	1	2	1	2	4	15	1	2	13	6	4	5	10	14	12	0.33	0.21
-1	1	5	0	-3	-1	0	-2	-1	0	-2	0	-2	-3	2	-1	0	0	-3	-1	4	6	34	3	0	1	5	1	1	7	3	6	0	1	12	3	4	1	1	5	0.39	0.25
-1	-2	-2	1	-3	-1	0	-1	2	-1	-2	-2	0	-2	5	1	0	-3	1	-2	4	1	1	10	0	3	6	4	5	4	3	1	3	1	32	10	4	0	7	2	0.50	0.27
0	-1	0	0	-2	0	0	0	1	-1	-1	0	0	-2	3	0	0	-2	0	-1	6	2	5	6	0	4	5	9	3	5	4	7	2	1	15	8	8	0	4	5	0.14	0.09
-1	0	-1	1	-3	3	1	-1	-1	-1	-1	1	-1	-3	1	1	0	1	-2	-1	3	4	1	8	0	20	9	3	1	3	8	7	0	1	8	11	6	2	1	4	0.19	0.16
-1	-1	0	-1	-3	-1	2	0	-2	-1	0	3	-2	-2	2	0	0	-3	-2	-1	4	1	3	2	0	1	15	6	0	3	9	28	0	2	9	7	6	0	0	3	0.24	0.21
0	0	1	1	-3	0	2	0	-1	-3	-1	1	0	-3	2	0	-1	-3	-1	-2	5	3	9	8	0	2	21	8	0	1	6	10	2	1	11	6	2	0	2	1	0.23	0.16
0	-2	0	3	-3	0	4	-1	0	-2	-2	0	-3	-3	1	0	-2	-3	-3	-1	6	1	2	18	0	4	32	5	2	2	4	4	0	1	7	6	1	0	0	5	0.40	0.26
-2	-1	0	3	-4	0	5	0	-2	-2	-2	0	-3	-1	0	-2	-2	-4	-3	-2	2	3	5	20	0	2	41	6	0	2	4	4	0	3	4	1	1	0	0	3	0.59	0.36
-1	-1	-1	2	-3	1	4	0	-2	-3	-1	1	-1	-3	1	-1	-2	-3	-1	-1	4	2	2	12	0	4	31	9	0	1	7	8	1	0	7	2	1	0	2	5	0.32	0.24
-2	1	0	2	-4	2	3	0	-2	-3	-1	2	-1	-2	0	-1	-2	-3	-3	-3	2	6	4	12	0	11	26	8	0	1	6	12	1	2	4	3	1	0	0	1	0.34	0.25
1	-2	1	2	-4	0	4	0	-2	-2	-2	0	-2	-4	0	-1	-2	-4	-3	-3	11	0	6	13	0	4	40	7	0	2	3	5	1	0	4	2	0	0	0	1	0.54	0.35
0	0	1	2	-3	1	4	0	-2	-1	-1	1	-1	-1	-3	-1	-2	-4	-3	-2	9	3	5	14	0	4	30	6	0	5	5	8	2	3	0	3	0	0	0	2	0.30	0.24
0	-1	0	1	-3	1	4	0	-2	-2	-1	1	0	-2	0	-1	-2	-3	-1	-1	8	2	4	6	0	6	33	6	0	2	7	7	3	1	4	3	0	0	3	3	0.28	0.24
-2	-1	1	4	-4	0	4	-1	-2	-3	-2	0	-1	-1	-1	-1	-2	0	-3	-2	3	2	5	23	0	4	36	5	0	1	3	5	2	3	2	2	2	2	0	2	0.57	0.34
0	0	0	2	-4	1	4	-1	-2	-2	-4	1	-3	-4	1	0	-2	-4	-3	-2	7	5	3	14	0	7	32	5	0	2	1	8	0	0	7	4	1	0	0	2	0.44	0.29
0	-1	1	1	-4	0	5	-1	-2	-2	-2	1	-3	-2	0	-1	-2	-4	-1	-3	9	2	6	6	0	3	45	5	0	2	3	8	0	2	4	2	0	0	2	1	0.55	0.36
0	1	-1	2	-3	0	3	0	-2	-1	-2	2	-1	-1	0	0	-1	-3	0	-1	5	7	0	12	0	1	21	6	0	5	4	15	1	3	3	5	3	0	3	4	0.18	0.17
0	-2	1	3	-4	1	4	0	-2	-3	-2	-1	-1	-2	0	-2	-1	0	-2	-3	9	0	6	15	0	8	33	8	0	0	5	1	2	2	5	0	2	1	1	1	0.41	0.31
-1	0	0	-1	0	0	3	-1	2	-2	0	0	1	-1	0	-1	-2	-3	-2	-2	6	4	5	2	2	3	31	4	6	2	11	6	5	3	4	3	0	0	0	1	0.24	0.23
1	0	-2	0	-3	0	1	-1	-2	-1	-1	1	0	0	1	0	0	3	0	0	12	5	0	7	0	4	10	3	0	3	5	13	3	4	8	5	5	5	3	6	0.10	0.12
0	0	0	3	-3	1	2	-1	1	-1	-1	1	1	-3	1	0	0	-4	-3	-2	7	4	4	17	0	5	16	4	4	4	6	8	4	0	6	6	6	0	0	0	0.21	0.20
-1	1	-1	-1	-3	0	3	-2	1	-1	-1	1	0	1	2	-2	-1	0	1	-2	4	10	2	2	0	3	27	2	4	4	4	8	3	6	10	0	2	1	6	2	0.25	0.19
-1	-2	-2	-1	-2	-2	0	-3	-3	3	1	-2	2	0	2	-1	0	-3	-2	2	3	1	2	4	0	1	6	1	0	23	11	1	9	5	10	3	5	0	0	15	0.24	0.17
-1	-2	1	2	-4	3	4	-3	2	-3	-2	1	-2	-2	-3	-1	-1	-4	-3	-2	5	0	7	11	0	13	37	1	6	1	3	6	1	2	0	2	2	0	0	3	0.53	0.30
-2	1	-1	-2	-3	3	2	-2	-2	-3	0	1	0	-3	4	-1	0	-3	-3	-1	2	7	2	1	0	16	13	3	0	0	10	8	2	0	24	2	5	0	0	4	0.43	0.25
-2	1	0	2	-4	-1	5	-3	1	-2	-2	0	-3	-3	-1	-1	-2	-3	0	-3	2	6	5	12	0	1	48	1	3	3	4	3	0	0	3	2	1	0	3	1	0.65	0.34
-1	-1	0	1	-2	-1	0	-2	0	1	-1	-1	-1	-1	3	-1	1	-3	-1	1	3	4	5	11	0	1	5	1	2	13	3	3	1	2	17	3	8	0	2	14	0.20	0.14
0	-1	0	-1	-3	-2	-1	4	-1	-1	-2	-1	-2	0	0	0	-1	-3	-1	-2	7	2	3	3	0	0	4	44	1	4	3	4	0	4	5	8	3	0	2	2	0.42	0.22
0	-1	-3	-3	-3	-2	-1	-3	0	-1	1	1	1	-2	5	-2	-1	-4	-3	0	9	2	0	1	0	0	4	1	3	3	13	9	3	1	39	2	2	0	0	7	0.67	0.30
-1	-2	-1	3	-4	-2	2	-4	0	-1	-3	0	-4	-4	6	-1	-2	-5	-4	-3	3	1	2	16	0	1	12	0	2	5	2	6	0	0	43	3	1	0	0	1	0.94	0.40
-1	-2	-4	-4	0	-3	-4	-4	-4	4	3	-1	1	2	0	-3	-1	-3	-2	0	4	2	0	0	2	0	0	0	0	26	37	5	2	11	4	0	3	0	0	3	0.49	0.28
-2	-4	-3	-3	-1	-4	-4	-2	-4	-1	5	-4	0	3	-5	-1	-1	-3	-2	-2	3	0	1	1	1	0	0	3	0	1	66	0	1	14	0	4	3	0	0	0	0.87	0.44
0	2	-2	1	0	0	1	-1	-3	-2	-2	1	-2	-4	-3	1	4	-4	-3	-2	5	14	0	8	2	3	8	4	0	2	3	10	1	0	0	9	31	0	0	0	0.36	0.28
-1	-2	2	-1	-4	-2	0	-1	-3	-3	-4	-1	-4	-5	6	2	0	-5	-4	-2	4	2	10	3	0	1	7	3	0	2	0	3	0	0	41	16	6	0	0	2	0.87	0.40
0	-4	-3	-4	2	-4	-3	-4	-4	4	3	-3	-1	-1	-4	-2	-2	-4	-2	1	8	0	1	0	4	0	2	0	0	35	35	1	0	1	0	2	1	0	1	6	0.63	0.34
1	-2	1	1	-3	0	1	0	-1	-4	-4	0	-3	-4	-1	4	0	2	-3	-2	9	1	7	6	0	3	8	7	1	0	0	4	0	0	2	43	2	3	0	2	0.48	0.32
-1	-1	2	1	-4	2	5	-1	0	-4	-2	0	-3	-4	-3	1	0	-4	-3	-4	4	2	10	5	0	7	43	4	2	0	3	3	0	0	0	9	6	0	0	0	0.60	0.34
-4	-4	0	7	-6	0	-1	-1	-4	-5	-6	-3	-5	-6	-1	-2	-4	-6	-5	-5	0	0	2	78	0	4	2	5	0	0	0	0	0	0	4	2	0	0	0	0	1.80	0.66
3	-1	-2	-1	-2	0	1	-1	-2	-1	0	1	0	-3	-1	0	0	-3	-2	1	30	1	1	3	0	3	12	3	0	3	7	11	3	0	2	4	4	0	1	10	0.18	0.17
-1	-1	0	0	-4	0	3	-1	-2	-2	-3	2	-3	-3	4	0	-1	-3	1	-3	2	2	4	4	0	2	25	6	0	3	1	14	0	0	22	7	3	0	5	1	0.46	0.26
-2	-1	1	-2	-2	-1	-1	-3	-1	2	1	1	3	0	0	-1	0	-3	-2	1	1	2	9	1	0	3	3	1	1	19	13	9	12	3	6	3	5	0	0	10	0.17	0.16
-1	0	0	2	1	2	2	2	-1	-3	-2	0	0	0	-1	0	-1	-3	-1	-2	5	4	3	12	3	14	17	16	1	1	1	3	3	6	3	4	1	0	1	1	0.22	0.17
-1	-2	2	1	0	0	2	2	3	-2	-3	0	-2	-3	0	1	-1	-3	-2	-1	3	1	14	6	2	3	16	15	8	1	1	4	0	0	4	14	2	0	0	4	0.27	0.18
0	-1	-1	-1	-2	0	-1	-1	-1	1	1	-1	3	1	-1	0	1	1	1	0	6	2	2	2	0	4	4	3	1	11	13	2	12	7	2	7	9	2	5	6	0.07	0.08
0	-2	-1	-2	-3	-1	-1	-1	-3	-1	-3	0	-3	-3	5	2	0	-4	-2	-1	6	1	3	1	0	2	2	3	0	3	2	5	0	1	38	23	3	0	2	5	0.73	0.31
2	-3	1	-1	2	-1	-2	-3	-3	-4	-4	0	-3	-4	5	1	-1	2	-3	-3	25	0	8	2	6	2	0	1	0	0	1	5	0	0	30	11	3	4	0	0	0.68	0.33
-4	-6	-7	-8	-2	-6	-4	-6	-6	-7	-6	-1	-5	-3	-7	-6	-6	12	-2	-7	2	0	0	0	1	0	1	0	0	0	0	5	0	0	0	0	0	91	0	0	4.29	1.17
0	0	0	-3	-3	-1	-2	-2	-3	0	-1	2	-2	1	-2	2	3	-3	0	-2	6	3	3	0	0	1	0	2	0	5	5	19	0	6	1	20	24	0	4	1	0.30	0.26
1	-3	-3	-1	-1	-3	-3	-2	-3	2	0	-2	0	3	0	0	1	0	-1	2	13	0	0	5	1	0	0	1	0	12	9	2	2	15	5	6	9	1	0	21	0.20	0.18
-1	5	-2	-3	2	1	0	-4	-1	-2	-1	2	-2	-3	-4	-1	-3	-4	-1	0	5	40	0	0	5	7	5	0	1	2	5	16	1	1	0	3	0	0	2	7	0.59	0.33
-1	-2	-3	-3	-1	-1	-1	-2	-1	1	3	-1	0	1	-1	0	1	-3	0	1	4	0	0	0	1	2	5	2	1	10	34	5	1	5	2	7	10	0	3	7	0.17	0.16
0	-3	-2	0	3	0	0	-3	0	-3	-3	-2	-3	0	0	4	2	-3	2	0	5	0	0	5	7	5	5	0	2	0	0	0	0	5	3	35	12	0	7	6	0.37	0.29
0	-2	3	-2	1	-2	-2	3	1	-4	-4	-2	0	-4	-3	3	0	-4	-3	-3	7	1	16	0	4	0	0	23	3	0	0	2	4	0	1	33	5	0	0	0	0.57	0.34
0	1	2	2	-3	0	1	1	0	-2	-3	1	-2	-3	-1	1	1	-4	-1	-1	6	7	12	16	0	2	7	10	2	2	0	7	0	0	2	12	9	0	2	3	0.23	0.15
-1	-2	-1	-3	0	1	-1	-2	2	0	3	-1	-1	-1	0	0	0	-3	0	0	3	0	3	0	2	9	4	2	5	3	37	3	0	1	4	8	5	0	4	7	0.18	0.19
0	-2	-1	-1	1	1	-1	-2	0	1	1	0	0	-2	-1	1	2	-3	-2	1	5	0	1	3	4	8	2	2	2	10	15	6	1	1	2	13	14	0	0	9	0.10	0.13
-1	-2	1	0	-3	1	-1	-2	-3	-3	-2	0	-3	-2	5	1	-1	-4	-3	-1	4	1	7	6	0	8	1	3	0	1	4	5	0	1	38	12	3	0	0	6	0.66	0.29
0	1	2	0	-3	3	1	-1	2	-2	-3	2	-1	-3	1	1	0	-3	-2	-3	5	6	9	5	0	18	6	4	6	2	1	12	1	0	6	10	7	0	0	1	0.27	0.18
-2	0	0	-3	-3	-2	-2	-2	4	-2	-1	0	-2	2	-2	-2	-2	-1	7	-2	3	5	4	1	0	1	2	2	11	2	7	6	0	5	2	3	2	0	43	2	0.75	0.35
3	1	1	0	-3	1	0	1	-2	-3	-3	0	-2	-3	1	2	-1	-3	-3	-2	27	7	5	4	0	9	7	12	0	0	1	3	0	0	6	15	3	0	0	1	0.30	0.20
-1	-3	-3	-4	3	-2	-3	-4	-3	3	0	-3	1	-1	1	-2	1	-3	0	4	4	0	0	0	7	1	0	1	0	19	5	0	3	2	7	1	8	0	3	36	0.46	0.26
3	-3	-2	-3	-1	-3	-3	-2	-3	2	0	-3	-1	-2	1	-1	0	-3	0	3	34	0	2	0	1	0	0	2	0	11	5	0	0	0	7	2	4	0	3	27	0.42	0.27
0	-3	-4	-4	1	-3	-4	-1	-4	2	0	-3	0	1	0	-2	-1	2	-2	4	6	1	0	0	4	0	0	5	0	14	5	0	2	5	4	3	2	3	0	44	0.47	0.28
0	-3	-4	-4	-1	-2	-3	-4	-4	3	3	-3	2	0	-3	-1	-2	-3	-2	3	6	0	0	0	1	1	0	0	0	15	34	0	6	3	0	6	0	0	0	25	0.50	0.26
-3	6	-2	-3	-5	3	-1	-4	0	-4	-4	3	1	-4	0	0	-3	-4	1	-4	0	46	0	0	0	12	3	0	1	0	0	16	4	0	4	7	0	0	5	0	0.88	0.41
0	-3	3	-2	-4	-3	-3	0	-3	-5	-5	-1	-4	-5	-3	6	-2	-5	-4	-4	4	0	17	0	0	0	0	5	0	0	0	4	0	0	0	67	0	0	0	0	1.16	0.55
-2	0	4	-2	-1	-2	-3	-3	2	-1	3	-1	-1	0	-4	-1	-2	-3	-1	-2	2	5	31	0	1	0	0	1	6	3	32	4	1	5	0	4	1	0	2	0	0.45	0.30
-2	2	-3	-3	-3	0	-2	-1	-3	1	3	-1	1	-1	-3	-2	1	-3	-1	2	1	16	0	0	0	5	2	4	0	9	30	1	4	1	0	0	10	0	2	14	0.28	0.21
-2	-5	-6	-6	-5	-5	-1	-5	-5	-5	-5	-5	-5	1	-6	-5	-5	12	-2	-5	4	0	0	0	0	0	5	0	0	0	0	0	0	5	0	0	0	81	0	0	3.64	0.98
-3	-4	-2	-4	-5	-1	-4	-1	-4	-4	-2	-3	-4	-5	7	-1	-3	-5	0	-3	0	0	2	0	0	3	0	5	0	0	4	0	0	0	72	5	0	0	4	2	1.83	0.62
-2	-4	-3	-4	-5	-4	-4	7	-4	-5	-2	-4	-4	-5	-4	-1	-4	-5	-5	-1	0	0	0	0	0	0	0	83	0	0	4	0	0	0	0	4	0	0	0	5	1.71	0.59
5	-3	-3	0	-3	-3	-3	-1	1	-3	-2	-3	0	-1	-3	1	-2	-4	-2	-2	65	0	0	5	0	0	0	3	4	0	4	0	2	2	0	9	0	0	1	0	0.83	0.43
-1	-3	-3	-4	-1	0	-3	-4	4	0	-2	-3	-2	4	-4	-3	-2	3	6	2	4	0	0	0	1	5	0	0	10	4	2	0	0	17	0	0	1	4	31	17	0.79	0.37
3	-3	0	-3	3	-2	-1	-1	2	-1	-2	-2	1	-3	-3	0	3	-4	-3	-1	27	0	4	0	8	0	3	3	7	2	3	0	5	0	0	3	28	0	0	4	0.43	0.32
-1	-1	-4	-4	-3	-3	-3	-2	0	1	1	-3	-1	4	-4	-3	-2	-2	3	3	5	4	0	0	0	0	0	3	3	8	10	0	0	21	0	1	0	0	11	31	0.50	0.30
3	-2	-2	-2	3	-1	0	-1	-2	-1	-2	-1	-2	-1	0	1	0	-3	2	0	30	0	0	0	8	2	7	4	0	3	3	2	0	2	4	14	3	0	10	6	0.27	0.24
-1	0	2	1	0	0	-1	0	2	-1	-1	-1	0	1	0	0	0	1	0	-1	4	7	15	8	2	3	2	5	6	3	3	2	4	8	5	7	7	2	3	4	0.08	0.10
0	-2	2	0	-3	0	1	4	0	-4	-4	-2	-3	-4	-1	0	1	-4	-3	-2	5	0	10	5	0	4	11	35	3	0	1	0	0	0	3	7	12	0	0	3	0.46	0.28
-1	3	0	-1	-1	1	-1	0	0	-1	-2	4	-1	-4	-2	1	-1	-4	-1	-3	3	14	5	2	1	6	2	6	3	3	3	31	2	0	2	10	4	0	2	0	0.37	0.26
-2	2	-1	-1	-4	1	-1	-1	1	0	-2	4	-1	-1	-3	0	0	-4	-1	0	2	12	2	4	0	8	2	4	3	7	2	30	1	3	0	6	7	0	2	6	0.30	0.25
-4	-5	-5	-5	2	-5	-5	-5	1	-1	-2	-5	0	7	-5	-1	-4	5	4	-2	0	0	0	0	4	0	0	0	3	3	3	0	3	51	0	5	0	9	15	3	1.47	0.59
0	-2	0	1	2	0	2	1	-1	-1	-2	-1	-1	-1	-3	1	0	-4	0	0	8	0	3	7	5	5	19	13	1	2	2	2	1	3	0	9	6	0	3	7	0.17	0.17
-2	-4	6	-3	3	-1	-4	-2	-3	-5	-3	-4	2	-2	-5	2	-1	-5	3	-5	2	0	45	0	7	2	0	3	0	0	3	0	5	1	0	17	3	0	12	0	1.07	0.58
-1	-5	-5	-5	2	-4	-5	-5	-5	4	1	-4	3	3	-5	-4	1	-4	-3	3	4	0	0	0	5	0	0	0	0	31	8	0	10	12	0	0	9	0	0	20	0.74	0.39
-6	-6	-6	-7	-6	-5	-6	-7	-2	-5	-5	-6	-5	-1	-7	-6	-6	-2	10	-5	0	0	0	0	0	0	0	0	0	0	0	0	0	0	0	0	0	0	100	0	3.43	1.02
-3	-5	-5	-5	2	-4	-5	-5	2	5	0	-4	1	2	-5	-3	-3	-4	0	3	0	0	0	0	4	0	0	0	6	46	7	0	3	10	0	1	0	0	4	18	0.86	0.38
-3	-5	-3	-4	-6	-5	-5	7	-5	-7	-7	-5	-6	-6	-5	-3	-5	-6	-6	-6	0	0	0	0	0	0	0	100	0	0	0	0	0	0	0	0	0	0	0	0	2.46	0.67
-4	-4	2	1	-5	-2	-4	-5	-1	-5	-4	-4	-4	0	-5	-2	1	10	5	-5	0	0	11	8	0	1	0	0	1	0	0	0	0	3	0	3	9	43	22	0	1.82	0.55
-2	-5	-3	-2	-5	-5	-5	7	-5	-7	-7	-4	-6	-6	-5	-3	-4	-6	-6	-6	2	0	0	2	0	0	0	95	0	0	0	0	0	0	0	0	0	0	0	0	2.24	0.63
-3	-1	-1	-3	-2	1	-1	-4	6	2	2	-3	2	1	-4	-3	-2	-3	0	0	0	2	2	0	1	6	4	0	28	13	21	0	7	6	0	0	2	0	1	5	0.54	0.27
-2	0	-2	-3	-6	1	-2	-4	-3	-5	-5	7	-4	-5	-4	-3	-3	-5	-1	-5	2	2	1	0	0	4	0	0	0	0	0	88	0	0	0	0	0	0	2	0	1.82	0.60
0	-1	3	-2	-3	0	-1	-3	1	-3	-2	0	-1	2	-3	0	0	3	5	-3	9	2	16	2	0	5	2	0	2	0	1	5	1	9	0	6	5	5	28	0	0.49	0.25
0	-2	1	0	0	1	0	1	0	-1	0	-1	0	-3	-2	2	1	-3	-1	-1	5	0	9	4	2	10	4	11	2	2	9	2	4	0	0	19	12	0	2	4	0.15	0.14
1	-1	-1	2	-3	2	-1	2	0	-3	-3	0	-2	-4	3	0	-1	-4	-2	-1	13	2	1	13	0	11	0	17	2	0	2	4	1	0	17	7	2	0	2	5	0.35	0.20
0	0	0	1	-3	0	1	0	1	-1	0	-1	0	0	0	-1	-1	-2	0	-1	8	6	5	11	0	5	14	8	4	4	9	0	2	6	5	2	4	0	3	5	0.06	0.07
0	-2	4	-2	-1	-2	-2	0	1	-3	-1	-2	-1	-2	3	2	0	-4	0	-3	6	1	30	0	1	0	0	8	3	0	6	0	2	1	17	15	4	0	3	1	0.50	0.27
-5	-2	-5	-6	-5	-5	-2	-6	0	1	-2	-5	0	7	-6	-5	-4	-2	6	-3	0	2	0	0	0	0	2	0	1	7	2	0	2	51	0	0	0	0	31	0	1.67	0.55
0	-1	2	-2	-3	1	-1	-2	0	-1	-1	-2	0	0	0	2	2	1	0	0	5	2	11	0	0	8	3	1	3	4	4	0	2	4	4	16	19	2	4	9	0.17	0.16
0	-4	-4	-4	-5	-4	-4	-4	-1	-3	-3	-4	-4	0	8	-3	-2	-5	-4	-4	7	0	0	0	0	0	0	1	2	2	2	0	0	5	75	1	2	0	0	0	2.03	0.59
0	-2	-1	-2	0	1	-1	-2	-3	-1	-1	0	0	-3	5	-1	0	-4	0	1	8	0	2	1	2	7	3	3	0	3	5	6	3	0	28	3	7	0	4	13	0.39	0.21
-1	-1	-3	-2	-3	3	0	-1	2	0	2	-2	-1	-1	1	-1	-2	0	-2	0	5	3	0	2	0	16	7	4	7	3	29	0	1	2	8	3	0	1	0	8	0.23	0.19
-1	-5	-2	-5	-5	-4	-4	-5	-5	-3	0	-4	1	-5	7	-4	-3	-6	-1	-1	5	0	2	0	0	0	0	0	0	1	12	0	3	0	70	0	1	0	2	4	1.84	0.59
0	-2	0	1	-5	0	-1	0	-4	-4	-1	-1	-4	-5	6	-1	-3	-5	-5	-2	8	1	4	7	0	4	4	7	0	0	6	3	0	0	52	2	0	0	0	3	1.06	0.39
0	0	0	2	-4	-1	0	-3	-3	-2	-2	2	0	-4	5	0	-2	-5	-4	-2	8	4	3	11	0	2	4	0	0	2	3	17	3	0	35	6	1	0	0	2	0.67	0.29
-1	-4	-4	-5	1	-2	-4	-2	-5	4	0	-4	3	-2	1	-3	-2	-4	-3	4	5	0	0	0	4	1	0	4	0	25	4	0	7	1	7	0	1	0	0	41	0.67	0.32
-2	-1	-3	-3	0	6	0	-2	-1	-3	0	-2	3	0	-4	-3	-3	-3	2	-2	2	1	0	0	2	52	5	3	1	0	11	0	7	4	0	0	0	0	8	1	0.90	0.44
0	0	1	1	-3	3	2	-2	-1	-3	-1	1	-1	-3	1	1	-1	-4	-3	-1	6	4	5	10	0	17	18	2	1	0	5	7	1	0	7	10	2	0	0	4	0.27	0.16
-3	-2	-2	2	-5	1	6	-2	-3	-4	-2	-2	1	-4	-3	-2	-1	-4	-4	-4	1	0	0	9	0	5	66	3	0	0	5	0	3	0	0	1	3	0	0	0	1.15	0.45
-3	-1	-3	-4	-4	0	-3	-4	0	-3	-3	-2	-2	4	2	-3	-3	2	7	0	1	4	1	1	0	4	1	1	1	1	1	2	0	18	12	1	1	3	43	6	1.00	0.37
0	-2	-2	-1	-3	0	2	-2	-3	-2	-3	1	-3	-4	6	0	-1	-4	-3	-1	6	1	1	2	0	3	14	3	0	2	1	9	0	0	40	6	3	0	0	6	0.76	0.27
0	-2	0	3	-3	-1	1	-2	2	0	-2	-2	-1	-1	0	3	-1	-3	-2	-2	5	1	3	23	0	0	10	2	5	6	2	1	1	2	5	29	2	0	0	2	0.34	0.21
0	0	-1	0	1	-1	-1	4	-3	-1	0	-1	-2	-3	0	-1	0	-3	-3	-1	5	6	3	4	3	1	2	40	0	3	12	2	0	0	5	2	7	0	0	3	0.35	0.19
0	-3	-3	0	-3	-2	0	-2	-3	0	-1	-2	-1	-3	6	1	-2	-4	-2	0	8	0	0	6	0	0	6	2	0	5	6	0	2	0	42	10	1	0	2	9	0.76	0.30
-3	-2	-1	2	-5	0	6	0	0	-5	-4	0	-4	-5	0	-2	-2	-4	-4	-4	1	0	2	12	0	1	62	7	2	0	1	3	0	0	5	0	2	0	0	0	1.04	0.42
-2	-3	-4	-4	-3	0	-3	-4	-3	4	1	-3	2	2	0	-3	-1	-3	-1	2	1	0	0	0	0	7	0	1	0	40	13	0	7	10	5	0	2	0	2	11	0.52	0.25
-1	-2	-1	-1	0	-2	-1	-3	-3	2	0	-2	3	-2	2	1	3	-3	-3	0	4	1	2	4	2	0	2	0	0	12	5	1	13	1	11	8	29	0	0	4	0.34	0.23
-4	-3	-3	0	-1	0	7	-3	-3	-6	-3	-2	-5	-6	-4	-3	-4	-6	-5	-5	0	0	0	2	1	2	89	2	0	0	3	0	0	0	0	0	0	0	0	0	1.88	0.65
1	-2	-2	-3	1	3	0	-1	-2	0	-1	-1	4	-3	1	-1	0	-3	-3	1	12	1	0	0	3	21	4	5	0	6	2	2	19	0	6	4	5	0	0	10	0.29	0.22
-1	0	2	4	-3	0	0	-1	-2	-1	-1	-1	-2	-3	0	0	0	-4	-3	-1	4	7	12	28	0	3	4	5	0	4	9	1	0	0	3	8	7	0	0	5	0.25	0.15
-4	-4	-1	7	-5	-2	1	-4	-3	-5	-5	-3	-5	-1	-4	-3	-3	-5	-4	-5	1	0	0	84	0	0	8	1	0	0	1	0	0	3	0	0	0	0	0	0	1.88	0.55
-2	-5	-5	-5	0	-4	-4	-3	-5	-6	-6	-2	-5	-7	8	-4	-4	-7	-6	-5	2	0	0	0	2	0	0	2	0	0	0	3	0	0	92	0	0	0	0	0	2.75	0.71
-2	-3	1	-3	-3	-1	-3	0	-3	-3	-4	-1	-3	-4	0	2	6	-5	-4	-1	0	0	5	0	0	2	0	6	0	0	0	2	0	0	4	15	62	0	0	4	0.93	0.41
0	-2	-2	-4	-3	-3	-3	-2	-4	1	0	-3	-2	0	5	-3	-2	-4	-3	3	8	2	2	0	0	0	0	3	0	5	10	0	0	4	31	0	1	0	0	34	0.67	0.28
0	0	0	2	-4	2	5	-3	-2	-2	-3	0	-3	-4	-1	-2	-1	-4	-3	-3	7	3	3	9	0	7	54	0	0	3	2	5	0	0	2	0	2	0	0	0	0.73	0.30
-3	-2	-2	3	-5	1	6	-4	-2	-2	-4	-2	-4	-4	0	-2	-1	2	-4	-2	0	0	0	20	0	4	60	0	0	3	0	0	0	0	4	0	3	3	0	2	1.02	0.38
-2	-2	-2	1	-5	-1	6	-4	-2	-4	-4	-2	0	-4	-3	-2	-3	-4	0	-1	3	0	0	5	0	0	78	0	0	0	0	0	3	0	0	0	0	0	3	5	1.29	0.44
0	0	-1	-1	-3	4	3	-2	-1	-2	0	2	-1	-3	-2	-1	-1	-3	-2	-2	7	2	2	1	0	27	22	2	0	2	13	14	0	0	0	2	3	0	0	2	0.38	0.20
4	0	-2	-1	-2	1	2	-2	-2	-2	-1	0	-2	-3	-2	-1	-1	-3	-3	-1	50	5	0	2	0	5	20	1	0	1	6	3	0	0	1	1	1	0	0	2	0.45	0.23
-2	-3	-3	-4	1	-3	-3	-3	-1	0	2	-3	1	4	-3	-3	-2	3	5	0	1	1	0	1	4	0	1	1	0	1	25	1	3	20	1	1	1	5	26	8	0.59	0.21
-2	5	-1	-2	-3	0	1	-2	0	-2	0	3	-2	-3	-2	-1	-2	-3	-2	-2	1	39	1	1	0	2	8	1	2	1	11	27	0	1	1	1	1	0	1	1	0.54	0.19
3	1	-1	-1	-2	0	1	-1	-2	1	-1	0	-1	-2	-2	0	-1	-3	-2	0	40	8	2	1	0	4	14	1	0	9	1	5	1	1	1	1	2	0	1	7	0.22	0.13
4	0	-2	-1	-2	-1	-1	1	-2	-2	-2	0	-2	-2	0	0	-1	1	-2	-1	50	5	1	3	0	1	1	12	0	1	3	7	0	1	5	3	2	2	1	2	0.32	0.14
-2	1	-1	-2	-3	4	1	-3	3	-1	1	0	0	-2	0	-1	-1	-3	-2	0	1	6	1	1	0	34	7	1	10	1	16	4	1	0	4	3	1	0	0	9	0.33	0.16
-1	-1	-1	1	-3	2	5	-2	-1	-1	-3	0	-2	-3	2	-1	-2	-3	-2	-2	3	2	1	5	0	9	58	1	0	4	1	1	0	1	9	1	1	0	0	1	0.65	0.18
1	0	-1	2	-2	1	2	-2	-1	-1	-2	0	-2	-3	2	0	-1	-3	-2	-1	17	4	1	12	0	8	19	1	1	4	1	6	0	1	13	4	1	0	0	5	0.25	0.08
2	-1	-2	-2	-2	0	0	-2	-1	0	-1	1	-1	-2	3	0	0	-3	-2	1	29	1	1	1	0	2	8	1	2	6	1	11	0	0	14	1	5	0	0	16	0.21	0.09
0	-1	-2	-1	-2	0	3	-2	-2	-1	2	-1	0	0	2	-1	-1	-2	-1	0	7	1	1	1	0	4	28	1	0	1	29	1	2	4	10	1	3	0	0	6	0.20	0.09
0	0	-1	-1	-2	0	1	1	-1	0	1	0	1	0	0	-1	-1	-2	0	-1	10	6	0	2	0	5	12	11	0	6	21	4	6	5	5	0	2	0	3	0	0.05	0.04
3	0	1	1	-2	-1	2	-2	-2	-2	-3	-1	-2	-3	2	0	0	-4	-3	0	38	6	8	8	0	0	15	0	0	0	0	0	0	0	12	2	5	0	0	7	0.31	0.12
3	-2	0	1	-2	0	-1	-2	-2	-3	-3	-1	-2	-4	4	1	1	-4	-3	-2	34	0	5	11	0	3	0	0	0	0	0	0	0	0	28	9	10	0	0	0	0.57	0.15
-1	0	0	3	-3	2	3	-1	-1	-3	-3	3	-2	-4	-2	0	0	-3	-3	-3	0	0	0	18	0	12	28	4	0	0	0	25	0	0	0	7	6	0	0	0	0.46	0.10
-2	-1	2	5	-4	-1	1	-2	-1	-3	-3	1	-3	0	3	-1	-2	-4	-2	-3	0	0	11	49	0	0	7	0	0	0	0	12	0	6	15	0	0	0	0	0	0.64	0.12
-2	-1	0	4	-3	2	3	0	-1	-1	-3	0	-2	-3	-2	-1	0	-4	-3	-2	0	0	0	30	0	15	35	7	0	8	0	0	0	0	0	0	5	0	0	0	0.48	0.10
-1	-1	-1	2	-4	2	5	-3	-1	-2	-3	0	-2	-3	-2	-1	0	-3	-3	-1	0	0	0	10	0	8	65	0	0	0	0	0	0	0	0	0	8	0	0	8	0.64	0.12
0	1	2	4	-3	0	1	-2	-1	-3	-3	1	-2	-3	2	0	0	-4	-3	-3	10	7	9	42	0	0	5	0	0	0	0	9	0	0	9	5	5	0	0	0	0.45	0.07
-1	1	0	2	-3	2	1	2	-1	-3	-3	2	-2	-2	-2	-1	-1	-2	1	-3	0	8	0	16	0	18	5	24	0	0	0	18	0	0	0	0	0	0	10	0	0.33	0.07
2	-1	-1	3	-3	0	4	-2	-1	-3	-2	0	1	-3	-2	0	-1	-3	-3	-2	25	0	0	19	0	0	48	0	0	0	0	0	8	0	0	0	0	0	0	0	0.48	0.10
-2	-2	3	5	-4	-1	2	2	-1	-4	-4	-1	-3	-4	-2	0	-1	-4	-3	-3	0	0	22	52	0	0	10	16	0	0	0	0	0	0	0	0	0	0	0	0	0.70	0.09
-1	-1	0	3	-3	1	4	-2	-1	-3	-3	1	-2	-3	-2	1	1	-3	-3	-2	0	0	0	23	0	0	46	0	0	0	0	11	0	0	0	9	11	0	0	0	0.52	0.07
-2	-1	0	3	-4	1	5	-2	-1	-4	-4	0	-3	-4	2	-1	-1	-4	-3	-3	0	0	0	24	0	0	65	0	0	0	0	0	0	0	11	0	0	0	0	0	0.81	0.11
-2	-1	2	4	-3	0	3	-2	-1	-3	-3	-1	-2	1	-2	0	0	-3	-1	-3	0	0	11	38	0	0	30	0	0	0	0	0	0	11	0	0	10	0	0	0	0.49	0.07
1	-1	-1	1	-2	2	2	1	0	-3	-2	0	-2	-1	-2	1	-1	-2	2	-2	20	0	0	11	0	13	20	12	0	0	0	0	0	0	0	11	0	0	14	0	0.23	0.04
-2	-2	1	6	-4	0	3	-2	-1	-4	-4	-1	-3	-4	-2	-1	-1	-4	-3	-3	0	0	0	82	0	0	18	0	0	0	0	0	0	0	0	0	0	0	0	0	0.97	0.07
-1	0	2	4	-3	3	3	-2	0	-3	-3	0	-2	-3	-2	0	-1	-3	-2	-3	0	0	15	41	0	24	21	0	0	0	0	0	0	0	0	0	0	0	0	0	0.56	0.02
-2	-1	-1	-1	-3	0	2	-3	1	-2	-2	-1	-1	2	-2	-1	-1	1	6	-2	0	0	0	0	0	0	35	0	0	0	0	0	0	0	0	0	0	0	65	0	0.55	0.02
-2	-2	1	6	-4	0	1	-1	-1	-3	-4	-1	-3	-4	-2	0	-1	-4	-3	-3	0	0	0	100	0	0	0	0	0	0	0	0	0	0	0	0	0	0	0	0	0.98	0.02
