-1	-1	-2	-3	-1	0	-2	-3	-2	1	2	-1	5	0	-2	-1	-1	-1	-1	1	0	0	0	0	0	0	0	0	0	0	0	0	100	0	0	0	0	0	0	0	0.33	inf
1	-1	0	-1	-2	-1	-1	4	-1	-3	-3	-1	-2	-3	-1	2	0	-3	-2	-2	0	0	0	0	0	0	0	50	0	0	0	0	0	0	0	50	0	0	0	0	0.52	inf
4	-1	-2	-2	0	-1	-1	0	-2	-1	-1	-1	-1	-2	-1	1	0	-3	-2	0	100	0	0	0	0	0	0	0	0	0	0	0	0	0	0	0	0	0	0	0	0.40	inf
-2	0	6	1	-3	0	0	0	1	-3	-3	0	-2	-3	-2	1	0	-4	-2	-3	0	0	100	0	0	0	0	0	0	0	0	0	0	0	0	0	0	0	0	0	0.72	inf
-1	0	0	1	-4	2	5	-2	0	-3	-3	1	-2	-3	-1	0	-1	-3	-2	-2	0	0	0	0	0	0	100	0	0	0	0	0	0	0	0	0	0	0	0	0	0.77	inf
-1	-1	0	4	-3	0	2	-2	-1	1	-1	-1	-1	-2	-2	-1	-1	-3	-2	0	0	0	0	40	0	0	29	0	0	32	0	0	0	0	0	0	0	0	0	0	0.31	inf
-1	1	0	0	-3	5	2	-2	0	-3	-2	1	-1	-3	-1	0	-1	-2	-1	-2	0	0	0	0	0	100	0	0	0	0	0	0	0	0	0	0	0	0	0	0	0.71	inf
-1	3	-1	0	5	1	3	-2	-1	-2	-2	1	-2	-3	-2	-1	-1	-3	-2	-2	0	29	0	0	32	0	40	0	0	0	0	0	0	0	0	0	0	0	0	0	0.45	inf
-1	-1	4	0	-2	0	-1	-1	0	-1	0	-1	3	-1	-2	0	0	-3	-2	-1	0	0	60	0	0	0	0	0	0	0	0	0	40	0	0	0	0	0	0	0	0.34	inf
-1	0	0	1	-4	2	5	-2	0	-3	-3	1	-2	-3	-1	0	-1	-3	-2	-2	0	0	0	0	0	0	100	0	0	0	0	0	0	0	0	0	0	0	0	0	0.77	inf
-2	-2	-3	-4	-1	-2	-3	-4	-3	1	4	-2	2	0	-3	-2	-1	-2	-1	1	0	0	0	0	0	0	0	0	0	0	100	0	0	0	0	0	0	0	0	0	0.48	inf
-1	0	0	1	-4	2	5	-2	0	-3	-3	1	-2	-3	-1	0	-1	-3	-2	-2	0	0	0	0	0	0	100	0	0	0	0	0	0	0	0	0	0	0	0	0	0.77	inf
4	-1	-2	-2	0	-1	-1	0	-2	-1	-2	-1	-1	-2	-1	1	0	-3	-2	0	100	0	0	0	0	0	0	0	0	0	0	0	0	0	0	0	0	0	0	0	0.43	inf
-1	-2	-3	-3	-1	-2	-3	-4	-3	3	3	-3	2	0	-3	-2	-1	-2	-1	1	0	0	0	0	0	0	0	0	0	32	68	0	0	0	0	0	0	0	0	0	0.40	inf
-1	5	0	0	-3	1	2	-2	0	-3	-2	2	-2	-3	-2	-1	-1	-3	-2	-3	0	71	0	0	0	0	29	0	0	0	0	0	0	0	0	0	0	0	0	0	0.61	inf
1	-1	1	0	-1	0	0	0	-1	-2	-2	0	-2	-2	-1	4	1	-3	-2	-2	0	0	0	0	0	0	0	0	0	0	0	0	0	0	0	100	0	0	0	0	0.48	inf
-1	-3	-3	-3	-1	-3	-3	-4	-3	4	1	-3	1	0	-3	-2	-1	-3	-1	2	0	0	0	0	0	0	0	0	0	100	0	0	0	0	0	0	0	0	0	0	0.42	inf
-2	-2	-2	-3	-2	-2	-2	-3	2	-1	-1	-2	-1	3	-3	-2	-2	2	7	-1	0	0	0	0	0	0	0	0	0	0	0	0	0	0	0	0	0	0	100	0	0.93	inf
-1	-1	-1	0	-3	1	3	-2	-1	-1	0	0	3	-2	4	-1	-1	-3	-2	-1	0	0	0	0	0	0	40	0	0	0	0	0	32	0	29	0	0	0	0	0	0.47	inf
-1	-2	1	4	-3	-1	0	3	-1	-3	-4	-1	-3	-3	-2	0	-1	-3	-3	-3	0	0	0	60	0	0	0	40	0	0	0	0	0	0	0	0	0	0	0	0	0.68	inf
-1	-1	1	5	-2	0	1	-1	-1	-3	-3	-1	-3	-3	-1	2	0	-4	-3	-3	0	0	0	71	0	0	0	0	0	0	0	0	0	0	0	29	0	0	0	0	0.66	inf
-2	-1	-2	-1	-3	0	3	-3	-1	-1	-1	-1	-1	5	-2	-1	-2	0	2	-1	0	0	0	0	0	0	40	0	0	0	0	0	0	60	0	0	0	0	0	0	0.40	inf
0	-1	0	-1	-1	0	-1	-1	-1	-1	-2	-1	-1	-2	-1	3	4	-3	-2	-1	0	0	0	0	0	0	0	0	0	0	0	0	0	0	0	40	60	0	0	0	0.41	inf
-1	-2	-1	3	-2	-2	-1	-2	-2	0	0	-2	0	4	-2	-1	-1	-1	1	1	0	0	0	32	0	0	0	0	0	0	0	0	0	40	0	0	0	0	0	29	0.24	inf
-1	3	-2	-3	-2	-1	-1	-3	-2	0	3	0	1	-1	-3	-2	-1	-2	-1	0	0	40	0	0	0	0	0	0	0	0	60	0	0	0	0	0	0	0	0	0	0.28	inf
0	-1	0	0	-2	1	3	-1	-1	-2	-2	0	-1	-3	-1	2	2	-3	-2	-1	0	0	0	0	0	0	40	0	0	0	0	0	0	0	0	29	32	0	0	0	0.36	inf
-1	0	-1	-1	-2	1	2	-2	-1	0	2	2	0	-1	-2	-1	-1	-2	-2	-1	0	0	0	0	0	0	29	0	0	0	40	32	0	0	0	0	0	0	0	0	0.19	inf
0	3	0	-1	-2	0	0	-1	-1	-3	-2	1	-1	-3	-1	3	1	-3	-2	-2	0	32	0	0	0	0	0	0	0	0	0	0	0	0	0	68	0	0	0	0	0.38	inf
-1	0	-1	-1	-3	0	0	-2	-2	-3	-3	2	-2	-3	6	-1	-1	-3	-3	-2	0	0	0	0	0	0	0	0	0	0	0	32	0	0	68	0	0	0	0	0	1.28	inf
0	-2	-1	-2	-1	-1	-1	-2	-2	1	-1	-1	-1	-2	4	2	0	-3	-2	2	0	0	0	0	0	0	0	0	0	0	0	0	0	0	29	32	0	0	0	40	0.40	inf
1	-1	1	0	-1	0	0	0	-1	-2	-2	0	-2	-2	-1	4	1	-3	-2	-2	0	0	0	0	0	0	0	0	0	0	0	0	0	0	0	100	0	0	0	0	0.48	inf
-2	-3	-3	-4	-2	-3	-3	-3	-1	0	0	-3	0	6	-4	-2	-2	1	3	-1	0	0	0	0	0	0	0	0	0	0	0	0	0	100	0	0	0	0	0	0	0.79	inf
-1	0	0	0	-2	3	3	-2	0	-2	-2	1	-1	-3	-1	0	2	-2	-2	-1	0	0	0	0	0	40	32	0	0	0	0	0	0	0	0	0	29	0	0	0	0.42	inf
-2	-2	-3	-3	-2	-2	-3	-3	0	3	1	-2	0	1	-3	-2	-1	0	4	2	0	0	0	0	0	0	0	0	0	60	0	0	0	0	0	0	0	0	40	0	0.36	inf
-1	3	0	-1	-2	0	-1	-2	-1	-1	-2	1	-1	-2	-1	1	3	-3	-2	-1	0	40	0	0	0	0	0	0	0	0	0	0	0	0	0	0	60	0	0	0	0.38	inf
-1	-3	-3	-3	-1	-2	-3	-4	-3	3	2	-2	1	0	-3	-2	-1	-2	-1	3	0	0	0	0	0	0	0	0	0	40	32	0	0	0	0	0	0	0	0	29	0.34	inf
0	3	0	-1	-3	-1	-1	5	-1	-3	-3	0	-2	-3	-2	0	-1	-3	-3	-3	0	32	0	0	0	0	0	68	0	0	0	0	0	0	0	0	0	0	0	0	0.67	inf
0	0	0	1	-2	1	4	-1	0	-3	-3	0	-2	-3	-1	2	0	-3	-2	-2	0	0	0	0	0	0	68	0	0	0	0	0	0	0	0	32	0	0	0	0	0.52	inf
-2	-1	4	4	-3	0	1	-1	0	-3	-4	0	-3	-3	-2	0	-1	-4	-3	-3	0	0	48	52	0	0	0	0	0	0	0	0	0	0	0	0	0	0	0	0	0.69	inf
-1	0	0	3	-3	0	0	3	-1	-3	-3	2	-2	-3	-2	0	-1	-3	-3	-3	0	0	0	29	0	0	0	40	0	0	0	32	0	0	0	0	0	0	0	0	0.44	inf
-1	-1	0	4	-4	1	4	-2	-1	-3	-3	0	-2	-3	-1	0	-1	-3	-2	-3	0	0	0	40	0	0	60	0	0	0	0	0	0	0	0	0	0	0	0	0	0.69	inf
-1	-2	-1	-1	-2	-1	-1	-2	-2	-2	-2	-1	-2	-3	6	0	2	-3	-3	-2	0	0	0	0	0	0	0	0	0	0	0	0	0	0	71	0	29	0	0	0	1.34	inf
0	0	-2	-2	-2	0	-1	-2	-2	1	0	2	0	-2	-2	-1	0	-3	-1	3	0	0	0	0	0	0	0	0	0	0	0	40	0	0	0	0	0	0	0	60	0.17	inf
2	0	-1	0	-2	3	3	-1	0	-2	-2	0	-1	-3	-1	0	0	-2	-2	-1	40	0	0	0	0	29	32	0	0	0	0	0	0	0	0	0	0	0	0	0	0.35	inf
0	-2	-1	-1	-1	-1	-1	-2	-1	-1	-1	-1	-1	4	-2	2	2	-1	1	-1	0	0	0	0	0	0	0	0	0	0	0	0	0	40	0	32	29	0	0	0	0.25	inf
-1	-2	-1	-2	-1	-1	-2	-2	-2	0	2	-1	1	-1	-2	0	3	-2	-1	0	0	0	0	0	0	0	0	0	0	0	40	0	0	0	0	0	60	0	0	0	0.27	inf
-1	-2	-3	-3	-1	-2	-3	-4	-3	3	3	-3	2	0	-3	-2	-1	-2	-1	2	0	0	0	0	0	0	0	0	0	40	60	0	0	0	0	0	0	0	0	0	0.39	inf
-1	1	0	0	-3	1	3	-2	5	-3	-3	2	-2	-2	-1	0	-1	-3	0	-3	0	0	0	0	0	0	40	0	32	0	0	29	0	0	0	0	0	0	0	0	0.46	inf
-2	-3	-3	-3	-2	-3	-3	-3	-2	2	1	-3	0	5	-3	-2	-2	0	2	1	0	0	0	0	0	0	0	0	0	40	0	0	0	60	0	0	0	0	0	0	0.45	inf
2	-1	0	-1	-1	0	-1	0	-1	-1	-2	-1	-1	-2	-1	3	2	-3	-2	-1	32	0	0	0	0	0	0	0	0	0	0	0	0	0	0	40	29	0	0	0	0.33	inf
-2	-2	-3	-4	-2	-1	-2	-3	0	-1	0	-2	3	1	-3	-2	-2	8	4	-1	0	0	0	0	0	0	0	0	0	0	0	0	32	0	0	0	0	40	29	0	0.89	inf
0	-1	0	-1	-1	-1	-1	-1	-1	-1	-2	-1	-1	-2	-1	2	4	-3	-2	0	0	0	0	0	0	0	0	0	0	0	0	0	0	0	0	29	71	0	0	0	0.42	inf
-1	-1	-1	1	-3	1	4	-2	-1	-3	-3	0	-2	-3	4	0	-1	-3	-2	-2	0	0	0	0	0	0	68	0	0	0	0	0	0	0	32	0	0	0	0	0	0.81	inf
-1	0	-1	-1	-2	0	-1	-2	-1	0	0	2	3	-1	-1	0	3	-2	-1	0	0	0	0	0	0	0	0	0	0	0	0	29	32	0	0	0	40	0	0	0	0.19	inf
-2	-2	-2	-3	-2	-2	-2	-3	2	-1	-1	-2	-1	3	-3	-2	-2	2	7	-1	0	0	0	0	0	0	0	0	0	0	0	0	0	0	0	0	0	0	100	0	0.93	inf
-1	-2	-2	-2	-3	-1	-1	-2	-2	-3	-3	-1	-3	-4	7	-1	-1	-4	-3	-2	0	0	0	0	0	0	0	0	0	0	0	0	0	0	100	0	0	0	0	0	2.08	inf
-1	0	0	3	-3	3	1	-2	1	-2	-2	0	-1	0	-2	-1	-1	0	4	-2	0	0	0	29	0	40	0	0	0	0	0	0	0	0	0	0	0	0	32	0	0.39	inf
0	-1	0	0	-1	0	2	-2	-1	-1	-2	0	-1	-2	-1	1	4	-3	-2	-1	0	0	0	0	0	0	29	0	0	0	0	0	0	0	0	0	71	0	0	0	0.39	inf
2	-2	-1	-1	-1	-1	-1	-1	-2	-2	-2	-1	-1	-3	5	1	2	-3	-2	-1	32	0	0	0	0	0	0	0	0	0	0	0	0	0	40	0	29	0	0	0	0.67	inf
-1	-2	-2	-2	-3	-1	-1	-2	-2	-3	-3	-1	-3	-4	7	-1	-1	-4	-3	-2	0	0	0	0	0	0	0	0	0	0	0	0	0	0	100	0	0	0	0	0	2.08	inf
-1	-2	-2	-1	-2	0	2	-3	-2	3	0	-1	0	-1	-2	-1	-1	-3	-2	2	0	0	0	0	0	0	32	0	0	48	0	0	0	0	0	0	0	0	0	20	0.19	inf
-2	-3	-3	-3	-2	-3	-3	-4	-2	3	2	-3	1	3	-3	-2	-1	-1	1	2	0	0	0	0	0	0	0	0	0	52	20	0	0	29	0	0	0	0	0	0	0.33	inf
1	-1	0	0	-2	1	3	-1	-1	-3	-3	0	-2	-3	-1	3	1	-3	-2	-2	0	0	0	0	0	0	32	0	0	0	0	0	0	0	0	68	0	0	0	0	0.41	inf
-1	-1	-2	-2	-2	2	-1	-3	-1	0	1	-1	3	3	-2	-1	-1	-1	1	0	0	0	0	0	0	29	0	0	0	0	0	0	40	32	0	0	0	0	0	0	0.24	inf
-1	1	4	1	-3	1	2	-1	0	-3	-3	2	-2	-3	-1	0	0	-3	-2	-3	0	0	40	0	0	0	29	0	0	0	0	32	0	0	0	0	0	0	0	0	0.44	inf
2	-1	4	0	-2	0	-1	0	0	-2	-2	0	-2	-3	-2	1	0	-3	-2	-2	40	0	60	0	0	0	0	0	0	0	0	0	0	0	0	0	0	0	0	0	0.41	inf
-1	-3	-3	-3	-1	-3	-3	-3	-2	1	2	-3	1	4	-3	-2	-1	-1	1	2	0	0	0	0	0	0	0	0	0	0	29	0	0	40	0	0	0	0	0	32	0.33	inf
-1	0	-1	0	-3	3	2	-2	0	-2	-1	0	-1	4	-2	-1	-1	-1	1	-2	0	0	0	0	0	32	29	0	0	0	0	0	0	40	0	0	0	0	0	0	0.33	inf
-2	-1	5	3	-3	0	0	-1	0	-3	-3	0	-2	-3	-2	0	0	-4	-2	-3	0	0	71	29	0	0	0	0	0	0	0	0	0	0	0	0	0	0	0	0	0.68	inf
-1	0	5	1	-2	0	0	0	0	-2	-2	0	-1	-2	-1	0	0	-2	-1	-2	2	2	70	2	1	1	2	2	1	2	3	2	1	1	2	2	2	0	1	2	0.40	inf
0	-1	0	3	-1	0	0	-1	-1	-1	-1	0	-1	-2	-1	1	3	-2	-1	-1	2	2	1	30	1	1	2	2	1	2	3	2	1	1	2	2	41	0	1	2	0.23	inf
-1	-3	-3	-3	-1	-2	-3	-3	-3	3	1	-2	1	-1	-3	-2	0	-3	-1	3	0	0	0	0	0	0	0	0	0	40	0	0	0	0	0	0	0	0	0	60	0.36	inf
1	-1	0	-1	-1	0	-1	-1	-1	-1	0	-1	3	-1	-1	3	1	-2	-1	-1	0	0	0	0	0	0	0	0	0	0	0	0	32	0	0	68	0	0	0	0	0.25	inf
0	-1	1	5	-2	0	1	-1	-1	-3	-3	-1	-2	-3	-1	2	0	-4	-2	-2	0	0	0	60	0	0	0	0	0	0	0	0	0	0	0	40	0	0	0	0	0.57	inf
2	-2	-1	-1	-1	-1	-1	-1	-2	1	0	-1	0	-2	-1	2	0	-3	-2	1	40	0	0	0	0	0	0	0	0	29	0	0	0	0	0	32	0	0	0	0	0.18	inf
-1	-1	-2	-2	-1	2	0	-3	-1	1	2	-1	1	-1	-2	-1	-1	-2	-1	2	0	0	0	0	0	32	0	0	0	0	29	0	0	0	0	0	0	0	0	40	0.18	inf
-1	1	-1	-1	-2	1	0	-2	-1	-1	1	4	0	-1	-2	-1	-1	-2	-2	-1	0	0	0	0	0	0	0	0	0	0	32	68	0	0	0	0	0	0	0	0	0.25	inf
-1	1	0	0	-2	5	1	-1	0	-2	-1	1	0	-2	-1	0	0	-1	-1	-1	2	1	1	2	1	73	2	2	1	1	3	2	1	1	1	2	2	0	1	2	0.41	inf
0	-1	0	-1	-1	0	-1	-1	-1	0	0	0	3	-1	-1	2	0	-1	-1	0	2	1	1	2	1	1	2	2	1	1	3	2	33	1	1	42	2	0	1	2	0.12	inf
-1	-2	-2	-2	-1	-1	-2	-2	-2	3	2	-2	1	0	-1	-1	-1	-1	-1	1	2	1	1	2	1	1	2	2	1	41	34	2	1	1	1	2	2	0	1	2	0.16	inf
-1	0	-2	-2	-2	-1	-1	-3	-2	1	3	2	1	0	-2	-2	-1	-2	-1	0	0	0	0	0	0	0	0	0	0	0	68	32	0	0	0	0	0	0	0	0	0.23	inf
2	-1	-1	-2	-1	-1	-1	-1	-2	0	1	-1	0	-1	-1	2	0	-2	-2	0	40	0	0	0	0	0	0	0	0	0	29	0	0	0	0	32	0	0	0	0	0.18	inf
1	1	-1	0	-2	1	3	-1	-1	-2	-2	3	-1	-3	-1	0	-1	-3	-2	-2	29	0	0	0	0	0	32	0	0	0	0	40	0	0	0	0	0	0	0	0	0.33	inf
-2	-2	-3	-4	-2	-2	-3	-3	-2	1	3	-3	1	4	-3	-2	-1	-1	1	0	0	0	0	0	0	0	0	0	0	0	68	0	0	32	0	0	0	0	0	0	0.41	inf
-1	1	0	0	-3	5	1	-2	0	-3	-2	3	-1	-3	-1	0	-1	-2	-2	-2	0	0	0	0	0	68	0	0	0	0	0	32	0	0	0	0	0	0	0	0	0.56	inf
-1	1	0	1	-2	1	3	-1	0	-2	-2	2	-1	-2	-1	0	0	-2	-1	-2	2	1	1	2	1	1	41	2	1	1	3	34	1	1	1	2	2	0	1	2	0.30	inf
2	-1	-1	-1	-1	-1	-1	-1	-1	2	0	-1	0	-1	-1	0	0	-2	-1	1	42	1	1	2	1	1	2	2	1	33	3	2	1	1	1	2	2	0	1	2	0.10	inf
2	-1	-1	-2	-1	-1	-1	-2	4	1	-1	-1	0	-1	-2	0	-1	-3	0	2	29	0	0	0	0	0	0	0	32	0	0	0	0	0	0	0	0	0	0	40	0.20	inf
-1	0	3	1	-3	1	4	-1	0	-3	-3	0	-2	-3	-1	0	-1	-3	-2	-3	0	0	32	0	0	0	68	0	0	0	0	0	0	0	0	0	0	0	0	0	0.58	inf
1	-1	-1	0	-1	0	2	-1	-1	0	-1	0	-1	-2	-1	0	2	-3	-2	1	20	0	0	0	0	0	29	0	0	0	0	0	0	0	0	0	32	0	0	20	0.19	inf
0	-1	5	1	-2	0	0	0	0	-3	-3	0	-2	-3	-2	2	0	-3	-2	-2	0	0	68	0	0	0	0	0	0	0	0	0	0	0	0	32	0	0	0	0	0.54	inf
-1	3	-2	-3	-2	-1	-2	-3	-2	1	3	0	1	0	-3	-2	-1	-2	-1	0	0	32	0	0	0	0	0	0	0	0	68	0	0	0	0	0	0	0	0	0	0.28	inf
0	-2	0	-1	-3	-2	-2	6	-2	-4	-4	-2	-3	-3	-2	0	-2	-3	-3	-3	0	0	0	0	0	0	0	100	0	0	0	0	0	0	0	0	0	0	0	0	1.07	inf
-1	0	-1	-1	-2	3	0	-2	-1	-1	0	0	3	-2	-2	0	3	-2	-1	0	0	0	0	0	0	32	0	0	0	0	0	0	29	0	0	0	40	0	0	0	0.24	inf
2	-1	-1	0	-1	0	2	-1	-1	0	-1	0	-1	-2	-1	0	0	-3	-2	1	40	0	0	0	0	0	32	0	0	0	0	0	0	0	0	0	0	0	0	29	0.19	inf
-1	-2	-2	-3	-1	-1	-2	-3	-2	2	2	-2	5	0	-3	-2	-1	-2	-1	1	0	0	0	0	0	0	0	0	0	32	0	0	68	0	0	0	0	0	0	0	0.33	inf
-1	-2	-2	-2	-1	-2	-2	-3	-3	3	1	-2	0	-1	-2	0	3	-3	-1	2	0	0	0	0	0	0	0	0	0	60	0	0	0	0	0	0	40	0	0	0	0.25	inf
-2	-2	-3	-3	-2	-2	-3	-3	0	-1	0	-3	0	5	-3	-2	-2	1	5	-1	0	0	0	0	0	0	0	0	0	0	0	0	0	60	0	0	0	0	40	0	0.72	inf
0	-1	0	0	-2	0	2	-2	-1	-1	-2	0	-1	-2	-1	1	4	-3	-2	-1	0	0	0	0	0	0	32	0	0	0	0	0	0	0	0	0	68	0	0	0	0.39	inf
-1	-2	-3	-3	-1	-2	-3	-4	-3	3	3	-3	2	0	-3	-2	-1	-2	-1	1	0	0	0	0	0	0	0	0	0	32	68	0	0	0	0	0	0	0	0	0	0.40	inf
-1	-2	-2	-2	-1	-2	-2	-3	-2	1	0	-2	0	4	-2	0	2	-1	1	2	0	0	0	0	0	0	0	0	0	0	0	0	0	40	0	0	32	0	0	29	0.24	inf
0	-1	0	0	-2	1	3	-1	-1	-2	-2	0	-1	-3	-1	2	2	-3	-2	-1	0	0	0	0	0	0	40	0	0	0	0	0	0	0	0	32	29	0	0	0	0.36	inf
1	-2	-2	-3	-2	-2	-2	-2	0	-1	-1	-2	-1	4	-2	-1	-1	1	5	-1	29	0	0	0	0	0	0	0	0	0	0	0	0	32	0	0	0	0	40	0	0.41	inf
2	-2	-1	-2	-1	-1	-1	-1	-2	0	-1	-1	0	-2	-1	1	2	-3	-2	2	40	0	0	0	0	0	0	0	0	0	0	0	0	0	0	0	32	0	0	29	0.21	inf
-1	1	0	-1	-3	4	1	-2	0	-3	-2	3	-1	-3	-1	0	-1	-2	-2	-2	0	0	0	0	0	60	0	0	0	0	0	40	0	0	0	0	0	0	0	0	0.53	inf
-1	-1	0	4	-4	1	4	-2	-1	-3	-3	0	-2	-3	-1	0	-1	-3	-2	-3	0	0	0	40	0	0	60	0	0	0	0	0	0	0	0	0	0	0	0	0	0.69	inf
-1	1	4	0	-3	1	0	-1	0	-3	-3	3	-2	-3	-1	0	0	-3	-2	-3	0	0	40	0	0	0	0	0	0	0	0	60	0	0	0	0	0	0	0	0	0.45	inf
-1	0	-2	-2	-2	0	-1	-3	-2	0	3	2	1	-1	-2	-1	-1	-2	-1	0	0	0	0	0	0	0	0	0	0	0	60	40	0	0	0	0	0	0	0	0	0.21	inf
-1	-1	3	4	-3	1	3	-1	0	-3	-3	0	-2	-3	-1	0	-1	-3	-2	-3	0	0	29	32	0	0	40	0	0	0	0	0	0	0	0	0	0	0	0	0	0.57	inf
-1	0	0	1	-3	4	4	-2	0	-3	-3	1	-1	-3	-1	0	-1	-2	-2	-2	0	0	0	0	0	40	60	0	0	0	0	0	0	0	0	0	0	0	0	0	0.64	inf
-2	-3	-3	-3	-2	-3	-3	-3	-2	2	1	-3	0	5	-3	-2	-2	0	2	1	0	0	0	0	0	0	0	0	0	29	0	0	0	71	0	0	0	0	0	0	0.52	inf
0	-1	-1	-2	-1	-1	-1	-2	-1	1	1	-1	3	0	-1	-1	0	-1	-1	2	2	2	1	2	1	1	2	2	1	2	3	2	40	1	2	2	2	0	1	31	0.11	inf
-1	0	0	3	-2	1	3	-1	0	-2	-2	0	-1	-2	-1	0	-1	-2	-1	-2	2	2	1	30	1	1	42	2	1	2	3	2	1	1	2	2	2	0	1	2	0.37	inf
-1	0	4	1	-1	0	0	0	0	-2	-2	0	-1	-1	-1	0	0	-1	-1	-1	4	2	57	2	1	2	3	3	1	2	4	3	1	2	2	3	3	1	1	3	0.28	inf
-1	0	0	-1	-1	0	0	-1	6	-2	-1	0	-1	-1	-1	0	-1	-1	1	-1	4	2	2	2	1	2	3	3	56	2	4	3	1	2	2	3	3	1	1	3	0.33	inf
-1	0	3	0	-1	0	0	-1	4	-2	-1	0	-1	-1	-1	0	0	-1	0	-1	4	2	30	2	1	2	3	3	28	2	4	3	1	2	2	3	3	1	1	3	0.21	inf
0	-1	-1	-1	-1	-1	0	-1	-1	-1	-1	0	-1	-2	6	0	0	-1	-1	-1	4	2	2	2	1	2	3	3	1	2	4	3	1	2	57	3	3	1	1	3	0.86	inf
0	-1	-1	-1	-1	-1	-1	3	-1	1	0	-1	0	-1	-1	0	0	-1	-1	0	4	2	2	2	1	2	3	31	1	30	4	3	1	2	2	3	3	1	1	3	0.09	inf
0	0	3	0	-1	0	0	0	0	-1	-1	0	-1	-1	0	2	0	-1	-1	-1	4	2	30	2	1	2	3	3	1	2	4	3	1	2	2	30	3	1	1	3	0.18	inf
1	0	0	0	-1	0	0	0	-1	-1	-1	0	-1	-1	0	3	1	-1	-1	-1	4	2	2	2	1	2	3	3	1	2	4	3	1	2	2	58	3	1	1	3	0.19	inf
2	-1	0	-1	0	0	0	0	-1	-1	-1	0	0	-1	0	1	2	-1	-1	0	31	2	2	2	1	2	3	3	1	2	4	3	1	2	2	3	30	1	1	3	0.12	inf
0	-1	0	0	-1	0	0	-1	-1	-1	-1	0	0	-1	0	1	3	-1	-1	0	4	2	2	2	1	2	3	3	1	2	4	3	1	2	2	3	57	1	1	3	0.19	inf
0	-1	0	0	-1	0	0	-1	-1	-1	-1	0	-1	-1	4	2	0	-1	-1	-1	4	2	2	2	1	2	3	3	1	2	4	3	1	2	30	31	3	1	1	3	0.38	inf
-1	-1	-1	-1	-1	-1	-1	-1	-1	3	1	-1	1	0	-1	-1	0	-1	-1	2	4	2	2	2	1	2	3	3	1	57	4	3	1	2	2	3	3	1	1	3	0.08	inf
2	0	0	-1	-1	3	1	-1	0	-2	-2	0	-1	-3	-1	2	0	-2	-2	-1	27	0	0	0	0	45	0	0	0	0	0	0	0	0	0	27	0	0	0	0	0.33	inf
-2	0	6	1	-3	0	0	0	1	-3	-3	0	-2	-3	-2	1	0	-4	-2	-3	0	0	100	0	0	0	0	0	0	0	0	0	0	0	0	0	0	0	0	0	0.74	inf
-1	-3	-3	-3	-1	-2	-3	-3	-3	3	1	-2	1	0	-3	-2	0	-3	-1	3	0	0	0	0	0	0	0	0	0	55	0	0	0	0	0	0	0	0	0	45	0.35	inf
-1	-3	-3	-3	-1	-2	-3	-3	-3	3	1	-2	1	0	-3	-2	0	-3	-1	3	0	0	0	0	0	0	0	0	0	55	0	0	0	0	0	0	0	0	0	45	0.35	inf
0	-1	4	1	-2	0	0	0	0	-3	-3	0	-2	-3	-1	3	1	-3	-2	-2	0	0	45	0	0	0	0	0	0	0	0	0	0	0	0	55	0	0	0	0	0.44	inf
0	-2	-1	-2	-1	-2	-2	-2	-2	2	0	-2	0	-1	-2	0	3	-3	-1	2	0	0	0	0	0	0	0	0	0	27	0	0	0	0	0	0	45	0	0	27	0.23	inf
-1	0	0	1	-3	4	4	-2	0	-3	-2	1	-1	-3	-1	0	-1	-2	-2	-2	0	0	0	0	0	45	55	0	0	0	0	0	0	0	0	0	0	0	0	0	0.61	inf
1	-1	0	-1	-1	0	-1	-1	-1	-1	-2	0	-1	-2	-1	3	4	-3	-2	-1	0	0	0	0	0	0	0	0	0	0	0	0	0	0	0	45	55	0	0	0	0.39	inf
-1	-2	-3	-2	-2	-2	-2	-3	-2	0	2	-2	0	-1	6	-1	-1	-3	-2	-1	0	0	0	0	0	0	0	0	0	0	45	0	0	0	55	0	0	0	0	0	0.89	inf
0	0	3	1	-2	1	3	-1	0	-3	-3	0	-2	-3	-1	2	0	-3	-2	-2	0	0	27	0	0	0	45	0	0	0	0	0	0	0	0	27	0	0	0	0	0.43	inf
1	-1	0	4	-2	-1	0	-1	-1	-2	-2	-1	-2	-3	-1	1	2	-3	-2	-1	27	0	0	45	0	0	0	0	0	0	0	0	0	0	0	0	27	0	0	0	0.36	inf
3	-1	0	4	-1	-1	0	0	-1	-2	-2	-1	-2	-3	-1	1	0	-3	-2	-1	55	0	0	45	0	0	0	0	0	0	0	0	0	0	0	0	0	0	0	0	0.38	inf
-1	3	-1	-2	-3	0	-1	-2	-1	-3	-3	1	-2	-3	6	-1	-1	-3	-2	-2	0	45	0	0	0	0	0	0	0	0	0	0	0	0	55	0	0	0	0	0	1.05	inf
0	-1	-1	-1	-1	-1	-1	-1	-2	0	2	-1	1	-1	-2	2	0	-2	-1	0	0	0	0	0	0	0	0	0	0	0	45	0	0	0	0	55	0	0	0	0	0.18	inf
0	0	0	0	-2	3	1	-1	0	-3	-2	1	-1	-3	-1	3	1	-2	-2	-2	0	0	0	0	0	45	0	0	0	0	0	0	0	0	0	55	0	0	0	0	0.40	inf
-1	4	0	-1	-3	1	0	-2	-1	-3	-2	4	-1	-3	-1	0	-1	-3	-2	-2	0	45	0	0	0	0	0	0	0	0	0	55	0	0	0	0	0	0	0	0	0.55	inf
-1	1	-1	-2	-2	0	0	-2	-2	2	0	3	0	-1	-2	-1	-1	-3	-2	1	0	0	0	0	0	0	0	0	0	45	0	55	0	0	0	0	0	0	0	0	0.17	inf
-1	2	0	-1	-3	1	1	-2	-1	-3	-2	5	-1	-3	-1	0	-1	-3	-2	-2	0	0	0	0	0	0	0	0	0	0	0	100	0	0	0	0	0	0	0	0	0.53	inf
-1	-1	1	5	-4	1	4	-2	-1	-3	-3	0	-3	-3	-1	0	-1	-3	-3	-3	0	0	0	55	0	0	45	0	0	0	0	0	0	0	0	0	0	0	0	0	0.70	inf
0	1	0	-1	-2	1	0	-2	-1	-2	-2	3	-1	-3	-1	1	3	-3	-2	-1	0	0	0	0	0	0	0	0	0	0	0	55	0	0	0	0	45	0	0	0	0.33	inf
-1	2	0	-1	-3	1	1	-2	-1	-3	-2	5	-1	-3	-1	0	-1	-3	-2	-2	0	0	0	0	0	0	0	0	0	0	0	100	0	0	0	0	0	0	0	0	0.53	inf
-1	0	0	1	-4	2	5	-2	0	-3	-3	1	-2	-3	-1	0	-1	-3	-2	-2	0	0	0	0	0	0	100	0	0	0	0	0	0	0	0	0	0	0	0	0	0.74	inf
-1	1	0	0	-3	5	2	-2	0	-3	-2	1	0	-3	-1	0	-1	-2	-1	-2	0	0	0	0	0	100	0	0	0	0	0	0	0	0	0	0	0	0	0	0	0.67	inf
-1	-2	-3	-4	-1	-2	-3	-4	-3	1	4	-2	2	0	-3	-2	-1	-2	-1	1	0	0	0	0	0	0	0	0	0	0	100	0	0	0	0	0	0	0	0	0	0.46	inf
0	0	0	1	-2	1	3	-1	-1	-3	-3	0	-2	-3	-1	3	1	-3	-2	-2	0	0	0	0	0	0	45	0	0	0	0	0	0	0	0	55	0	0	0	0	0.42	inf
-1	2	0	-1	-3	1	1	-2	-1	-3	-2	5	-1	-3	-1	0	-1	-3	-2	-2	0	0	0	0	0	0	0	0	0	0	0	100	0	0	0	0	0	0	0	0	0.53	inf
3	-1	-1	0	-1	1	3	-1	-1	-2	-2	0	-1	-3	-1	1	0	-3	-2	-1	55	0	0	0	0	0	45	0	0	0	0	0	0	0	0	0	0	0	0	0	0.35	inf
-1	1	0	1	-3	4	4	-2	0	-3	-2	1	-1	-3	-1	0	-1	-2	-2	-2	0	0	0	0	0	55	45	0	0	0	0	0	0	0	0	0	0	0	0	0	0.60	inf
-1	4	0	-1	-3	1	0	-2	-1	-3	-2	4	-1	-3	-1	0	-1	-3	-2	-2	0	45	0	0	0	0	0	0	0	0	0	55	0	0	0	0	0	0	0	0	0.55	inf
-1	4	0	0	-3	1	3	-2	0	-3	-2	2	-2	-3	-2	0	-1	-3	-2	-2	0	55	0	0	0	0	45	0	0	0	0	0	0	0	0	0	0	0	0	0	0.56	inf
-1	2	0	-1	-3	1	1	-2	-1	-3	-2	5	-1	-3	-1	0	-1	-3	-2	-2	0	0	0	0	0	0	0	0	0	0	0	100	0	0	0	0	0	0	0	0	0.53	inf
-1	0	-1	-2	-2	3	0	-3	-1	0	2	0	1	-1	-2	-1	-1	-2	-1	0	0	0	0	0	0	45	0	0	0	0	55	0	0	0	0	0	0	0	0	0	0.25	inf
3	0	-1	-1	-1	3	1	-1	-1	-2	-2	0	-1	-3	-1	1	0	-2	-2	-1	55	0	0	0	0	45	0	0	0	0	0	0	0	0	0	0	0	0	0	0	0.33	inf
-1	-1	1	5	-4	1	4	-2	-1	-3	-3	0	-3	-3	-1	0	-1	-3	-3	-3	0	0	0	55	0	0	45	0	0	0	0	0	0	0	0	0	0	0	0	0	0.70	inf
0	1	0	-1	-2	1	0	-2	-1	-2	-2	3	-1	-3	-1	1	3	-3	-2	-1	0	0	0	0	0	0	0	0	0	0	0	55	0	0	0	0	45	0	0	0	0.33	inf
-1	-2	-1	-2	-1	-1	-2	-2	-2	2	0	-1	0	-1	-2	0	3	-2	-1	1	0	0	0	0	0	0	0	0	0	45	0	0	0	0	0	0	55	0	0	0	0.25	inf
-1	1	1	4	-3	0	1	-1	-1	-3	-3	3	-2	-3	-1	0	-1	-4	-2	-3	0	0	0	55	0	0	0	0	0	0	0	45	0	0	0	0	0	0	0	0	0.53	inf
-1	1	0	-1	-3	1	0	-2	6	-3	-3	3	-1	-2	-2	-1	-1	-3	1	-3	0	0	0	0	0	0	0	0	55	0	0	45	0	0	0	0	0	0	0	0	0.51	inf
-1	4	0	-1	-3	1	0	-2	-1	-3	-2	4	-1	-3	-1	0	-1	-3	-2	-2	0	45	0	0	0	0	0	0	0	0	0	55	0	0	0	0	0	0	0	0	0.55	inf
1	-2	0	-1	-2	-1	-1	4	-1	-3	-3	-1	-2	-3	-1	2	0	-3	-2	-2	0	0	0	0	0	0	0	55	0	0	0	0	0	0	0	45	0	0	0	0	0.56	inf
-1	-1	1	4	-4	1	4	-2	-1	-3	-3	0	-2	-3	-1	0	-1	-3	-2	-3	0	0	0	45	0	0	55	0	0	0	0	0	0	0	0	0	0	0	0	0	0.68	inf
-1	-1	-2	0	-2	0	3	-3	-1	0	2	-1	1	-1	-2	-1	-1	-2	-1	0	0	0	0	0	0	0	45	0	0	0	55	0	0	0	0	0	0	0	0	0	0.25	inf
-1	0	-1	-1	-3	3	1	-2	-1	-3	-3	0	-1	-3	6	0	-1	-3	-2	-2	0	0	0	0	0	45	0	0	0	0	0	0	0	0	55	0	0	0	0	0	1.05	inf
-1	5	0	-2	-3	1	0	-2	0	-3	-2	2	-1	-3	-2	-1	-1	-3	-2	-3	0	100	0	0	0	0	0	0	0	0	0	0	0	0	0	0	0	0	0	0	0.76	inf
0	3	0	-1	-3	0	-1	4	-1	-3	-3	1	-2	-3	-2	-1	-1	-3	-2	-3	0	45	0	0	0	0	0	55	0	0	0	0	0	0	0	0	0	0	0	0	0.57	inf
-2	-3	-3	-4	-2	-2	-3	-3	-3	2	0	-3	0	0	-3	-3	-2	9	1	1	0	0	0	0	0	0	0	0	0	45	0	0	0	0	0	0	0	55	0	0	1.08	inf
-2	-1	4	4	-3	0	1	-1	0	-3	-3	0	-3	-3	-2	0	0	-4	-2	-3	0	0	55	45	0	0	0	0	0	0	0	0	0	0	0	0	0	0	0	0	0.66	inf
-2	-1	-2	0	-3	0	3	-2	-1	-3	-2	-1	-2	0	-2	-1	-2	9	1	-3	0	0	0	0	0	0	45	0	0	0	0	0	0	0	0	0	0	55	0	0	1.15	inf
-1	-3	-3	-3	-1	-2	-3	-3	-3	3	1	-2	1	-1	-3	-2	0	-3	-1	3	0	0	0	0	0	0	0	0	0	45	0	0	0	0	0	0	0	0	0	55	0.35	inf
-1	-1	1	4	-2	0	1	-1	-1	-1	-2	0	-1	-2	0	0	0	-2	-1	-1	4	2	2	57	1	2	3	3	1	2	4	3	1	2	2	3	3	1	1	3	0.35	inf
0	-3	-3	-3	-1	-2	-2	-3	-3	3	1	-2	1	-1	-2	-2	0	-3	-1	4	0	0	0	0	0	0	0	0	0	0	0	0	0	0	0	0	0	0	0	100	0.35	inf
0	0	-1	-2	-2	3	0	-2	-1	1	0	0	0	-2	-2	-1	0	-2	-1	2	0	0	0	0	0	45	0	0	0	0	0	0	0	0	0	0	0	0	0	55	0.22	inf
-1	4	0	-1	-3	1	0	-2	-1	-3	-2	4	-1	-3	-1	0	-1	-3	-2	-2	0	45	0	0	0	0	0	0	0	0	0	55	0	0	0	0	0	0	0	0	0.55	inf
-1	0	0	0	-3	1	3	-2	6	-3	-3	0	-2	-2	-2	-1	-1	-3	1	-3	0	0	0	0	0	0	45	0	55	0	0	0	0	0	0	0	0	0	0	0	0.60	inf
-1	-2	-3	-4	-1	-2	-3	-4	-3	1	4	-2	2	0	-3	-2	-1	-2	-1	1	0	0	0	0	0	0	0	0	0	0	100	0	0	0	0	0	0	0	0	0	0.46	inf
0	0	0	1	-2	1	3	-1	-1	-3	-3	0	-2	-3	-1	3	1	-3	-2	-2	0	0	0	0	0	0	45	0	0	0	0	0	0	0	0	55	0	0	0	0	0.42	inf
-1	2	0	-1	-3	1	1	-2	-1	-3	-2	5	-1	-3	-1	0	-1	-3	-2	-2	0	0	0	0	0	0	0	0	0	0	0	100	0	0	0	0	0	0	0	0	0.53	inf
0	4	0	-1	-2	0	0	-1	-1	-2	-2	1	-1	-2	-1	2	2	-3	-2	-1	0	45	0	0	0	0	0	0	0	0	0	0	0	0	0	27	27	0	0	0	0.35	inf
0	0	0	-1	-3	3	0	4	-1	-3	-3	0	-1	-3	-2	0	-1	-2	-2	-3	0	0	0	0	0	45	0	55	0	0	0	0	0	0	0	0	0	0	0	0	0.56	inf
0	-1	1	4	-2	0	1	-1	-1	-3	-3	0	-2	-3	-1	3	0	-3	-2	-2	0	0	0	45	0	0	0	0	0	0	0	0	0	0	0	55	0	0	0	0	0.47	inf
-1	1	1	4	-3	1	1	-1	-1	-3	-3	3	-2	-3	-1	0	-1	-3	-2	-3	0	0	0	45	0	0	0	0	0	0	0	55	0	0	0	0	0	0	0	0	0.49	inf
-2	-2	1	6	-3	0	1	-1	-1	-3	-4	-1	-3	-3	-1	0	-1	-4	-3	-3	0	0	0	100	0	0	0	0	0	0	0	0	0	0	0	0	0	0	0	0	0.94	inf
-2	-2	1	6	-3	0	1	-1	-1	-3	-4	-1	-3	-3	-1	0	-1	-4	-3	-3	0	0	0	100	0	0	0	0	0	0	0	0	0	0	0	0	0	0	0	0	0.94	inf
-1	-1	1	4	-4	1	4	-2	-1	-3	-3	0	-2	-3	-1	0	-1	-3	-2	-3	0	0	0	45	0	0	55	0	0	0	0	0	0	0	0	0	0	0	0	0	0.68	inf
