-6	-6	-7	-8	-6	-5	-7	-8	-6	-2	2	-6	11	-4	-7	-6	-5	-6	-6	-4	0	0	0	0	0	0	0	0	0	1	16	0	83	0	0	0	0	0	0	0	3.02	inf
4	-4	1	-2	-4	-4	-4	-3	-5	1	-3	-3	1	-1	-1	-2	3	-5	-4	1	38	0	8	3	0	0	0	0	0	9	1	1	3	3	3	1	21	0	0	9	0.61	inf
-3	2	-1	-1	-3	0	1	-2	-4	-3	1	2	4	-2	2	0	-1	-5	-4	-3	0	12	3	4	0	5	9	3	0	0	13	15	14	1	11	6	4	0	0	1	0.36	inf
2	-4	-4	-3	0	-4	-4	-4	-5	-4	-2	-4	-3	2	4	4	1	-5	-2	-3	14	0	0	1	2	0	0	0	0	0	4	0	1	10	21	36	8	0	1	1	0.79	inf
-6	-1	-5	-4	-4	8	2	-6	-1	-8	-5	2	-6	-8	-5	-5	-6	-4	-4	-7	0	3	0	1	0	70	11	0	1	0	1	10	0	0	0	0	0	0	1	0	2.12	inf
0	-3	-2	2	-5	-2	4	4	-3	-4	-4	-2	-1	-5	-4	-1	-2	-5	-5	-1	7	0	0	12	0	0	30	36	0	0	1	1	2	0	0	3	1	0	0	6	0.76	inf
0	-2	-3	-4	0	-2	-3	-2	-1	-2	2	-2	2	0	4	2	0	-4	-3	-2	6	2	0	0	2	1	0	2	1	1	25	1	6	4	22	20	6	0	1	1	0.47	inf
-3	-5	-6	-6	-4	-5	-2	-3	-6	0	2	-5	1	-3	-6	-5	-2	-6	-4	6	1	0	0	0	0	0	3	2	0	2	19	0	4	1	0	0	2	0	0	67	1.26	inf
1	-3	0	-4	-3	-2	-3	-4	-4	-3	-2	1	0	-2	-2	1	6	-5	-4	-1	9	1	3	0	0	1	0	0	0	0	3	9	2	1	2	11	53	0	0	4	0.86	inf
-6	-7	-7	-3	-4	-7	-7	-7	-5	0	0	-7	0	9	-7	-5	-6	-3	2	-3	0	0	0	2	0	0	0	0	0	6	7	0	2	77	0	0	0	0	5	1	2.18	inf
-3	2	-2	0	-6	1	5	-2	-3	-5	-5	4	-3	-6	-4	-1	-3	-1	-5	-2	1	12	1	5	0	5	40	3	0	0	0	24	1	0	0	3	1	1	0	3	0.87	inf
-6	-6	-1	8	-8	-4	-2	-6	-1	-3	-8	-5	-7	-8	-6	-3	-5	-9	-7	-7	0	0	2	91	0	0	1	0	2	2	0	0	0	0	0	2	0	0	0	0	2.59	inf
-4	-6	-7	-7	-5	-6	-6	-7	-7	1	0	-6	4	-4	-6	-6	-3	-6	-5	7	0	0	0	0	0	0	0	0	0	5	8	0	10	0	0	0	1	0	0	76	1.78	inf
6	-5	-2	-4	-3	-4	-4	-3	-4	-2	-4	-4	-4	-3	-3	1	1	-6	-4	-2	70	0	2	1	0	0	1	1	0	3	0	0	0	1	1	11	7	0	0	2	1.22	inf
-4	-3	-6	-6	-4	-5	-3	-7	-6	4	0	-5	2	-3	-3	-5	-4	-6	-5	6	0	1	0	0	0	0	2	0	0	23	8	0	4	1	1	0	0	0	0	59	1.32	inf
-1	-4	1	4	1	-3	1	-2	0	-3	-3	-3	-4	0	-4	0	-1	-3	5	-1	6	0	7	26	4	0	10	2	2	1	1	1	0	2	0	8	3	0	23	5	0.58	inf
-6	-7	-7	-8	-7	-7	-7	-8	-1	-2	1	-7	-4	9	-8	-7	-6	-4	0	-4	0	0	0	0	0	0	0	0	2	2	14	0	0	80	0	0	0	0	2	1	2.50	inf
-2	-3	-3	-4	0	-3	-4	-2	-5	-1	-4	-4	-5	-6	-2	5	5	-6	-5	-4	1	1	0	0	2	1	0	3	0	4	2	0	0	0	2	46	38	0	0	0	1.22	inf
-3	2	-3	-2	-4	6	2	-1	-1	-4	1	0	-3	0	-1	-3	-3	4	-2	-3	1	10	1	2	0	36	11	4	1	0	13	4	0	4	3	1	1	5	1	1	0.64	inf
-3	-2	-3	1	-7	0	7	-4	-4	-6	-6	0	-6	-7	0	-4	-3	-3	-6	-6	2	1	1	6	0	3	73	1	0	0	0	5	0	0	5	0	1	0	0	0	1.66	inf
-5	-2	-5	0	-8	-1	8	-5	-5	-7	-7	-2	-6	-8	-4	-3	-2	-7	-6	-7	0	2	0	5	0	2	84	1	0	0	0	2	0	0	1	1	3	0	0	0	2.13	inf
-3	-4	-8	-9	0	-4	-8	-6	-7	-3	-3	-8	-6	-2	-3	-5	-7	12	0	-7	3	1	0	0	2	1	0	0	0	2	3	0	0	1	2	1	0	80	3	0	3.85	inf
1	1	-2	0	-3	3	3	2	-1	-3	-4	2	-3	-5	-3	-1	0	-5	-3	-2	11	8	1	5	0	13	17	17	1	2	1	11	0	0	0	3	5	0	0	3	0.37	inf
-3	0	-2	-2	6	2	-2	-4	4	-1	2	-2	-1	-1	-3	-1	-2	1	1	-2	0	5	2	2	16	11	2	1	11	3	26	2	1	2	1	4	2	2	4	1	0.47	inf
-5	-5	-6	-6	-5	0	-6	-4	-6	0	6	-5	3	-3	-6	-3	-5	-1	-5	-1	0	0	0	0	0	5	0	2	0	3	78	0	5	0	0	2	0	1	0	2	1.48	inf
-2	-2	2	6	-4	-2	2	0	-1	-4	-5	-3	-5	-5	-3	-1	-1	-6	-4	-2	3	1	9	50	0	1	10	9	1	1	1	1	0	0	1	4	4	0	0	3	1.00	inf
-1	-1	-4	-1	1	-2	1	-5	0	-4	-1	-1	-3	-5	6	1	0	-3	-4	-4	4	3	0	3	3	2	8	0	2	1	7	4	0	0	45	12	5	0	0	1	0.95	inf
4	-3	-3	-2	-2	-3	0	-1	-4	-2	-3	-3	-2	-3	-3	2	2	4	-3	-1	44	1	0	2	1	1	5	5	0	2	1	0	1	1	1	15	11	5	0	5	0.63	inf
-5	0	-1	-5	-7	9	1	-6	-2	-7	-6	-1	-5	-7	-3	-4	-5	-6	-6	-5	0	5	3	0	0	80	6	0	1	0	0	3	0	0	1	0	0	0	0	1	2.31	inf
-3	6	-1	-3	-6	2	-2	-4	-4	-2	-5	5	-3	-6	-5	-2	-2	-2	-5	-4	2	42	2	1	0	7	2	1	0	2	0	32	1	0	0	3	2	1	0	1	1.15	inf
0	-1	4	3	0	-1	1	-1	-1	-1	-1	0	-1	-1	-2	0	1	-4	-2	-1	8	2	21	15	3	1	9	4	1	3	6	5	2	3	1	5	8	0	1	4	0.22	inf
-2	-2	-6	-6	1	-3	-2	-6	-6	0	6	-4	0	2	-5	-5	-1	-5	-4	-2	3	2	0	0	3	1	3	0	0	4	67	1	2	8	1	0	4	0	0	1	1.11	inf
-5	-6	-4	-5	3	0	-6	-5	-1	-5	-3	-6	-5	3	-6	0	-5	3	9	-3	0	0	1	1	5	4	0	1	1	0	2	0	0	10	0	7	0	3	63	1	2.00	inf
-4	6	-1	-4	-1	0	0	0	1	-6	-4	2	-2	0	-5	-3	-4	3	-4	-5	0	49	3	0	2	4	5	7	4	0	1	13	1	4	0	1	0	4	0	1	1.08	inf
-4	-4	2	7	-2	0	3	-5	-1	-6	-4	-1	-6	-7	-5	-1	-3	-7	-4	-6	1	1	8	53	1	3	19	0	1	0	2	3	0	0	0	4	1	0	1	0	1.37	inf
-3	-6	-2	-2	-5	-5	-2	0	-6	0	-3	-5	0	0	-6	-1	-2	-6	0	6	2	0	2	2	0	0	3	7	0	3	1	0	2	4	0	5	2	0	3	62	1.09	inf
-2	-2	-6	-3	-6	-1	-4	-6	-6	0	0	-1	9	-5	-3	-3	1	-6	-5	-1	3	2	0	2	0	2	1	0	0	5	8	4	56	0	2	2	8	0	0	3	1.72	inf
-5	0	-5	-4	0	3	-3	-6	-5	-2	5	1	0	-3	-2	-1	-2	1	-5	-2	0	5	0	1	2	14	1	0	0	1	49	9	2	0	2	5	3	2	0	3	0.77	inf
-5	-3	-2	0	-8	-2	7	-3	-1	-8	-8	0	-2	-8	-4	-2	-4	-8	-2	-7	1	1	2	4	0	1	73	2	1	0	0	5	1	0	1	3	1	0	1	0	1.83	inf
-2	-5	7	1	-7	-3	-1	-3	0	-3	-6	-2	-6	-7	-3	-1	3	-7	-3	-3	3	0	52	7	0	1	3	2	2	2	1	2	0	0	2	5	15	0	1	2	1.31	inf
-3	-6	-3	-2	3	-3	-1	-2	1	-2	-1	-2	-3	4	-1	-2	-3	0	8	-4	2	0	1	2	6	1	4	4	3	2	5	3	1	14	4	3	1	1	41	1	1.16	inf
0	4	1	-2	1	0	1	2	-1	-4	-5	1	-2	-4	-2	2	-2	-1	-5	-4	6	21	6	2	3	5	7	15	1	1	1	9	1	1	2	16	2	1	0	1	0.42	inf
-3	-1	6	0	1	0	-2	-5	4	-3	-1	-1	-2	-5	-2	1	0	-6	-1	-3	2	3	36	5	3	5	2	0	8	1	8	4	1	0	2	11	5	0	2	2	0.70	inf
-2	-3	-6	-3	0	-3	-2	-3	-6	0	5	-2	3	-1	-2	-2	0	-5	-5	1	2	2	0	2	2	1	2	2	0	5	51	2	6	2	2	3	6	0	0	9	0.71	inf
2	-1	0	-1	-5	-3	-2	-2	0	0	0	-5	1	1	-2	-1	0	-6	-4	4	14	3	4	4	0	1	3	3	3	5	9	0	4	6	2	4	7	0	0	28	0.34	inf
0	-6	-6	-4	2	-1	-2	-3	0	-2	-2	-3	-1	1	1	6	-2	-1	-3	-7	7	0	0	1	4	3	3	2	2	2	4	1	2	5	7	53	3	1	1	0	1.03	inf
-3	-4	-4	-2	-2	-2	-1	-3	-1	1	4	-3	2	-3	-2	-3	-7	-1	-8	3	3	1	1	2	1	2	4	3	1	7	38	2	4	2	3	2	0	1	0	20	0.74	inf
0	-1	-1	2	-1	-1	1	6	-1	-8	-4	-2	-2	-9	-2	-3	-3	1	-8	-3	7	3	3	9	2	3	8	46	1	0	3	3	1	0	2	3	2	2	0	3	0.91	inf
-3	-3	-1	-1	4	-1	0	-2	3	1	0	-1	1	1	-2	-1	-1	3	4	-1	2	2	3	3	9	3	6	4	7	9	9	4	3	6	2	5	3	4	11	5	0.30	inf
-1	-1	-1	-1	3	4	1	-2	2	-2	-1	0	0	-1	1	0	-1	4	-1	-2	6	3	3	4	5	15	10	3	5	2	6	6	2	2	7	8	3	5	3	3	0.26	inf
-1	-2	1	-1	3	-1	-1	-1	2	1	0	-1	1	0	0	0	0	4	0	1	4	3	6	3	5	3	5	4	4	8	10	3	3	4	4	7	5	5	3	10	0.11	inf
0	0	0	0	2	0	0	-1	1	0	-1	0	1	0	0	0	0	-2	1	0	5	5	5	5	5	5	5	5	5	5	5	5	5	5	5	5	5	0	5	5	0.03	inf
-3	1	1	2	0	0	-1	-3	0	-3	-6	5	2	-8	-3	0	-1	-8	-5	-2	3	6	6	10	2	4	5	2	2	2	1	35	4	0	2	7	5	0	1	3	0.74	inf
-4	0	-3	-2	-1	3	0	-1	2	-8	-3	-1	1	-3	6	-2	-3	-1	-3	-4	2	5	2	2	1	12	7	5	4	0	4	4	3	1	39	4	2	1	1	2	0.96	inf
-2	-3	3	5	-1	-1	2	-2	1	-3	-5	0	0	-2	-4	0	-1	-8	-1	-4	4	1	13	27	1	3	14	4	4	2	2	5	2	2	1	8	4	0	2	1	0.61	inf
-1	-3	-4	-2	-2	-3	1	-3	-4	2	2	0	2	-2	-3	-2	0	-1	-3	3	5	2	1	3	1	1	10	2	0	12	20	5	5	2	2	4	5	1	1	19	0.36	inf
-3	-3	-3	-2	-1	-1	1	-3	0	5	0	-2	0	1	-2	-1	0	0	-1	1	3	2	2	2	1	3	9	2	2	28	10	3	2	5	3	5	6	2	2	10	0.43	inf
-2	-3	-1	0	1	-1	0	-2	2	-3	-1	-1	-3	1	-1	4	2	-7	0	-2	4	2	3	5	3	3	5	3	4	2	6	4	1	5	3	29	11	0	3	3	0.40	inf
-2	1	-2	-3	2	3	1	-3	3	-2	-1	2	0	0	0	1	-2	3	-1	-2	3	6	2	2	4	14	8	3	7	3	6	13	3	3	4	9	2	3	3	3	0.30	inf
-3	-4	-4	-3	0	0	-1	-3	1	-1	5	-2	1	0	-1	-3	-1	-2	1	-1	2	1	1	2	2	4	5	2	3	3	45	3	3	4	3	2	5	1	4	5	0.66	inf
-2	0	-1	-2	-2	2	6	-2	-2	-1	-2	0	-7	-5	-1	0	-1	-7	-7	-3	5	5	3	2	1	7	40	4	1	3	4	6	0	1	3	8	4	0	0	2	0.75	inf
-4	3	0	-2	0	6	0	-2	3	-3	-5	1	-1	-3	-2	-2	-2	-3	-1	-3	2	12	4	2	2	34	6	4	6	2	2	7	2	1	3	4	3	1	2	2	0.84	inf
-2	0	1	-2	-2	-2	2	5	4	-4	-4	0	-3	-4	-1	-2	-3	1	-3	-2	3	6	6	3	1	2	12	35	8	1	3	5	1	1	3	3	2	2	1	3	0.65	inf
-2	1	0	0	-2	3	4	-2	0	-3	-2	3	-2	-3	-4	-1	-2	0	-7	-2	3	7	5	5	1	11	22	4	2	2	4	18	1	2	1	4	3	2	0	3	0.48	inf
-3	2	-2	0	-2	0	5	-3	-2	-1	-2	2	-1	-2	-3	-1	0	-8	-4	-3	3	9	3	5	1	4	33	3	1	3	5	11	1	2	2	5	6	0	1	2	0.57	inf
-1	-2	0	-3	0	0	0	-4	0	-1	0	-1	-2	0	6	-1	-2	-1	-7	-2	5	2	4	2	2	4	5	2	2	3	10	4	1	4	36	6	3	1	0	4	0.69	inf
-2	0	-2	-3	2	0	-1	-2	4	-3	-2	-1	-1	1	-2	-1	-2	9	1	0	4	5	2	2	4	4	5	4	7	2	5	4	1	5	3	5	3	25	4	6	0.85	inf
-1	0	0	-2	-1	0	0	-1	0	1	-2	0	4	-2	-1	0	2	0	-2	1	5	6	5	3	1	4	6	5	2	9	4	5	10	2	3	7	13	2	1	8	0.18	inf
-1	-1	-1	-2	2	1	0	0	2	0	0	0	3	-3	1	0	0	0	-2	2	4	4	3	2	4	6	5	6	4	5	8	6	7	1	6	6	6	2	2	13	0.11	inf
-2	-1	-2	2	-1	1	4	-1	0	-3	-3	1	-1	-1	-1	-1	-1	-1	-3	-2	4	4	2	10	1	5	28	5	2	2	3	9	1	3	4	5	4	1	1	4	0.40	inf
-1	3	-1	0	1	0	0	1	0	0	-2	1	-1	-2	-1	1	0	1	-2	-2	4	16	2	5	3	4	6	9	2	5	4	8	2	2	4	11	5	2	2	4	0.15	inf
-1	0	-1	0	1	2	2	-1	3	-2	-2	0	-1	-1	1	0	-1	1	-1	-2	5	5	3	4	3	9	14	6	7	3	4	7	2	3	8	6	5	2	2	3	0.18	inf
-1	0	0	0	2	0	1	0	1	0	-1	0	1	0	0	0	0	2	1	-1	5	4	4	5	4	5	8	6	4	6	6	5	4	5	5	6	6	2	5	5	0.03	inf
-1	0	0	0	2	0	0	-1	2	0	-1	0	2	1	0	-1	0	4	1	-1	5	5	5	5	5	5	5	5	5	5	5	5	5	5	5	5	5	5	5	5	0.09	inf
-1	2	0	-1	4	1	0	0	1	-1	-2	-1	1	-1	0	0	0	2	0	0	4	9	4	4	7	5	7	7	3	4	3	4	3	3	5	7	6	3	3	6	0.11	inf
-1	0	0	0	2	0	0	-1	2	0	-1	0	2	1	0	-1	0	4	1	-1	5	5	5	5	5	5	5	5	5	5	5	5	5	5	5	5	5	5	5	5	0.09	inf
-1	-1	0	1	1	-1	2	-1	1	-1	-2	0	-1	-2	1	1	1	1	-1	-2	6	4	4	7	3	3	14	5	3	4	4	6	2	2	6	10	10	2	2	3	0.13	inf
-2	-1	-1	-1	7	-1	-1	-1	2	-2	-2	-1	0	2	1	0	-2	2	1	-2	3	4	4	4	20	3	5	5	5	3	4	4	2	8	6	7	3	3	4	4	0.47	inf
-2	-1	-1	0	1	-1	0	0	2	-3	-3	-1	-2	-1	5	1	0	0	-1	-2	4	4	4	5	3	3	6	7	4	2	3	3	1	3	25	11	6	1	2	3	0.38	inf
-1	0	-1	1	2	1	1	0	2	-1	-1	1	0	-1	0	0	-1	2	-1	-1	4	5	3	8	4	6	10	9	5	3	5	8	3	2	4	6	4	3	3	5	0.09	inf
-1	-1	-2	-1	4	0	1	-1	-1	1	0	-1	1	0	0	0	0	3	-1	1	5	4	2	4	9	4	8	5	1	9	8	4	3	3	4	6	5	4	3	9	0.13	inf
-1	0	0	0	2	0	0	2	0	-1	-1	0	0	1	0	0	-1	3	0	-1	4	5	4	5	4	4	6	16	2	3	5	6	2	6	4	8	4	3	3	4	0.09	inf
-1	1	0	0	1	1	2	-2	1	-1	-2	2	1	-1	0	0	0	2	0	-1	4	7	5	4	3	5	11	4	4	4	4	11	3	3	4	8	5	3	3	4	0.11	inf
-1	0	0	0	2	0	0	-1	2	0	-1	0	2	1	0	-1	0	4	1	-1	5	5	5	5	5	5	5	5	5	5	5	5	5	5	5	5	5	5	5	5	0.09	inf
-3	0	-1	3	2	2	1	-1	0	-1	-2	0	-2	3	-1	1	-2	1	-2	-3	2	5	3	14	4	7	10	6	2	3	4	6	1	10	3	12	3	2	2	2	0.24	inf
-1	0	-1	1	1	-1	1	0	2	-1	-2	0	-1	-1	-2	3	0	1	-1	-2	5	4	3	6	2	3	9	7	5	4	4	7	1	3	2	21	5	2	2	3	0.19	inf
-2	-1	0	0	2	2	1	-2	6	-2	-3	-1	-1	1	1	0	0	0	-1	-3	3	4	4	6	4	10	9	4	15	2	4	4	2	6	6	6	5	1	2	2	0.34	inf
0	-1	-2	-1	0	0	0	-1	1	1	1	0	1	1	-1	0	1	0	-1	0	6	3	2	3	2	4	7	5	3	8	17	5	4	5	3	7	7	1	2	5	0.05	inf
-1	1	-1	-1	-1	4	2	-2	2	-1	-1	1	0	-1	0	0	-1	1	-1	-1	5	6	3	4	1	15	12	3	5	3	6	8	2	2	5	8	4	2	2	4	0.20	inf
-2	0	0	2	0	2	3	-1	2	-2	-3	0	0	-2	-1	1	-1	1	-2	-2	4	5	5	11	2	7	18	5	4	3	3	6	2	2	3	8	4	2	1	3	0.23	inf
-2	0	-1	0	0	1	0	-1	6	-1	0	0	0	0	-1	0	-1	2	-1	-1	4	6	4	6	2	6	7	4	15	3	10	6	2	4	4	6	3	2	2	4	0.23	inf
-1	0	0	0	1	2	0	-2	1	0	-1	0	0	-1	0	1	0	3	-1	-1	5	6	4	5	3	10	6	3	3	6	7	6	3	3	5	9	6	4	2	4	0.08	inf
-2	0	0	0	1	0	1	-1	2	0	-1	0	1	0	3	0	-1	2	0	-1	4	6	4	4	3	5	8	5	4	5	5	7	3	4	12	6	5	3	3	5	0.10	inf
-1	0	0	0	2	0	0	-1	2	0	-1	0	2	1	0	-1	0	4	1	-1	5	5	5	5	5	5	5	5	5	5	5	5	5	5	5	5	5	5	5	5	0.09	inf
-1	0	0	0	2	0	0	-1	2	0	-1	0	2	1	0	-1	0	4	1	-1	5	5	5	5	5	5	5	5	5	5	5	5	5	5	5	5	5	5	5	5	0.09	inf
-2	2	0	1	1	0	1	-1	2	-3	-2	2	-1	-2	1	0	0	-1	-2	-2	3	11	4	7	3	4	8	6	4	2	5	14	2	2	7	8	5	1	2	3	0.19	inf
-2	-1	-1	-1	1	-1	0	-1	2	1	0	1	0	1	0	0	1	1	0	0	3	4	3	4	3	2	6	6	5	9	8	9	2	5	6	6	8	2	3	6	0.05	inf
-1	-1	-1	-1	1	1	0	-1	2	0	1	1	1	1	0	0	0	1	0	-1	4	3	4	3	3	6	6	4	6	5	12	9	4	7	5	7	5	2	3	4	0.07	inf
-1	0	0	0	3	1	0	-1	2	0	-1	0	0	1	0	-1	0	3	1	-1	4	4	4	4	6	7	6	4	4	5	5	7	3	5	6	5	6	3	5	4	0.10	inf
-1	0	0	0	2	0	0	-1	2	0	-1	0	2	1	0	-1	0	4	1	-1	5	5	5	5	5	5	5	5	5	5	5	5	5	5	5	5	5	5	5	5	0.09	inf
-1	0	-1	-1	4	1	0	-1	1	0	0	0	0	1	0	-1	0	1	1	0	4	4	3	3	8	6	7	4	3	6	8	5	3	6	5	5	5	2	4	7	0.07	inf
-1	0	-1	0	2	2	2	-2	1	-1	-2	2	0	-1	0	0	-1	2	0	-2	5	5	3	5	4	10	11	4	3	4	4	12	2	3	6	6	3	3	3	3	0.16	inf
-2	0	0	0	2	2	1	-1	1	-1	-2	1	1	0	1	0	0	-5	0	-2	4	6	4	5	5	8	10	4	3	4	5	9	4	4	6	7	5	0	4	3	0.11	inf
-1	0	0	0	2	0	0	-1	2	0	-1	0	2	1	0	-1	0	4	1	-1	5	5	5	5	5	5	5	5	5	5	5	5	5	5	5	5	5	5	5	5	0.09	inf
-2	0	2	0	2	0	2	1	2	-1	-2	0	-1	-1	0	0	0	1	-1	-1	3	4	9	4	4	4	12	9	5	3	5	6	2	3	5	8	5	2	2	4	0.11	inf
-2	-1	0	-1	5	0	0	1	1	-1	-2	2	0	0	0	0	-1	2	0	-1	4	4	4	4	10	4	7	11	3	3	4	11	2	4	5	6	4	3	3	4	0.18	inf
-2	1	0	0	3	2	1	-1	2	-1	-2	1	1	0	0	0	-1	2	0	-2	4	6	4	4	6	8	9	5	4	3	5	9	3	4	4	8	4	3	3	3	0.12	inf
-1	0	0	0	2	0	0	-1	2	0	-1	0	2	1	0	-1	0	4	1	-1	5	5	5	5	5	5	5	5	5	5	5	5	5	5	5	5	5	5	5	5	0.09	inf
0	-2	-2	0	4	-1	0	-1	-1	1	-1	0	-1	0	1	1	1	0	0	-1	7	3	2	6	8	3	5	5	2	7	5	6	2	5	6	11	10	1	3	4	0.12	inf
-2	0	-1	-2	1	1	-1	1	1	0	2	-1	1	2	-1	0	-1	0	-1	-1	3	5	3	2	3	6	5	10	3	4	17	5	3	10	3	7	4	1	2	5	0.12	inf
-3	4	-2	-2	-4	1	1	0	2	-4	-2	3	-1	0	-2	0	-2	-2	0	-3	3	17	2	3	0	6	10	8	5	1	5	14	1	4	3	8	3	1	4	2	0.33	inf
-2	1	2	2	1	1	2	0	1	-4	-4	2	-1	-3	0	1	0	-3	-3	-3	4	8	9	9	2	5	11	7	3	1	2	12	1	1	5	12	5	0	1	2	0.26	inf
-1	0	0	-1	1	0	0	-1	0	1	0	0	-1	1	0	0	0	-2	1	-1	4	4	3	4	3	5	5	5	3	10	9	6	2	5	5	9	6	0	6	4	0.04	inf
0	-1	-1	-1	0	-1	0	-1	0	1	1	0	1	0	0	1	0	-1	0	0	6	3	3	3	2	2	6	6	2	7	14	7	3	4	5	10	5	1	3	8	0.03	inf
-1	1	1	0	-3	0	0	-1	5	-3	-1	1	-1	-3	-1	1	-1	0	0	-2	5	7	7	5	1	4	7	5	13	2	8	8	2	1	3	11	4	1	3	3	0.26	inf
-1	-1	-3	-1	2	0	0	-2	2	0	2	0	1	-1	-1	0	0	-2	0	0	4	3	1	3	4	5	6	4	5	6	19	6	4	3	3	8	6	1	3	7	0.12	inf
-2	0	2	-1	0	-1	2	1	2	-2	-1	-2	-2	-3	0	2	1	-2	-2	-2	4	5	9	4	2	3	11	11	5	3	6	3	1	1	5	15	7	1	1	3	0.19	inf
-2	2	1	-1	-1	1	0	-1	5	-3	-1	3	0	-2	-2	0	1	-1	-3	-2	4	9	6	4	1	7	6	5	11	1	6	15	2	2	2	8	7	1	1	3	0.29	inf
-2	1	0	0	-1	1	2	-2	2	-2	-1	2	-2	-2	-2	1	2	-3	-3	-2	4	7	5	5	1	7	12	4	5	2	6	11	1	2	2	11	10	0	1	4	0.20	inf
-2	1	0	-2	0	2	0	-2	5	-1	-1	0	-1	-1	1	0	0	1	-1	-1	3	7	5	3	2	9	6	4	14	4	7	5	2	3	6	6	6	2	3	4	0.25	inf
-2	0	-1	-1	-1	1	0	0	1	1	0	-1	0	2	-1	1	0	1	-1	0	2	4	2	3	2	5	6	7	4	7	10	4	3	8	4	10	7	2	2	8	0.06	inf
-3	1	0	-1	-3	2	1	-1	5	-2	-3	1	-2	-4	4	0	-1	-2	-4	-2	3	7	4	3	1	7	8	6	11	2	3	8	1	1	18	7	4	1	1	3	0.43	inf
-2	0	-1	-2	2	-1	0	-1	1	1	1	-2	0	-1	0	1	2	-1	0	0	3	5	2	2	4	2	8	5	3	9	11	3	3	3	5	11	11	1	3	8	0.10	inf
-1	1	-1	-1	1	1	0	1	1	0	-1	1	0	-1	-1	0	0	1	-2	-1	4	9	3	4	3	7	7	11	3	5	6	9	3	3	4	6	6	2	1	5	0.06	inf
-3	1	-1	0	1	2	4	-2	-1	-2	-4	3	-1	-4	-1	0	-1	-2	-3	-4	2	6	3	6	3	10	23	4	2	3	3	16	2	1	4	7	4	1	1	2	0.45	inf
-3	3	2	0	2	-1	0	1	1	-2	-3	3	-2	-2	0	0	-1	-7	-1	-3	3	12	8	4	4	3	6	12	3	2	3	17	1	2	4	8	4	0	2	2	0.30	inf
-3	-1	-2	-2	2	2	0	-1	4	-2	-1	0	-3	-1	4	0	-2	1	1	-3	3	3	2	3	4	7	6	6	9	3	8	5	1	3	19	8	3	2	5	2	0.35	inf
-3	-1	0	1	3	0	2	-2	3	-2	-3	1	-2	2	0	0	-2	-1	3	-4	2	4	5	9	6	4	11	3	6	2	3	9	1	7	5	7	2	1	10	2	0.31	inf
-2	0	0	-1	2	2	1	-1	-1	-1	-3	2	-2	-1	1	1	1	-1	-1	-1	4	6	4	3	4	7	8	5	1	3	3	12	1	2	7	12	9	1	2	5	0.15	inf
-4	-2	-2	-3	9	-2	-2	-1	1	-1	-2	-2	-2	2	-1	-2	-3	0	2	-1	2	2	2	2	34	3	4	6	3	3	5	3	1	8	4	4	2	1	5	4	1.05	inf
-2	-2	2	3	-1	0	2	-1	0	-3	-4	1	-1	-4	1	1	-1	-2	-2	-2	4	2	8	17	1	4	13	5	2	2	2	9	2	1	7	10	4	1	1	3	0.33	inf
-1	-1	-1	0	3	1	2	-1	0	0	0	0	0	-1	0	0	1	-1	-1	0	5	4	2	5	6	6	12	5	2	5	9	6	2	3	4	8	7	1	2	6	0.07	inf
-4	-1	-1	-2	9	0	-1	-2	2	-2	-2	-3	-2	1	-3	-1	-3	1	2	-3	2	4	3	2	34	4	5	4	4	2	5	2	1	6	2	6	2	2	6	3	1.09	inf
-3	2	-1	0	-1	1	1	4	0	-3	-3	1	-1	-2	-1	-1	-3	0	-2	-2	2	10	3	5	1	5	9	28	3	2	3	9	2	2	4	5	2	1	2	3	0.40	inf
-3	1	-1	-2	-1	0	1	-1	-2	-4	-3	6	1	-3	-2	0	-2	0	-1	-2	3	7	4	3	1	4	9	5	1	1	3	37	3	1	2	6	3	1	2	3	0.66	inf
0	0	1	1	1	0	-1	0	1	-1	-2	-1	-1	-1	-1	1	1	-1	-1	0	9	5	8	7	3	5	4	7	3	3	4	4	2	3	4	11	8	1	3	6	0.07	inf
-3	-2	-4	-3	2	-2	-2	-2	0	-1	1	-3	0	7	-2	-1	-1	0	1	-2	3	2	1	2	4	3	3	3	2	4	12	2	2	36	3	5	4	1	5	3	0.81	inf
-2	1	1	-1	1	0	0	-1	1	-2	-2	2	0	-2	0	2	1	1	-1	-2	4	8	7	3	3	3	6	6	3	3	4	13	2	2	5	15	7	2	2	3	0.16	inf
-1	1	0	0	1	1	0	0	2	-2	-1	0	0	-1	-1	1	0	2	1	-2	4	8	5	6	3	7	6	6	5	2	6	6	2	3	4	11	6	3	4	3	0.10	inf
-1	1	1	0	0	1	0	-1	2	-1	-2	1	0	0	0	1	-1	2	-1	-2	6	6	6	5	2	5	6	5	5	3	5	10	3	5	5	11	4	3	2	3	0.09	inf
-1	0	0	0	2	0	0	-1	2	0	-1	0	2	1	0	-1	0	4	1	-1	5	5	5	5	5	5	5	5	5	5	5	5	5	5	5	5	5	5	5	5	0.09	inf
-1	-1	2	1	0	1	1	-1	3	-2	-2	0	-1	-2	-1	2	0	1	-1	-2	5	3	8	8	2	7	9	5	7	3	5	7	2	2	3	12	6	2	3	3	0.15	inf
-3	-1	-2	-1	1	-1	-1	-2	2	-1	4	-2	0	2	-1	-2	-2	1	0	-1	3	3	3	4	3	3	5	4	4	3	33	3	2	7	4	4	3	2	3	5	0.33	inf
-1	0	0	-1	0	0	1	-2	1	2	0	1	0	0	0	0	0	0	-1	1	5	6	4	3	2	4	8	3	3	12	9	7	2	4	4	5	6	1	2	8	0.06	inf
-1	2	2	0	-1	1	-1	-1	2	0	-1	1	0	-2	-2	1	0	-1	-1	-1	4	11	9	5	1	7	4	4	5	5	5	8	2	2	2	10	6	1	3	4	0.13	inf
-4	-1	-1	-1	1	2	0	-2	8	-4	-3	-1	-1	-2	-1	0	-3	1	-1	-3	2	4	4	4	3	9	5	4	33	2	3	5	2	2	4	7	2	2	2	3	0.97	inf
-2	1	-1	-1	1	3	0	-2	1	-1	-1	2	2	-1	-1	0	0	1	-1	-1	4	6	3	4	3	13	6	3	3	4	6	13	4	3	4	6	5	2	2	4	0.18	inf
-2	3	0	-1	1	0	0	0	1	0	-2	2	1	-1	0	-1	-1	2	0	-1	4	17	5	3	3	4	5	6	3	5	5	11	3	3	6	4	4	3	3	4	0.18	inf
-1	0	0	0	2	0	0	-1	2	0	-1	0	2	1	0	-1	0	4	1	-1	5	5	5	5	5	5	5	5	5	5	5	5	5	5	5	5	5	5	5	5	0.09	inf
-4	-1	-1	-2	1	1	0	-4	8	-3	-2	0	-2	-2	1	-1	-1	-1	2	-3	2	4	3	2	3	5	6	2	33	2	4	5	1	2	7	6	4	1	6	3	0.99	inf
0	-2	0	-1	2	-1	-1	1	0	0	-2	-1	0	-1	0	2	3	1	-3	-2	7	2	5	4	3	3	5	9	2	5	4	4	2	3	4	13	19	2	1	4	0.20	inf
-1	1	-2	-1	4	0	0	3	-1	-1	-2	0	-1	-1	-2	-1	0	0	-2	-1	6	7	2	4	8	4	7	24	2	4	4	6	2	2	2	5	5	1	2	5	0.26	inf
-2	-1	1	-1	-1	1	4	-1	2	-2	-2	2	-1	-2	0	-1	-1	0	-2	-3	4	3	7	4	1	5	22	5	5	3	4	13	2	2	5	5	4	1	2	2	0.32	inf
-3	1	1	-1	3	0	0	-2	1	-1	-3	5	-1	-2	-1	-1	-2	-7	0	-3	3	8	7	3	6	3	6	4	3	4	3	28	2	2	4	6	3	0	4	2	0.45	inf
-2	0	-1	-2	2	0	-1	-2	1	-2	-2	0	0	-2	5	1	0	1	-2	-2	4	5	3	3	4	4	5	3	3	3	5	6	2	2	27	9	5	2	2	3	0.42	inf
-2	-1	-1	-1	3	0	-1	-1	2	-1	-2	0	0	4	-1	-1	-2	2	4	-1	3	4	4	4	5	4	4	5	5	3	4	6	3	15	3	5	3	3	13	4	0.35	inf
-1	0	0	0	2	0	0	-1	2	0	-1	0	2	1	0	-1	0	4	1	-1	5	5	5	5	5	5	5	5	5	5	5	5	5	5	5	5	5	5	5	5	0.09	inf
-3	-2	-2	-2	10	-4	-3	-2	-3	-1	-3	-2	-3	2	-5	0	-2	-1	1	-2	2	2	3	3	44	1	2	4	1	3	4	3	1	9	1	6	3	1	5	3	1.57	inf
-2	-1	2	1	-1	0	0	-2	0	-1	-2	2	-3	-2	2	0	0	-2	-1	-2	4	3	10	8	1	5	7	4	2	4	4	13	1	2	10	8	6	1	2	4	0.19	inf
-1	-1	-1	0	-1	1	3	0	0	0	-1	1	-1	-1	-2	0	1	-1	-1	0	4	4	3	5	1	7	18	8	2	5	7	7	2	2	2	6	8	1	2	6	0.13	inf
-3	-2	-2	-2	9	0	-2	0	0	-4	-4	-3	-2	0	-4	-1	-3	-1	2	-2	3	3	2	3	41	4	3	8	2	1	3	2	1	4	1	6	2	1	6	3	1.43	inf
-2	0	-1	1	-2	0	2	4	0	-4	-4	0	-3	-2	-2	0	-2	-1	-2	-3	4	4	3	7	1	4	14	30	2	1	2	6	1	2	3	8	2	1	2	2	0.46	inf
-2	2	-1	-1	-2	0	0	-3	-2	-3	-4	6	-2	-4	-3	0	-3	-8	-3	-3	3	9	3	4	1	5	6	3	1	2	2	43	1	1	2	7	2	0	1	3	0.88	inf
1	0	0	-1	1	-1	-2	-1	-2	0	0	-1	-1	-1	-1	2	2	-1	-3	0	10	6	4	4	3	3	3	4	1	4	8	3	2	3	3	17	12	1	1	7	0.14	inf
-3	-4	-3	-3	1	-3	-3	-3	1	-1	1	-3	-1	7	-1	-1	-3	-1	2	-1	3	1	2	2	3	1	2	3	3	3	13	2	1	36	3	6	2	1	6	5	0.88	inf
-1	1	1	-2	0	-1	-1	-2	1	0	1	0	-1	-1	0	2	0	0	-1	-1	5	7	7	2	2	3	4	4	4	5	14	6	2	3	5	14	6	1	2	4	0.09	inf
-2	1	1	-1	1	3	-2	-3	5	-3	0	0	0	0	0	0	0	1	1	-3	4	8	6	3	3	11	2	2	13	2	8	6	2	4	4	8	6	2	4	2	0.33	inf
-1	1	0	-1	1	1	-1	-1	2	0	-1	2	0	-3	0	2	0	0	-2	-2	6	6	5	4	2	6	4	6	4	5	6	13	2	1	5	14	5	1	1	3	0.13	inf
-2	3	0	-1	0	2	0	-2	1	-2	-2	2	0	-2	0	2	0	-6	-2	-1	4	13	5	3	2	8	7	3	3	3	5	12	3	2	4	13	5	0	2	4	0.22	inf
-2	-1	0	-1	1	1	-1	-3	9	-2	-2	-2	0	-1	-1	-1	-2	-8	1	-1	4	4	5	3	2	5	4	2	37	3	4	3	2	3	4	5	3	0	4	4	1.08	inf
-2	0	0	-1	1	3	0	-1	2	-1	0	0	2	0	-1	0	-1	2	0	-1	3	5	4	4	3	11	7	5	5	3	9	7	5	4	4	8	3	3	3	5	0.11	inf
-1	0	0	0	2	0	0	-1	2	0	-1	0	2	1	0	-1	0	4	1	-1	5	5	5	5	5	5	5	5	5	5	5	5	5	5	5	5	5	5	5	5	0.09	inf
-1	0	-1	-3	-1	-2	-2	0	-1	3	-2	-2	-1	-2	-1	1	3	0	-4	1	6	5	4	2	1	2	3	6	1	16	4	3	2	2	3	9	18	2	1	10	0.29	inf
-5	-2	-2	-2	0	-1	0	-3	10	-5	-3	-2	-2	-1	-1	-2	-4	-1	-1	-4	2	3	2	3	2	3	6	3	52	1	3	3	1	3	3	4	2	1	3	2	1.85	inf
-2	0	0	-3	-2	-2	-2	-2	-3	0	-2	1	0	-1	0	1	5	-4	-2	-2	4	4	5	2	1	2	3	4	1	5	4	9	3	2	4	12	31	0	1	3	0.50	inf
-2	1	-1	-1	0	-1	0	4	-2	-4	-3	1	-3	-5	2	-1	-4	0	-4	-3	3	8	4	3	2	3	7	32	1	1	3	9	1	1	10	6	1	2	1	3	0.55	inf
-3	-2	-1	-1	3	-1	4	-2	1	-1	-3	0	-2	1	-4	0	-2	-4	3	-2	2	3	3	4	6	3	28	3	3	4	3	6	1	6	1	6	3	0	10	3	0.51	inf
-2	4	-2	-3	-4	0	0	-4	1	-2	-4	6	-1	-3	-1	-1	-1	-4	-4	-3	3	17	2	2	1	4	5	2	3	3	2	38	1	1	3	4	4	0	1	2	0.89	inf
-5	-4	-4	-6	9	-4	-5	-3	0	-3	-1	-5	-3	1	4	-1	-3	1	1	-3	1	1	1	1	38	1	1	2	2	2	7	1	1	5	21	4	2	2	4	2	1.61	inf
-3	-2	1	0	2	-1	0	-1	2	-4	-2	0	-4	2	2	1	0	-3	4	-4	3	3	7	5	4	3	7	4	4	1	4	5	0	8	10	12	5	0	14	1	0.35	inf
-3	-1	-1	0	-3	2	5	-2	1	-1	-2	1	-2	-2	-3	-2	-1	-4	0	-1	3	4	3	6	1	8	31	4	3	4	4	9	1	2	1	4	4	0	3	5	0.47	inf
-5	-4	-2	-6	11	-3	-4	-3	-2	-5	-4	-4	-4	-3	-4	-1	-6	-1	-1	-4	1	2	3	1	67	2	2	2	1	1	2	2	1	1	2	5	1	1	3	2	2.89	inf
-2	-1	1	0	-2	0	1	5	0	-6	-4	0	-2	-5	-1	0	-1	-1	-5	-3	3	4	5	5	1	4	9	39	2	1	2	5	1	1	4	7	3	1	0	3	0.67	inf
-3	2	-2	-2	-4	-1	0	-4	-1	-4	-2	7	-2	-3	-2	-2	-4	-1	-2	-4	2	10	2	3	1	3	7	2	2	1	5	49	1	1	2	3	2	1	1	2	1.14	inf
2	1	-1	-2	5	-2	-2	-1	0	-1	-3	-1	-1	-4	-2	2	2	-7	-3	1	16	7	3	3	9	2	3	5	2	3	3	4	1	1	2	14	12	0	1	9	0.33	inf
-4	-4	-5	-6	1	-5	-3	-3	-2	-2	0	-5	-4	8	-3	-2	-3	-7	2	-3	2	1	1	1	3	1	2	2	1	3	10	1	0	57	2	4	2	0	6	2	1.77	inf
-1	1	2	-1	-1	0	-2	-2	2	-2	-2	2	-2	-1	0	3	0	-2	-1	-2	6	8	8	3	2	3	2	4	5	3	4	11	1	2	5	20	6	1	2	3	0.25	inf
-3	3	0	1	1	3	-2	-2	3	-4	-2	1	-1	-3	-4	1	1	1	1	-2	3	14	4	7	3	12	3	3	6	1	5	8	1	1	1	11	9	2	5	3	0.34	inf
-1	2	1	-2	-1	0	-1	-2	1	-2	-1	2	0	0	1	3	-1	-1	-2	-3	6	9	6	2	2	4	4	3	4	2	5	13	2	5	8	17	3	1	1	2	0.23	inf
0	-2	-1	0	-1	0	0	-1	1	-2	-3	-2	-1	-1	0	5	-1	1	1	-3	7	3	3	6	1	4	7	4	3	3	3	3	1	3	5	33	4	2	5	2	0.41	inf
-1	-1	3	1	-1	2	0	-2	5	-2	-2	0	-2	-3	-2	2	-1	-3	0	-3	6	3	11	7	2	7	7	4	13	2	5	5	1	1	2	12	4	1	4	3	0.34	inf
-4	-2	-4	-4	-2	-3	-5	-5	-3	-1	6	-5	-1	1	-2	-2	-3	-2	-2	-1	2	2	1	2	1	1	1	1	1	4	59	1	2	6	3	4	2	1	2	5	1.13	inf
-1	1	0	-1	-1	1	0	-3	0	0	0	1	1	-1	-2	0	2	-1	-3	1	6	8	5	3	2	5	6	2	2	6	9	9	4	3	2	6	11	1	1	9	0.09	inf
-1	4	-1	-2	-2	2	0	-3	0	0	-2	2	-2	-3	-2	0	0	-7	-2	-1	6	20	3	2	1	9	7	2	3	5	5	13	1	1	2	7	6	0	2	4	0.35	inf
-6	-2	-1	-4	-2	1	-4	-4	10	-9	-4	-5	-8	-4	-1	-3	-4	-2	-1	-5	1	3	3	1	1	5	2	2	65	0	2	1	0	1	3	3	2	1	2	1	2.68	inf
-3	0	-3	-3	-1	5	0	-5	-1	-1	0	2	4	-1	-1	-2	-3	-2	0	-1	2	5	1	2	1	24	7	1	2	4	9	11	8	2	4	4	2	1	3	5	0.52	inf
-3	6	0	-2	0	1	-2	-1	0	-1	-2	2	-1	-3	-3	-2	-2	-2	-2	-3	3	37	4	2	2	5	4	5	2	4	4	12	2	1	2	3	3	1	1	3	0.76	inf
-1	-1	0	-2	-2	-2	-3	-2	0	4	-2	-2	1	-1	-1	1	3	-1	-2	2	5	4	4	2	1	2	2	3	2	20	4	2	3	3	3	9	17	1	2	11	0.36	inf
-4	-1	-3	-3	0	2	-2	-6	10	-5	-3	-3	-2	-2	0	-1	-4	-2	0	-5	2	4	2	2	2	7	3	1	52	1	3	2	1	2	5	5	2	1	3	1	1.91	inf
-1	-2	-1	-4	0	-2	-3	-2	1	-2	-3	0	1	-1	0	2	5	-2	-3	-1	6	3	4	1	2	2	2	3	3	2	4	6	3	2	6	12	32	1	1	4	0.55	inf
-2	0	0	-1	1	0	0	4	1	-1	-2	-1	0	-1	0	-1	-1	2	-1	-1	4	5	4	4	3	4	7	28	3	3	4	4	3	3	4	6	3	3	3	5	0.28	inf
0	0	0	0	2	0	0	-1	1	0	-1	0	1	0	0	0	0	-2	1	0	5	5	5	5	5	5	5	5	5	5	5	5	5	5	5	5	5	0	5	5	0.03	inf
-3	4	-1	-3	-9	0	-1	-3	-1	-3	-5	6	-4	-5	-4	-3	-3	-3	-4	-5	2	19	3	2	0	4	5	2	2	2	1	48	1	1	1	2	2	1	1	1	1.32	inf
-2	-1	-3	-2	-1	-3	-2	-3	0	-2	-1	-2	-1	-4	7	0	0	-1	-4	-3	4	4	2	3	2	1	3	2	2	2	6	3	1	1	46	7	5	1	1	2	1.04	inf
-5	-3	-3	-5	4	-3	-5	-6	5	-5	-4	-6	-4	6	-1	-4	-4	-1	7	-4	2	2	2	1	7	2	1	1	13	1	2	1	1	27	3	2	2	1	30	1	1.63	inf
-1	1	-2	0	-3	1	2	-2	-1	0	-3	4	-1	-4	0	-2	1	-3	-4	0	6	7	2	5	1	6	13	4	2	5	3	20	1	1	5	4	8	1	1	6	0.30	inf
-9	-4	-3	-5	11	-4	-10	-6	0	-5	-7	-10	-9	-2	-5	-2	-5	2	0	-5	0	2	2	1	74	1	0	1	2	1	1	0	0	2	1	4	1	3	3	1	3.47	inf
-2	0	2	2	-2	0	1	-1	2	-2	-2	1	-1	-2	3	1	-1	-6	-3	-3	2	5	9	11	1	4	10	5	5	2	4	9	2	2	13	10	4	0	1	2	0.26	inf
-3	-2	0	0	-2	1	4	-2	1	1	0	1	-1	-2	-1	-2	-1	-1	0	0	3	2	4	6	1	5	23	4	3	8	8	9	2	2	3	4	4	1	3	6	0.25	inf
-3	-2	-3	-3	11	-1	-3	-4	-1	-3	-4	-7	-6	-3	-3	-3	-3	-7	1	-3	3	2	1	2	66	3	2	2	2	1	2	0	0	2	2	3	1	0	5	2	2.55	inf
-2	0	1	0	-1	-1	0	4	0	-3	-3	1	-1	-3	-1	-1	-2	0	-2	-1	3	4	5	5	1	3	7	36	2	2	2	8	2	1	3	5	2	2	1	5	0.43	inf
-2	2	-1	-2	-6	0	1	-3	-1	-2	-4	6	0	0	-5	-3	-2	0	1	-3	4	11	3	2	0	3	7	2	2	2	2	45	2	3	0	2	3	1	4	2	0.81	inf
2	1	0	0	-1	-1	-1	0	-1	-1	-2	-1	0	-2	-1	3	1	0	-2	0	15	9	4	4	2	2	3	6	2	3	4	3	2	1	2	22	9	2	1	5	0.17	inf
0	-2	0	-2	2	-1	0	0	-2	0	0	-2	1	1	1	0	0	-2	1	0	7	0	7	0	7	0	7	7	0	7	7	0	7	7	7	7	7	0	7	7	0.07	inf
-1	2	2	-3	1	-2	-2	0	0	0	-2	1	-1	-2	-1	2	1	0	-1	-1	5	9	9	2	3	2	2	6	3	5	5	9	1	2	3	17	9	1	2	4	0.19	inf
-3	4	1	0	1	3	-2	-4	3	-3	-2	0	0	-2	-3	0	1	2	1	-2	2	17	5	5	2	12	3	2	7	2	4	6	2	2	2	8	8	3	5	3	0.38	inf
-1	2	1	-2	-1	0	-2	-2	1	-2	-1	3	0	-1	1	2	-1	-1	0	-4	4	9	7	2	1	5	3	4	3	2	6	18	2	3	6	15	3	1	3	2	0.28	inf
-1	-2	-1	0	0	1	-1	-1	2	-4	-2	-2	-1	-3	-2	5	0	0	0	-3	6	3	3	4	2	5	4	5	5	1	4	3	1	2	3	37	5	1	3	2	0.55	inf
-1	-1	3	1	0	0	0	-2	4	-2	-3	0	0	-1	-2	1	-1	1	0	-1	6	4	13	7	2	5	6	4	9	2	3	5	2	3	2	11	4	2	4	5	0.23	inf
-3	-2	-3	-2	0	-1	-3	-4	0	-2	5	-3	0	2	-3	-2	-2	1	-1	-1	3	2	2	2	2	3	2	2	2	3	49	2	2	7	2	3	3	2	2	4	0.78	inf
-1	1	1	-1	0	1	0	-2	1	1	0	1	0	-1	0	0	0	1	0	0	5	7	6	3	2	6	7	2	3	7	7	10	3	3	4	6	7	2	3	6	0.06	inf
-2	3	0	-2	1	3	0	-2	1	-1	-2	1	1	-1	-1	0	0	0	0	0	3	16	4	3	3	11	5	3	3	4	5	9	3	3	3	6	6	1	3	6	0.20	inf
-4	-3	-2	-4	-1	-1	-3	-4	10	-4	-5	-1	-1	-3	-3	-5	-4	3	-1	-4	2	2	2	1	1	3	2	2	62	1	2	4	1	1	2	2	2	3	2	1	2.48	inf
-1	0	0	0	2	0	0	-1	2	0	-1	0	2	1	0	-1	0	4	1	-1	5	5	5	5	5	5	5	5	5	5	5	5	5	5	5	5	5	5	5	5	0.09	inf
-2	5	0	-1	1	0	-1	-2	1	-1	-2	2	0	-2	-3	-1	-2	1	-1	-3	4	27	5	3	2	5	4	3	3	4	5	13	2	2	2	5	3	2	3	3	0.45	inf
-1	0	-1	-1	1	-1	-1	-1	0	3	-1	-1	1	0	-2	0	2	1	0	1	5	5	3	3	3	3	4	6	2	14	6	3	3	3	3	7	12	2	4	9	0.11	inf
0	0	0	0	2	0	0	-1	1	0	-1	0	1	0	0	0	0	-2	1	0	5	5	5	5	5	5	5	5	5	5	5	5	5	5	5	5	5	0	5	5	0.03	inf
-1	1	-1	-1	1	0	-1	-1	2	0	-1	0	1	0	-1	1	3	-5	0	-1	5	6	3	4	3	3	5	4	5	6	6	6	3	3	3	11	15	0	3	5	0.13	inf
-1	1	0	-1	3	1	0	3	1	-2	-3	0	0	-1	0	-1	-1	2	0	-2	5	7	4	4	5	6	7	19	3	3	3	5	3	3	5	5	3	3	3	3	0.17	inf
-1	0	0	0	2	0	0	-1	2	0	-1	0	2	1	0	-1	0	4	1	-1	5	5	5	5	5	5	5	5	5	5	5	5	5	5	5	5	5	5	5	5	0.09	inf
-1	0	0	0	2	0	0	-1	2	0	-1	0	2	1	0	-1	0	4	1	-1	5	5	5	5	5	5	5	5	5	5	5	5	5	5	5	5	5	5	5	5	0.09	inf
-2	-3	-3	-3	0	-1	-2	-2	-1	-3	-1	-1	-2	-1	7	-1	-3	-3	-1	-4	4	2	2	2	2	3	3	4	2	2	7	5	1	2	47	6	2	1	2	2	1.05	inf
-1	-1	-2	-3	-1	0	-2	0	2	-2	-3	1	-1	3	-1	-2	-2	-1	6	-2	5	4	2	2	1	4	3	8	4	2	3	9	1	12	4	4	3	1	24	3	0.59	inf
-1	0	-1	-2	8	-1	0	-3	0	-2	-3	1	-2	-3	0	1	-1	-1	-2	-1	6	5	3	2	28	3	6	3	2	2	3	8	1	1	5	9	4	1	2	4	0.79	inf
-1	-1	1	-1	6	-1	-1	1	3	-2	-2	0	-1	0	0	1	-2	-2	2	-3	5	3	7	4	13	3	4	11	5	2	4	6	2	4	4	9	3	1	6	2	0.30	inf
-2	0	0	0	2	2	3	-2	0	-2	-2	2	-1	-2	0	-1	-1	-2	-2	-2	4	5	4	6	4	9	20	4	2	3	5	12	2	2	4	6	4	1	1	3	0.29	inf
-2	-3	-2	-3	10	-3	-3	-2	-2	-5	-2	-2	-2	-4	-2	-2	-2	-1	-1	-1	4	2	2	2	52	1	2	4	1	1	4	3	1	1	3	4	3	1	2	5	1.94	inf
-2	0	0	0	-2	0	2	4	-1	-4	-3	1	-2	-3	1	0	-3	0	-3	-4	4	4	4	5	1	4	13	27	2	1	3	8	1	1	7	7	2	1	1	2	0.42	inf
-1	1	-1	-2	-3	0	1	-2	0	-2	-3	5	-1	-2	-2	-2	-1	-2	-1	-2	6	7	3	3	1	4	10	4	2	3	4	33	1	2	2	4	4	1	3	4	0.51	inf
-2	-2	-3	-4	7	-2	-2	-3	-1	-2	0	-2	-1	6	-2	-2	-2	-6	0	-2	4	3	1	2	21	2	3	3	1	2	8	3	2	28	2	4	3	0	4	4	1.03	inf
-1	0	1	-2	-1	-1	-2	2	0	-1	-3	-1	-1	2	0	3	0	-2	-1	-2	6	4	6	3	2	2	3	13	2	4	3	4	2	8	4	22	6	1	2	3	0.26	inf
-2	4	-1	0	0	3	0	-2	2	-3	-3	3	0	-2	-1	-1	-1	0	-1	-3	4	20	3	5	2	11	6	4	4	2	3	16	2	2	3	6	4	1	2	2	0.42	inf
0	1	1	-1	0	0	-1	0	0	-3	-2	2	-2	-3	1	3	-1	-1	-2	-2	7	8	7	4	2	4	4	6	3	2	5	11	1	1	6	21	4	1	2	3	0.22	inf
0	-3	-1	-1	-1	-2	-1	-2	-1	-2	-1	-2	0	3	0	4	-1	-2	1	-1	7	2	3	4	1	2	4	4	2	2	6	3	2	11	5	29	4	1	5	4	0.37	inf
0	-1	2	-1	-1	0	-1	-1	4	-3	-1	0	-1	-2	0	2	0	0	-1	-1	9	4	9	4	1	4	4	4	9	2	7	6	2	2	5	14	6	1	3	5	0.15	inf
-3	-2	-2	-3	-2	-2	-2	-2	-1	-1	5	-2	0	2	-1	-1	-2	-1	-1	-2	3	3	2	2	1	2	3	4	2	3	45	3	2	6	4	4	3	1	2	3	0.62	inf
-1	1	1	-1	-2	0	0	-2	0	0	-1	2	0	-1	-1	1	2	-1	-2	0	5	7	5	3	1	5	7	3	2	6	7	11	3	2	4	9	11	1	2	6	0.09	inf
-1	3	0	0	-1	2	1	-2	0	-1	-2	2	0	-3	-1	0	0	-2	-3	0	5	13	4	4	1	8	10	4	3	4	4	12	2	1	3	6	6	1	1	7	0.19	inf
0	0	0	0	2	0	0	-1	2	0	-1	0	-2	0	0	0	0	3	1	-1	5	5	5	5	5	5	5	5	5	5	5	5	0	5	5	5	5	5	5	5	0.06	inf
-1	0	-1	-1	1	2	0	-1	1	0	1	0	3	0	0	-1	-1	2	0	0	4	5	3	3	3	10	5	4	3	5	12	6	6	3	4	5	4	3	3	6	0.09	inf
-1	4	0	-1	1	0	0	-1	1	-1	-2	2	1	0	0	-1	-1	2	0	-2	5	21	4	3	3	5	5	4	3	4	4	10	3	3	4	5	4	2	3	3	0.26	inf
-1	0	0	-1	1	-1	-1	-1	0	1	-1	0	1	0	1	0	2	2	0	0	5	5	5	3	3	3	5	5	3	8	6	5	3	4	6	6	13	2	3	6	0.06	inf
-2	-1	0	-1	1	0	-1	-2	8	-2	-3	-1	0	-1	0	-1	-2	2	0	-2	4	4	4	3	3	4	4	4	32	3	3	3	3	3	4	6	3	3	4	3	0.85	inf
-1	-1	-1	-1	2	-1	-1	-2	2	-1	-2	0	0	-1	1	1	3	1	-1	0	5	4	4	3	4	3	5	4	4	4	5	6	3	2	6	10	19	2	2	6	0.18	inf
-1	0	-1	0	1	-1	0	4	0	-2	-2	0	-1	-2	-1	0	-1	1	-1	-1	6	4	3	5	3	3	7	28	3	3	4	6	2	2	4	7	4	2	2	5	0.28	inf
-1	0	0	1	2	1	3	0	1	-2	-3	1	1	-1	0	-1	-2	2	-1	-1	5	5	5	7	4	5	16	7	3	3	3	8	3	3	5	5	3	3	3	4	0.15	inf
-1	0	0	0	-3	0	0	-1	2	0	-1	0	1	0	0	0	0	3	1	0	5	5	5	5	0	5	5	5	5	5	5	5	5	5	5	5	5	5	5	5	0.06	inf
-1	0	0	0	2	0	0	-1	2	0	-1	0	2	1	0	-1	0	4	1	-1	5	5	5	5	5	5	5	5	5	5	5	5	5	5	5	5	5	5	5	5	0.09	inf
-3	-3	-2	-4	7	-2	-5	-4	4	-2	-4	-4	-2	4	-3	-3	-4	0	6	-3	3	2	2	1	20	2	1	2	7	3	2	1	1	17	2	3	2	2	25	2	1.33	inf
0	0	-2	-1	-1	1	1	-2	2	1	-2	2	-1	-1	1	0	0	-1	-1	0	6	5	2	4	1	7	9	4	5	7	4	13	2	2	6	7	6	1	2	6	0.12	inf
-3	-3	-3	-2	10	-2	-2	-3	1	-2	-3	-3	-1	-1	-1	-3	-3	3	0	-3	2	2	2	2	53	2	3	2	3	2	3	2	2	3	3	2	2	3	3	2	1.80	inf
0	0	1	1	1	0	1	-1	2	-1	-2	1	0	-1	2	0	0	-3	0	-1	6	6	7	7	3	4	9	5	5	4	4	8	3	3	9	6	5	0	3	4	0.09	inf
-1	-1	0	1	0	1	3	-1	2	0	-1	0	0	0	0	-1	0	-4	0	-1	4	3	3	7	3	6	21	5	5	5	5	5	3	4	3	4	5	0	4	5	0.12	inf
-4	-5	-4	-6	11	-3	-6	-3	-3	-7	-5	-7	-3	-6	0	-2	-7	-4	0	-6	2	1	1	1	71	1	1	2	1	1	1	1	1	0	5	4	1	0	4	1	3.23	inf
-3	0	1	1	-1	0	0	5	-1	-7	-6	-1	-4	-4	-1	0	-2	-1	-6	-5	3	5	6	7	1	5	6	44	2	0	1	4	0	1	4	7	3	1	0	1	0.85	inf
-3	3	-4	-5	-3	0	0	-3	-1	-2	-4	6	0	-3	-2	-3	-3	-2	-1	-3	3	12	1	1	1	4	6	2	2	3	2	48	2	2	3	2	2	1	3	3	1.13	inf
3	1	-1	-4	0	-4	-3	1	0	-2	-4	-2	-2	-2	-1	2	2	-8	-3	1	23	7	4	1	2	1	2	9	2	3	2	3	1	2	4	15	11	0	1	9	0.35	inf
-3	-4	-4	-5	2	-2	-4	-6	-2	-3	-1	-6	-4	8	-2	-1	-1	-8	2	-5	3	1	1	1	4	2	2	1	1	2	7	1	0	55	3	6	4	0	5	1	1.71	inf
-1	1	2	-3	-1	-1	-2	-1	0	-1	-3	1	-2	-2	1	3	2	-2	-3	-1	6	8	9	1	1	3	3	6	3	4	3	7	1	2	6	21	11	1	1	5	0.27	inf
-2	3	-1	0	0	2	-1	-1	3	-3	-1	1	-1	-1	-3	1	1	1	1	-2	3	13	4	5	2	10	5	4	6	2	6	8	2	3	2	10	7	2	5	3	0.22	inf
-1	2	1	-3	-1	1	-2	-2	0	-4	-1	3	-1	-1	2	2	-2	0	-1	-3	6	10	6	2	2	6	3	3	2	1	7	16	2	3	9	14	3	1	2	3	0.29	inf
0	0	-1	0	-1	-2	-1	-1	1	-5	-4	-1	-2	-3	-1	5	0	-1	1	-4	8	4	3	4	2	2	5	6	4	1	2	4	1	1	4	36	5	1	4	2	0.55	inf
1	-2	3	1	-2	0	-1	-1	6	-3	-3	0	-1	-4	-3	2	0	-2	0	-3	10	3	11	8	1	4	3	5	14	2	3	5	2	1	1	13	6	1	3	2	0.41	inf
-3	-3	-5	-4	-3	-4	-5	-3	-2	0	6	-5	0	1	-3	-4	-5	-3	-1	-1	2	2	1	1	1	1	1	3	1	5	61	1	2	6	2	2	1	0	2	4	1.21	inf
0	2	0	-2	-1	1	0	-3	-2	1	-1	2	1	-3	-3	0	2	-1	-3	0	8	9	4	3	1	6	5	2	1	8	7	14	3	1	2	6	12	1	1	7	0.19	inf
0	4	-1	-3	-4	1	0	-3	-2	0	-2	2	0	-5	-1	1	1	-3	-2	0	8	20	3	2	1	7	5	2	1	5	4	11	2	1	3	9	7	0	1	8	0.31	inf
-5	-4	-3	-6	-2	-2	-5	-5	11	-9	-5	-4	-9	-5	-2	-3	-9	-9	-3	-5	1	1	1	1	1	2	1	2	77	0	2	1	0	1	3	2	0	0	1	1	3.40	inf
-2	1	-1	-4	-1	4	0	-3	0	0	1	2	3	-1	-1	-1	-1	0	-1	-1	2	6	3	0	1	17	7	2	2	5	11	11	8	3	4	5	3	1	2	5	0.26	inf
-3	5	-1	-3	1	1	-1	-4	0	-2	-1	3	1	-2	-2	-1	0	0	-1	-2	3	28	3	2	3	6	5	2	3	3	6	14	3	2	2	4	5	1	2	3	0.53	inf
-1	0	-1	-2	0	-2	-2	-2	0	3	-1	-2	1	-2	-2	1	3	0	-2	1	5	5	4	2	2	2	3	3	2	15	6	3	3	2	2	10	18	1	1	10	0.27	inf
-4	-2	-3	-3	0	-1	-2	-3	10	-8	-3	-1	-8	-2	-1	-2	-3	-8	0	-4	2	3	2	2	2	3	3	3	56	0	4	4	0	2	4	3	2	0	3	2	2.10	inf
-1	-2	-1	-2	1	-2	-3	-2	2	-2	-2	0	1	-1	1	2	5	0	-7	-2	5	3	4	2	3	2	2	4	4	2	4	5	3	3	7	13	28	1	0	4	0.47	inf
-3	1	-1	0	-5	0	1	5	0	-5	-6	0	-6	-5	-1	-3	-2	-2	-3	-3	2	6	3	4	0	4	10	47	2	1	1	6	0	0	3	2	3	1	1	2	0.87	inf
-2	-2	-2	1	-7	0	6	-2	-2	-3	-3	2	-4	-3	-2	-2	-3	-7	-4	-1	3	3	2	7	0	4	49	3	1	2	3	10	1	1	3	3	2	0	1	4	0.98	inf
-4	5	-3	-3	-8	-2	-3	-2	-4	-4	-4	6	-2	-5	-3	-3	-2	-8	-3	-5	1	24	1	2	0	2	2	3	0	1	2	50	1	1	2	2	3	0	1	1	1.42	inf
-3	-2	-1	-4	0	-3	-4	-6	-1	-2	-1	-1	-3	-3	7	0	0	-3	-8	-2	3	3	3	1	2	2	2	1	1	2	6	4	1	1	54	6	5	1	0	3	1.35	inf
-8	-2	-3	-5	1	-5	-5	-8	5	-2	-3	-6	-4	6	-5	-5	-6	2	8	-3	0	3	2	1	3	1	1	0	11	2	3	1	1	25	1	1	1	2	41	2	1.90	inf
-1	1	-3	-3	-1	1	3	-3	-1	0	-3	4	-2	-3	0	-1	-1	-8	-4	0	6	7	1	2	2	6	18	2	1	6	4	22	1	1	4	5	5	0	1	6	0.42	inf
-9	-10	-10	-10	12	-4	-10	-5	-1	-9	-5	-10	-9	-2	-10	-4	-6	-10	0	-9	0	0	0	0	84	1	0	2	2	0	2	0	0	2	0	2	1	0	3	0	4.19	inf
-3	-2	2	1	-3	0	2	-2	1	-3	-3	2	-4	-4	4	1	0	-8	-5	-3	3	2	9	8	1	4	11	3	4	2	3	12	1	1	18	9	7	0	1	2	0.43	inf
-4	-2	-1	0	-4	1	4	-5	1	2	-1	0	-2	1	-3	-4	-2	1	1	1	2	2	3	5	0	6	27	1	3	10	7	6	1	5	2	1	3	2	5	8	0.45	inf
-9	-5	-10	-10	12	-10	-6	-10	-10	-10	-10	-10	-10	-4	-10	-2	-9	-1	-2	-5	0	1	0	0	87	0	1	0	0	0	0	0	0	1	0	4	0	1	2	1	4.43	inf
-3	-4	0	1	-3	-2	0	6	0	-6	-4	-2	-4	-3	0	-1	-1	-3	-9	-5	3	1	5	7	1	2	7	50	2	1	2	3	0	1	5	5	4	0	0	1	1.01	inf
-3	3	-4	-5	-5	-3	0	-6	-1	-3	-5	7	0	-3	-9	-5	-6	0	-1	-6	3	14	1	1	0	2	6	1	2	2	2	58	2	2	0	1	1	1	2	1	1.64	inf
3	2	-1	-4	0	-3	-3	0	-1	-1	-3	-1	-2	-3	0	2	1	-3	-4	1	23	9	3	1	2	1	2	8	1	4	2	4	1	1	4	14	10	0	1	10	0.34	inf
-5	-6	-9	-9	3	-9	-9	-5	-4	-3	-2	-9	-3	9	-9	-2	-3	-2	2	-6	2	1	0	0	5	0	0	1	1	2	5	0	1	69	0	3	2	1	7	1	2.57	inf
0	2	1	-3	0	-2	-2	-2	1	0	-4	2	0	-3	-2	3	2	-2	-2	-3	8	12	7	2	2	2	3	4	3	5	2	12	2	2	3	18	11	1	1	2	0.31	inf
-4	4	0	-1	0	4	-2	-3	3	-6	-3	0	0	-1	-3	1	0	1	1	-3	2	21	4	4	2	14	3	3	7	1	3	5	3	3	2	9	7	2	5	2	0.50	inf
-1	1	0	-3	-2	0	-1	-2	0	-3	-1	3	-1	-1	1	3	-3	-2	-3	-2	5	8	5	1	1	5	4	4	2	2	7	17	1	2	7	22	2	1	1	3	0.37	inf
0	-2	0	0	-1	-1	0	-1	2	-3	-4	-1	-3	-3	-1	5	0	0	1	-4	7	3	4	6	1	3	6	5	5	2	2	4	1	1	4	34	5	1	5	2	0.51	inf
-1	-1	3	2	-3	0	-1	-2	6	-3	-2	-1	-2	-4	-4	1	0	-1	2	-1	5	3	11	11	1	5	5	3	15	2	5	4	1	1	1	11	6	1	7	4	0.43	inf
-7	-4	-6	-10	-3	-3	-9	-6	-1	-2	6	-6	1	2	-2	-9	-9	0	-3	-2	1	1	1	0	1	1	0	1	2	2	73	1	3	6	2	0	0	1	1	3	1.82	inf
-1	1	1	-3	0	1	0	-3	0	1	-1	3	0	-2	-2	-1	2	-2	-2	0	6	7	6	1	2	7	5	2	2	9	5	16	3	2	2	4	12	1	1	7	0.23	inf
-1	5	0	-2	-3	2	-1	-3	1	0	-2	2	1	-5	-4	-2	0	-3	-1	0	5	27	4	2	1	8	4	2	3	4	4	10	3	1	1	4	5	0	2	7	0.48	inf
-9	-5	-4	-9	-2	-4	-9	-9	11	-10	-6	-9	-9	-9	-2	-6	-9	-9	-1	-10	0	1	1	0	1	1	0	0	87	0	1	0	0	0	3	1	0	0	2	0	4.18	inf
-4	1	-4	-6	-3	5	0	-5	0	1	1	1	4	-2	-5	-2	-4	-2	-1	0	2	7	1	1	1	23	7	1	2	8	13	9	10	2	1	3	1	1	3	6	0.62	inf
-2	5	-1	-2	1	0	-2	-3	2	-1	-2	2	1	-1	-2	-2	-1	2	1	-1	4	27	3	3	3	5	3	3	4	4	5	10	4	3	3	4	3	3	4	4	0.45	inf
-2	-1	-1	-2	1	0	-1	-1	0	3	-1	-1	1	-1	-2	0	2	2	-1	1	4	4	3	3	3	4	4	5	3	14	5	3	4	3	3	8	14	3	3	9	0.17	inf
-3	-2	-1	-2	1	0	-2	-8	10	-9	-4	-8	-8	-1	-2	-3	-8	-8	0	-2	3	3	3	3	3	4	3	0	61	0	3	0	0	3	3	3	0	0	3	3	2.46	inf
-2	0	0	-2	2	-2	-3	0	2	-2	-3	-2	0	-1	-1	2	4	0	-2	-2	4	5	5	2	4	2	2	7	5	3	3	3	3	2	4	16	24	1	1	3	0.39	inf
-1	0	-1	0	1	0	-1	4	1	-2	-3	1	0	-1	0	-1	-1	2	-1	-1	5	5	3	5	2	4	5	26	3	3	4	8	3	3	6	4	3	3	3	4	0.26	inf
-2	0	-1	0	-7	2	4	-1	1	-1	-2	1	3	-7	-1	-2	-1	2	0	-1	3	4	3	6	0	7	27	4	3	3	4	7	6	0	3	4	4	3	3	4	0.42	inf
-1	2	0	-1	-4	0	-1	-1	1	-1	-2	4	0	-1	0	-1	0	2	0	-1	5	10	4	4	0	4	3	4	3	3	4	30	3	3	4	4	5	3	3	4	0.29	inf
-1	0	0	-1	1	0	-1	-2	2	-1	-1	-1	0	-1	5	0	0	-5	-1	-1	4	4	4	3	3	4	5	4	5	3	7	4	3	3	29	6	5	0	3	4	0.39	inf
-5	-6	-2	-6	0	-5	-4	-3	4	-3	-2	-6	-3	6	-5	-4	-4	2	8	-6	1	1	2	1	2	1	2	3	7	2	4	1	1	29	1	2	2	3	37	1	1.77	inf
0	1	-3	-3	-2	2	2	-4	0	-1	-3	4	-2	-4	-1	-1	1	-2	-3	1	8	7	2	2	1	7	11	2	2	4	3	24	1	1	4	4	7	1	1	8	0.40	inf
-5	-4	-4	-4	11	-8	-5	-2	-3	-8	-5	-8	-8	-3	-3	-4	-8	-1	-1	-5	1	1	1	1	76	0	1	3	1	0	2	0	0	2	2	2	0	1	2	1	3.51	inf
-2	0	2	0	-2	1	1	-2	2	-2	-3	2	-1	-2	3	0	0	-5	-2	-2	4	5	8	6	1	6	9	3	5	3	2	13	2	2	15	7	5	0	1	3	0.27	inf
-2	-2	-1	0	-2	1	3	-1	3	0	-1	0	-2	1	-1	-1	-1	2	1	1	3	2	3	5	1	5	20	4	6	5	6	5	1	6	3	4	3	3	4	10	0.18	inf
-4	-4	-4	-4	11	-4	-8	-4	-2	-7	-5	-7	-7	-3	-2	-3	-7	0	-1	-4	2	1	1	1	76	1	0	2	1	0	2	0	0	1	3	3	0	1	2	1	3.31	inf
-3	0	0	2	-2	0	0	5	0	-4	-3	-1	-3	-4	0	0	-3	1	-3	-3	2	4	5	11	1	4	6	38	2	1	3	3	1	1	4	6	2	2	1	2	0.58	inf
-2	3	-2	-2	-1	-1	0	-4	-1	-2	-4	6	-1	-1	-6	-2	-2	-1	1	-2	3	12	2	2	1	2	6	1	1	3	2	45	2	3	0	3	3	1	4	3	0.89	inf
2	1	0	-1	1	0	0	-1	1	0	-2	-1	0	-1	-1	0	0	2	-1	1	15	7	5	3	3	5	5	5	3	4	3	4	3	3	3	6	6	3	3	11	0.09	inf
-2	-8	-8	-8	2	-1	-2	-2	1	-1	-2	-8	1	7	-1	-2	-1	-7	3	-2	4	0	0	0	4	3	3	4	3	4	5	0	3	40	4	4	4	0	10	4	1.15	inf
-1	2	2	-3	-1	-2	-3	-1	0	0	-3	2	-2	-3	-1	3	2	-1	-1	-1	6	10	8	1	1	2	2	4	2	5	2	11	1	1	4	21	10	1	2	4	0.32	inf
-3	4	0	-1	1	3	-2	-2	4	-5	-3	-1	-3	-2	-2	0	1	2	1	-3	3	18	4	4	3	14	3	3	9	1	3	4	1	2	3	8	8	3	4	2	0.47	inf
-2	3	0	-2	-1	0	-1	-3	2	-2	-1	3	0	-2	1	3	-3	-8	-2	-3	4	12	5	2	2	4	4	2	4	2	5	15	2	2	8	20	1	0	2	2	0.38	inf
0	-2	-1	1	1	-1	1	-1	0	-4	-3	-3	-2	-1	0	5	-1	1	0	-4	8	3	3	7	3	2	8	5	2	1	3	2	1	3	5	34	5	2	3	1	0.50	inf
0	-2	4	1	-2	1	-1	-2	5	-2	-3	0	-1	-5	-2	2	0	-2	0	-3	8	3	16	7	1	5	3	3	11	2	4	5	2	1	3	15	5	1	3	2	0.41	inf
-4	-1	-5	-9	-3	-1	-4	-7	-4	-2	6	-6	-1	2	-5	-3	-4	-2	-2	-1	2	3	1	0	1	3	1	1	1	2	64	1	2	7	1	2	1	1	2	4	1.41	inf
-1	2	0	-3	-3	1	-1	-4	-1	2	0	3	-1	-2	-2	-1	2	-1	-2	0	5	11	5	2	1	5	4	1	2	11	9	14	2	2	3	6	11	1	1	6	0.23	inf
-1	4	-1	-1	1	2	0	-2	-1	0	-1	2	0	-3	-3	-1	0	-2	-2	-1	6	19	4	4	3	9	6	4	1	6	6	11	2	1	2	5	5	1	1	4	0.26	inf
-4	-4	-4	-6	-3	-5	-4	-6	11	-12	-6	-4	-3	-5	-2	-6	-5	-12	-4	-12	2	1	1	1	1	1	2	1	81	0	1	1	1	1	3	1	1	0	1	0	3.69	inf
-2	1	-1	-2	1	3	0	-3	1	0	0	1	3	0	-2	-1	-1	2	0	-1	3	8	3	3	3	12	6	3	3	6	10	9	7	4	3	5	3	3	3	5	0.19	inf
-2	5	0	-2	2	1	-2	-2	1	-1	-2	1	1	-1	-2	-2	-2	2	0	-2	3	27	4	3	4	7	3	3	3	4	5	8	3	3	3	3	3	3	3	4	0.45	inf
-1	0	0	0	2	0	0	-1	2	0	-1	0	2	1	0	-1	0	4	1	-1	5	5	5	5	5	5	5	5	5	5	5	5	5	5	5	5	5	5	5	5	0.09	inf
0	0	0	0	2	0	0	-1	1	0	-1	0	1	0	0	0	0	-2	1	0	5	5	5	5	5	5	5	5	5	5	5	5	5	5	5	5	5	0	5	5	0.03	inf
-1	-1	0	-2	2	0	-2	-3	5	-1	-2	-1	2	-1	-1	2	3	1	-1	-2	5	3	4	2	4	4	3	3	12	3	4	4	5	2	3	15	16	2	2	3	0.39	inf
0	0	0	-1	0	0	0	3	2	-2	-2	1	-1	-2	-1	-1	-1	1	-2	0	7	5	4	4	2	4	6	24	4	3	4	8	2	2	4	5	4	2	2	6	0.21	inf
-2	1	0	1	-7	1	4	-1	2	-2	-2	1	0	-2	1	-1	-1	1	-2	-2	4	7	4	7	0	7	21	6	4	3	5	7	2	2	7	4	4	2	2	3	0.26	inf
-2	4	0	-2	-1	-2	-1	-2	0	-2	-1	5	-2	-2	0	-2	-2	-6	-2	-1	3	19	4	3	1	2	3	3	2	2	6	32	1	2	5	3	3	0	2	4	0.54	inf
-2	0	-2	-6	-2	-3	-4	-7	-3	-2	-1	-1	-1	0	7	-2	-2	-3	-3	-4	4	5	3	1	1	2	2	1	1	3	7	4	2	3	53	4	3	0	1	2	1.35	inf
-7	-6	-6	-6	2	-4	-7	-5	3	-3	-1	-6	-5	6	-3	-2	-6	-2	8	-6	1	0	1	1	4	1	1	1	6	2	5	1	0	25	2	4	1	1	44	1	1.94	inf
-2	0	-3	-4	-3	2	1	-2	0	0	-3	4	-1	-3	0	-1	0	-3	-3	1	4	6	1	1	1	10	10	3	2	6	2	24	2	2	4	5	7	1	1	10	0.38	inf
-4	-5	-9	-5	12	-9	-4	-6	-3	-8	-8	-9	-8	-5	-9	-3	-5	-4	-4	-8	2	1	0	1	85	0	2	1	1	0	0	0	0	1	0	3	1	0	1	0	4.07	inf
-2	0	2	1	-2	0	3	-2	2	-3	-4	1	-3	-5	3	1	0	-4	-4	-4	3	5	9	7	1	3	16	3	4	2	2	9	1	1	16	10	6	0	0	1	0.41	inf
-3	-2	-2	1	-2	1	4	-1	2	1	0	0	-1	0	-4	-1	-1	-2	1	1	1	2	1	7	1	5	25	5	4	8	8	5	2	5	1	4	3	0	5	9	0.29	inf
-2	-4	-9	-5	12	-9	-10	-5	-4	-9	-9	-9	-9	-9	-3	-4	-8	-2	-4	-8	3	1	0	1	86	0	0	1	1	0	0	0	0	0	2	1	0	1	1	0	4.19	inf
-3	-2	2	1	-5	-1	1	5	0	-8	-6	-1	-4	-5	-1	0	-3	-2	-4	-4	2	2	8	7	0	3	8	45	2	0	1	4	1	1	4	7	2	1	1	1	0.88	inf
-2	3	-5	-7	-3	0	-1	-6	-2	-5	-3	7	1	-2	-4	-3	-3	1	0	-2	3	12	1	0	1	4	4	1	1	1	4	52	3	2	1	2	2	2	4	3	1.22	inf
3	2	-1	-3	0	-2	-2	1	-1	-3	-4	1	-3	-4	-1	2	1	-7	-4	0	23	10	2	1	2	2	3	9	1	2	2	7	1	1	3	13	10	0	1	8	0.33	inf
-5	-6	-10	-11	2	-5	-5	-5	-10	-6	-3	-4	-2	9	-11	-2	-2	-9	2	-4	2	1	0	0	4	1	1	1	0	1	3	2	1	69	0	4	3	0	6	2	2.52	inf
1	2	1	-3	0	-2	-1	-2	1	-1	-4	1	0	-4	-1	3	2	-4	-2	-1	11	10	6	2	2	2	4	4	3	3	2	7	2	1	4	20	10	0	1	5	0.29	inf
-6	4	0	1	2	4	-2	-4	3	-5	-2	0	-4	-2	-4	-1	1	2	1	-4	1	20	5	8	4	15	3	1	7	1	5	5	1	2	1	6	7	2	4	1	0.59	inf
-1	2	-1	-2	-1	0	1	-3	0	-4	-1	3	-2	-1	2	3	-2	-1	-1	-2	5	9	3	2	1	4	8	2	3	1	6	15	1	3	11	19	2	1	2	3	0.32	inf
-1	0	-2	2	-1	0	1	-1	1	-4	-3	-1	-3	-2	-1	4	-1	0	0	-4	6	5	2	9	2	4	8	5	4	1	3	3	1	2	3	33	4	1	4	1	0.43	inf
-1	-2	3	1	-2	1	0	-1	5	-3	-2	-2	-2	-2	-5	2	1	0	0	-1	6	2	12	7	1	5	6	5	13	2	4	2	1	2	1	14	8	1	3	4	0.33	inf
-2	-4	-8	-8	-4	-3	-8	-6	-3	-1	6	-5	0	1	-5	-3	-4	-2	-1	-3	3	1	0	0	0	1	0	1	1	3	70	1	2	6	1	2	1	1	2	2	1.52	inf
0	2	0	-3	-2	2	0	-2	0	0	-1	3	0	-4	-2	0	2	-3	-1	-1	7	9	5	1	1	9	5	2	2	6	7	16	2	1	2	8	11	0	2	5	0.20	inf
0	4	0	-1	-2	2	0	-2	-1	0	-1	2	-1	-4	-2	0	0	-3	-2	-1	7	20	5	3	1	10	6	3	1	5	6	10	2	1	2	6	7	0	1	4	0.27	inf
-5	-4	-4	-9	-4	-8	-8	-4	11	-10	-10	-9	-9	-5	-3	-5	-4	-10	-4	-10	1	1	1	0	1	0	0	2	87	0	0	0	0	1	2	1	2	0	1	0	4.05	inf
-3	1	-2	-6	-4	4	1	-5	0	0	1	1	4	-1	-3	-2	-2	0	0	0	2	8	2	0	0	18	10	1	2	6	12	9	11	3	2	3	2	1	3	6	0.45	inf
-2	6	0	-3	0	0	-1	-5	-1	-2	-1	3	-1	-5	-3	-3	-3	-8	-2	-2	4	41	4	1	2	4	4	1	1	2	6	15	2	1	2	3	1	0	2	4	0.91	inf
-2	-1	-2	-4	-3	-2	-4	-2	-2	4	-1	-2	0	-3	-2	1	4	-1	-2	2	4	4	2	1	1	2	1	4	1	20	6	3	2	1	2	12	20	1	1	12	0.44	inf
-4	-5	-4	-3	-1	-3	-3	-6	11	-7	-9	-3	-9	-5	-3	-3	-6	-9	-3	-5	2	1	1	2	2	1	2	1	78	1	0	2	0	1	2	2	1	0	1	1	3.37	inf
-3	-2	-2	-3	1	-3	-2	-3	3	-2	-3	-3	0	1	-1	2	6	-3	-3	-2	3	3	2	2	3	1	3	2	7	2	2	2	2	5	3	15	39	0	1	4	0.78	inf
-1	0	0	-1	-3	-2	-2	6	-1	-3	-5	-1	-7	-5	-1	0	-3	-7	-7	-3	4	5	4	4	1	2	4	53	2	2	1	3	0	1	4	6	2	0	0	3	1.03	inf
-1	1	0	2	0	1	5	-1	0	-2	-3	1	-1	-3	-1	-1	-1	-5	-2	-2	5	6	4	9	2	5	33	4	2	3	3	7	1	1	3	3	3	0	2	3	0.42	inf
-3	3	1	-1	0	-1	-1	-1	-1	-2	-4	5	-1	-2	-2	-2	-1	0	-1	-3	2	15	6	4	2	3	4	5	2	3	2	38	2	2	2	2	3	1	2	2	0.66	inf
-2	-2	-2	-2	-1	-2	-1	-6	0	-1	-1	0	-1	-2	7	-1	-1	-7	-2	-2	4	3	2	3	2	2	5	0	2	4	7	6	2	2	45	4	3	0	2	2	0.93	inf
-1	0	0	0	2	0	0	-1	2	0	-1	0	1	0	0	0	-2	3	1	-1	5	5	5	5	5	5	5	5	5	5	5	5	5	5	5	5	0	5	5	5	0.06	inf
-2	2	-1	-1	-1	2	2	-2	0	-2	-2	2	-1	-2	1	-2	-1	1	1	-1	3	9	2	2	2	8	16	4	2	3	4	15	2	2	8	3	4	2	5	4	0.23	inf
-1	1	-1	-2	3	1	1	0	2	-2	0	-1	-1	1	-2	0	1	-2	2	-2	1	9	0	0	8	9	9	9	9	0	9	0	0	9	0	9	9	0	9	1	0.12	inf
-2	0	2	2	-3	1	1	-3	0	-3	-5	1	-2	-3	3	2	0	-2	-3	-3	3	5	8	10	1	6	9	3	3	2	2	8	1	2	15	15	5	1	1	2	0.36	inf
-3	-1	-3	-1	-2	1	4	-3	1	2	-1	1	-2	-1	-1	-3	-2	2	0	1	3	3	1	4	1	6	23	3	3	12	7	7	1	3	4	2	3	2	3	9	0.33	inf
-4	-2	-2	-9	11	-1	-9	-5	-9	-9	-3	-9	-9	-3	-4	-4	-9	-9	-3	-4	2	3	2	0	77	3	0	2	0	0	3	0	0	2	1	2	0	0	1	2	3.58	inf
-2	-3	0	1	0	0	1	5	1	-5	-3	0	-1	-4	-2	-1	-3	-1	-4	-3	3	2	4	8	2	4	7	40	3	1	4	5	1	1	3	5	2	1	1	2	0.67	inf
-1	2	-3	-2	-1	0	1	-4	-1	-4	-3	6	0	-1	-8	-4	-4	-8	3	-5	5	11	1	3	1	4	8	2	2	1	3	41	2	3	0	2	1	0	8	1	0.99	inf
3	2	-1	-3	1	-2	-4	0	-1	-2	-3	1	-1	-4	-3	2	2	-1	-3	-1	19	10	4	2	3	2	1	7	2	3	3	7	2	1	2	16	11	1	1	5	0.31	inf
0	-2	-2	-3	3	-2	-2	0	-2	1	0	-2	-1	2	-2	0	1	4	2	1	9	0	0	0	8	0	1	9	0	9	9	0	0	9	0	9	9	8	9	9	0.17	inf
0	1	2	-1	1	-1	-1	-1	0	-1	-2	1	0	-1	0	2	1	-4	0	-1	7	10	9	3	3	3	3	5	3	5	3	7	3	3	6	15	8	0	3	5	0.10	inf
-1	2	1	0	1	2	0	-2	2	-2	-2	-1	-1	-1	-2	1	2	2	1	-1	3	11	6	6	3	11	5	3	4	2	4	2	2	3	2	9	13	3	5	3	0.18	inf
-1	2	0	-3	-2	1	-1	-2	0	-2	-1	3	-1	-1	0	3	-2	-2	-1	-2	5	10	4	1	1	7	3	3	2	2	7	15	1	3	6	21	2	1	2	3	0.28	inf
0	0	-1	2	-1	0	-1	-1	0	-3	-3	-1	-6	-3	0	4	-1	1	0	-4	8	5	2	9	2	4	3	6	2	2	3	4	0	1	5	33	4	2	4	1	0.44	inf
0	-1	3	1	0	0	0	0	4	-4	-3	0	-2	-4	-3	2	1	-3	-1	-4	6	3	14	8	2	4	5	6	10	1	3	5	1	1	1	16	8	0	3	1	0.35	inf
-5	-2	-8	-8	-2	-5	-8	-8	-3	-2	6	-5	2	2	-3	-5	-7	0	-1	0	1	3	0	0	1	1	0	0	1	2	68	1	4	7	2	1	0	1	2	5	1.53	inf
0	2	1	-1	-1	1	0	-3	0	1	-1	3	-1	-2	-5	0	2	-2	-1	-1	7	11	7	3	1	5	5	2	3	8	5	16	2	2	0	7	11	1	2	4	0.21	inf
0	4	-1	-4	-2	2	0	-3	-1	-1	-1	3	-2	-3	-6	0	1	-1	-2	0	7	22	3	1	1	9	5	2	1	3	5	15	1	1	0	6	7	1	2	7	0.40	inf
-9	-4	-5	-5	-1	-4	-5	-9	11	-9	-9	-3	-9	-4	-9	-5	-9	-9	-3	-6	0	1	1	1	1	1	1	0	87	0	0	2	0	1	0	1	0	0	1	1	4.04	inf
-2	1	-2	-4	0	4	0	-4	1	0	1	1	3	0	-3	-2	-2	1	-1	0	3	7	2	1	2	20	5	1	4	6	12	9	8	5	2	3	2	2	2	6	0.36	inf
-2	6	-1	-4	0	0	-2	-4	-1	-1	-2	4	0	-4	-1	-3	-3	-2	-2	-3	4	37	3	1	2	4	3	2	2	3	5	21	2	1	3	2	2	1	1	2	0.87	inf
-2	0	-1	-3	-2	-2	-2	-3	-1	3	-1	0	1	-4	-1	1	3	-1	-3	2	3	6	2	2	1	2	3	2	2	18	5	6	3	1	3	9	20	1	1	11	0.36	inf
-5	-4	-4	-6	-1	-4	-5	-9	11	-6	-5	-1	-3	-4	-3	-4	-6	-3	0	-3	2	1	1	1	2	1	1	0	75	1	1	4	1	1	2	2	1	0	3	2	3.15	inf
0	-2	0	-4	2	-3	-2	-2	5	-2	-3	-1	-2	-3	-3	2	5	-3	-4	-3	8	2	4	1	4	1	3	3	13	2	3	4	1	1	2	12	32	0	1	2	0.73	inf
-1	0	0	0	2	0	0	-1	2	0	-1	0	2	1	0	-1	0	4	1	-1	5	5	5	5	5	5	5	5	5	5	5	5	5	5	5	5	5	5	5	5	0.09	inf
-1	1	0	1	2	1	3	-1	1	-1	-2	0	1	-1	0	-1	0	2	0	-1	5	8	4	8	4	6	16	5	3	3	4	5	3	3	5	4	5	3	3	5	0.14	inf
0	0	0	0	2	0	0	-1	1	0	-1	0	1	0	0	0	0	-2	1	0	5	5	5	5	5	5	5	5	5	5	5	5	5	5	5	5	5	0	5	5	0.03	inf
0	0	0	0	2	0	0	-1	1	0	-1	0	1	0	0	0	0	-2	1	0	5	5	5	5	5	5	5	5	5	5	5	5	5	5	5	5	5	0	5	5	0.03	inf
-1	0	0	0	2	0	0	-1	2	0	-1	0	2	1	0	-1	0	4	1	-1	5	5	5	5	5	5	5	5	5	5	5	5	5	5	5	5	5	5	5	5	0.09	inf
0	0	-2	0	-1	2	1	-2	-1	-1	-2	3	-1	-2	1	0	-1	0	-2	0	7	6	2	5	1	9	9	3	2	4	5	17	2	2	7	6	4	1	2	6	0.19	inf
-2	-9	-3	-2	11	-2	-5	-4	-9	-5	-3	-2	-1	-3	0	-2	-4	1	-2	-4	4	0	2	3	59	3	1	2	0	1	3	3	2	1	4	4	2	2	2	2	2.36	inf
0	0	0	1	0	0	2	-1	0	-2	-3	0	-1	-2	2	1	0	0	-2	-3	7	5	5	9	2	4	11	4	3	3	3	6	2	2	11	12	6	2	2	2	0.16	inf
-1	-1	-2	1	0	1	4	-1	0	-1	-1	0	-1	1	-2	-2	-1	2	-1	-1	5	3	2	8	2	6	25	5	3	4	5	6	2	6	3	3	4	2	2	5	0.28	inf
0	0	0	0	2	0	0	0	2	0	-1	-1	1	0	0	0	0	-2	1	0	6	6	5	6	5	5	6	6	5	6	6	0	5	5	6	6	6	0	5	6	0.03	inf
-1	-1	0	1	-3	-1	0	5	-1	-8	-2	-2	-3	-3	0	0	-2	-3	-4	-6	5	3	4	7	1	3	6	45	2	0	4	3	1	1	4	6	3	1	1	1	0.81	inf
-2	2	-3	-3	-2	0	0	-2	-1	-4	-3	6	0	-2	-3	-4	-1	-3	-1	-5	5	10	1	2	1	4	6	3	2	1	3	47	2	2	2	2	4	1	3	1	1.04	inf
3	2	-2	-2	0	-3	-2	0	-1	-2	-3	0	-1	-2	-1	2	2	-7	-3	0	20	10	2	3	2	1	3	8	1	3	2	6	2	2	3	12	12	0	1	7	0.30	inf
-4	-6	-5	-4	1	-5	-3	-5	-2	-6	-3	-6	-4	8	-2	-1	-2	1	2	-3	2	1	1	2	3	1	2	2	1	1	3	1	1	60	3	5	3	2	6	2	1.95	inf
1	2	0	-3	0	-3	-3	-1	-1	-1	-3	1	-2	-2	1	3	2	-7	-2	-1	10	10	4	2	2	1	2	5	1	3	3	9	1	2	7	22	10	0	1	4	0.32	inf
-2	4	0	-1	0	3	-2	-2	3	-3	-3	-1	-1	-3	-2	1	1	1	0	-2	3	17	4	4	2	14	3	4	6	2	3	4	2	2	3	11	9	2	3	4	0.36	inf
0	2	0	-4	-1	0	-2	-2	1	-3	-2	3	-1	-3	1	3	-2	0	-2	-3	7	9	5	1	1	4	3	4	3	2	4	14	1	2	8	23	3	1	1	3	0.37	inf
0	0	-2	3	1	-2	0	-1	0	-5	-5	-1	-3	-3	-2	5	0	-3	-1	-3	7	5	2	13	2	2	6	6	2	1	1	4	1	2	3	33	5	1	2	2	0.55	inf
0	-1	2	1	-3	0	1	-1	4	-3	-3	-2	-2	-3	0	3	0	-2	-1	-2	7	4	10	9	1	4	8	5	8	2	3	3	1	1	4	17	6	1	3	4	0.28	inf
-3	-3	-9	-5	-1	-2	-4	-4	-1	-1	6	-3	1	1	-2	-5	-4	0	0	-2	3	2	0	1	1	2	2	2	2	3	59	2	3	5	3	1	2	1	3	3	1.16	inf
-1	2	0	-2	-4	1	0	-3	1	1	-1	2	1	-2	-1	0	2	-2	0	0	6	9	4	2	0	7	6	2	3	9	6	11	3	2	4	6	10	1	3	6	0.15	inf
-1	3	-1	-1	-1	2	1	-3	0	0	-1	2	-1	-3	0	0	-1	-2	-3	-1	6	17	3	3	1	8	8	2	2	5	7	12	1	1	5	7	5	1	1	4	0.24	inf
-5	-5	-4	-4	-10	0	-4	-5	11	-10	-6	-4	-10	-4	-1	-3	-4	-10	-3	-10	2	1	1	1	0	5	2	2	73	0	1	2	0	1	4	2	2	0	1	0	3.20	inf
-3	1	-3	-2	0	4	0	-3	0	0	0	0	3	-3	0	-3	-1	1	0	0	2	8	2	2	2	19	6	3	3	6	10	6	6	1	5	3	3	2	3	7	0.33	inf
-2	6	-1	-3	-1	-1	-1	-3	0	-2	-2	4	0	-4	-1	-2	-3	-2	-3	-2	4	34	3	2	2	3	5	3	2	3	4	19	2	1	3	3	2	1	1	4	0.77	inf
-1	0	-1	-3	0	-1	-2	-2	0	4	-2	2	1	-3	-2	0	3	-1	-3	0	5	6	3	1	2	3	3	3	2	18	4	10	3	1	2	8	15	1	1	7	0.29	inf
-1	0	0	0	2	0	0	-1	2	0	-1	0	2	1	0	-1	0	4	1	-1	5	5	5	5	5	5	5	5	5	5	5	5	5	5	5	5	5	5	5	5	0.09	inf
-1	-1	-1	0	2	0	-1	-1	7	-2	-3	-1	2	-1	-1	0	1	2	0	-2	5	3	4	5	3	5	4	5	21	3	3	4	4	3	4	6	10	2	3	3	0.46	inf
-1	0	0	-1	1	-1	0	4	3	-2	-3	0	0	-2	1	0	-1	1	-6	-2	5	6	5	3	3	3	6	25	6	2	3	6	2	2	8	6	4	2	0	3	0.32	inf
-2	1	0	0	-1	1	4	-1	0	-2	-4	2	-2	-2	1	0	-1	-1	-1	-2	4	6	4	5	2	5	22	4	2	3	2	12	1	2	7	7	5	1	3	3	0.30	inf
-2	3	1	-1	2	0	-1	0	-1	-2	-1	4	-1	-3	1	-1	-1	-7	-1	-2	4	13	6	3	4	5	4	7	1	2	7	21	1	2	7	4	3	0	2	3	0.31	inf
-1	1	-1	-3	1	1	-2	-3	1	-3	-2	1	-1	-3	5	1	-1	0	-1	-2	5	6	3	2	3	7	3	3	3	2	4	7	2	1	28	11	4	1	2	3	0.49	inf
-5	-4	-3	-5	1	-5	-4	-7	4	-4	-2	-4	0	6	-1	-4	-3	-2	8	-4	1	1	2	1	3	1	2	1	7	1	4	1	2	23	4	2	2	1	38	2	1.60	inf
-1	-1	-3	-3	-3	3	2	-4	-1	0	-1	3	-2	-4	-1	0	1	-3	-4	2	6	4	1	1	1	11	14	2	2	5	6	15	1	1	4	6	8	0	1	12	0.33	inf
-3	-10	-3	-4	11	-3	-6	-6	-2	-10	-5	-4	-10	-5	-1	-2	-5	-10	-3	-6	3	0	2	1	76	2	1	1	1	0	2	1	0	1	3	3	1	0	1	1	3.48	inf
-1	0	2	1	-2	0	2	-2	1	-2	-4	1	-2	-3	3	1	0	-1	-4	-3	4	5	10	9	1	4	11	4	3	2	2	9	1	1	12	11	6	1	1	3	0.29	inf
-2	0	-2	1	-4	0	4	-2	2	2	-1	0	-2	1	-4	-2	-2	1	0	0	4	4	2	6	0	5	23	3	5	9	6	6	1	5	1	3	3	2	3	8	0.31	inf
-5	-2	-6	-3	11	-5	-4	-6	-4	-4	-5	-5	-5	-10	-3	-5	-3	-10	-2	-4	1	3	1	2	75	1	2	1	1	1	2	1	0	0	2	1	2	0	2	2	3.44	inf
-2	-1	0	0	0	-1	-1	5	0	-5	-4	0	-1	-4	-1	0	-3	-1	-5	-6	4	4	5	5	2	3	5	44	2	1	3	5	2	1	4	7	2	1	1	1	0.79	inf
-4	3	-2	-5	-2	-1	-1	-5	-1	-6	-2	6	0	-2	-2	-3	-2	-2	1	-4	2	14	2	1	1	3	4	1	2	1	4	46	2	2	3	2	3	1	4	2	1.14	inf
3	1	0	-4	0	0	-2	1	-1	-1	-4	0	-2	-3	-2	1	3	-8	-4	0	19	7	4	1	2	4	3	10	1	3	2	6	1	1	3	11	14	0	1	7	0.30	inf
-3	-6	-5	-7	1	-12	-6	-6	-11	-5	-3	-6	-3	9	-3	-1	-1	-2	3	-3	3	1	1	1	3	0	1	1	0	1	3	1	1	64	2	4	4	1	8	2	2.24	inf
0	2	0	-2	-1	-2	-1	-1	1	-2	-3	1	-1	-3	-1	3	2	-9	-2	-1	7	10	5	3	1	2	4	5	3	3	3	8	2	1	4	23	11	0	2	5	0.29	inf
-3	4	0	0	-1	4	-2	-3	2	-3	-4	0	0	-3	-2	1	1	2	0	-3	3	20	4	6	2	15	2	3	4	2	3	5	2	1	3	9	9	3	4	2	0.46	inf
-2	2	1	-3	0	1	0	-3	0	-3	-1	3	-1	-1	1	3	-3	-1	-1	-2	4	10	5	2	2	6	5	2	2	2	6	15	1	2	8	18	2	1	2	4	0.28	inf
0	-1	-1	1	-1	-1	0	-1	1	-4	-4	0	-4	-3	0	5	0	-1	0	-4	7	3	3	9	1	3	7	5	3	1	2	5	1	1	4	33	5	1	3	1	0.49	inf
-1	-1	3	1	-1	1	0	-2	5	-4	-2	-2	-3	-2	-2	2	1	-3	1	-3	5	3	11	9	1	5	7	4	12	1	4	2	1	2	2	14	9	0	4	2	0.37	inf
-4	-5	-5	-10	-2	-3	-4	-7	-3	-2	6	-3	0	2	-5	-5	-6	-2	-1	-2	2	1	1	0	1	1	1	1	1	3	68	2	2	7	1	1	1	1	2	3	1.56	inf
-1	1	0	-3	-3	2	0	-4	0	2	-1	2	0	-3	-2	-1	2	-2	-2	1	6	8	5	1	1	9	5	2	2	9	7	12	2	1	2	6	13	1	2	8	0.22	inf
-1	4	-1	0	-2	1	0	-3	-1	-1	-1	2	-1	-3	-3	1	0	-2	-3	-1	6	21	3	5	1	7	6	2	2	4	7	11	1	1	1	9	6	1	1	5	0.30	inf
-7	-4	-3	-4	-10	-3	-4	-4	11	-10	-6	-4	-10	-5	-3	-2	-10	-10	-3	-6	1	1	1	1	0	2	2	2	79	0	1	1	0	1	2	4	0	0	1	1	3.54	inf
-2	1	-2	-4	-2	4	-1	-3	0	2	1	1	4	-4	-1	-2	-2	0	0	0	4	7	2	1	1	16	5	2	2	10	11	8	8	1	3	4	3	1	3	7	0.31	inf
-2	6	-1	-4	-1	-1	-3	-3	2	-2	-2	2	-1	-4	-2	-1	-2	-1	-2	-2	3	39	3	1	2	3	2	3	4	3	5	12	2	1	3	5	3	1	2	3	0.81	inf
-2	0	-1	-2	-1	0	-2	-1	-1	3	-1	0	0	-2	-4	1	3	-3	-5	1	4	4	3	2	1	4	3	5	2	17	7	6	2	2	1	11	14	0	0	11	0.27	inf
-3	-2	-3	-2	1	-1	-3	-5	10	-2	-4	-2	-5	-4	-3	-3	-3	-1	-2	-3	2	3	1	3	2	3	2	2	61	2	2	3	0	1	2	3	2	1	1	2	2.33	inf
-2	-3	-2	-2	0	-2	-2	-1	6	-4	-4	-1	-4	-4	-3	2	5	-2	-3	-2	4	2	2	3	2	2	3	5	14	1	3	4	1	1	2	12	35	1	1	3	0.87	inf
-1	-1	-2	-1	-1	-3	0	5	-2	-4	-5	0	-5	-5	1	-1	-2	-2	-8	-2	5	4	2	3	2	1	7	44	1	1	1	7	0	1	8	5	3	1	0	4	0.80	inf
-2	-1	-1	1	-4	0	6	-2	0	-3	-3	1	-3	-3	-3	0	-2	-4	-4	-2	4	3	4	8	0	4	39	4	2	2	3	8	1	1	2	6	3	0	1	4	0.71	inf
-4	4	-3	-2	-3	0	-2	-3	0	-4	-3	6	-3	-4	-3	-2	-3	-3	-4	-5	2	20	2	3	1	4	3	3	3	1	3	45	1	1	2	4	2	0	1	1	1.22	inf
-3	-1	-3	-4	-2	-3	-2	-6	-1	-3	-3	-2	-2	-3	8	-1	-2	-9	-3	-4	3	4	2	1	1	2	3	1	1	2	3	3	1	2	60	5	3	0	1	2	1.64	inf
-5	-1	-2	-3	0	-3	-2	-4	4	-2	-2	-5	-4	5	-2	-3	-4	4	7	-5	1	3	2	2	2	2	4	2	8	3	5	1	1	21	2	3	1	5	32	1	1.28	inf
-1	1	-3	-2	-2	2	3	-2	1	-2	-4	4	0	-1	-1	-1	1	-2	-4	-1	6	6	1	2	1	8	15	3	3	3	2	21	3	3	4	6	8	1	1	5	0.37	inf
-5	-3	-4	-9	11	-3	-4	-3	-9	-4	-3	-9	-8	-4	-9	-2	-3	-9	-4	-5	1	2	1	0	73	1	2	2	0	1	4	0	0	1	0	4	2	0	1	1	3.30	inf
-3	0	1	1	-4	0	1	-1	2	-3	-3	1	-3	-2	4	1	0	-1	-4	-3	3	6	7	8	1	4	9	6	4	2	3	7	1	2	17	12	6	1	1	2	0.29	inf
-3	0	-2	1	-2	1	4	-2	2	0	-1	-1	0	0	-1	-3	-1	2	2	0	3	5	2	6	1	6	22	4	5	5	7	5	2	4	4	2	4	2	6	6	0.26	inf
-4	-3	-2	-3	11	-3	-3	-3	-1	-8	-8	-9	-2	-3	-2	-3	-1	-9	-9	-3	2	2	2	2	68	2	3	3	1	0	0	0	1	1	3	3	4	0	0	2	2.97	inf
-3	0	0	2	-1	-1	1	5	0	-4	-3	-1	-2	-4	0	0	-3	-1	-7	-4	3	5	4	11	1	3	7	37	2	1	3	4	1	1	5	8	2	1	0	2	0.64	inf
-2	2	-1	-3	-2	-1	1	-5	0	-3	-3	6	1	-1	-2	-3	-3	0	0	-3	4	11	3	2	1	3	9	1	2	2	3	39	4	3	3	2	2	2	3	3	0.82	inf
2	1	-2	-2	0	0	-2	0	-1	-2	-2	0	-1	-3	1	1	1	1	-2	0	18	9	2	3	2	4	3	7	1	3	5	5	2	1	7	11	10	2	1	6	0.18	inf
-3	-8	-2	-2	2	-2	-4	-2	-8	0	-3	-8	-7	8	-4	-2	-3	2	1	-3	3	0	2	2	3	2	2	4	0	4	3	0	0	57	2	3	2	2	5	2	1.79	inf
0	1	1	-2	-1	-2	-3	-1	0	0	-3	2	2	-2	-1	3	2	-1	-2	-1	7	8	6	2	1	2	2	5	2	5	2	13	5	2	4	18	11	1	2	4	0.27	inf
-1	3	-1	0	0	4	0	-2	2	-3	-3	-1	-1	-2	-1	1	0	1	1	-3	5	15	3	5	2	17	7	3	4	1	3	4	2	2	4	10	7	2	4	2	0.35	inf
0	3	0	-4	-4	0	0	-2	1	-4	-2	3	-2	-2	1	2	-4	-2	-1	-3	8	13	4	1	1	5	5	3	3	1	5	18	1	2	7	17	1	1	3	2	0.39	inf
1	-2	-1	2	-1	-3	-1	-1	-1	-4	-2	-3	-3	-1	-2	4	0	-2	1	-2	10	3	3	11	1	2	5	6	2	1	4	2	1	2	3	31	6	1	5	3	0.44	inf
0	-3	3	1	-1	0	0	-1	5	-4	-2	-1	-1	-3	-3	2	-1	-2	0	-1	9	2	13	8	2	5	7	5	11	1	4	5	2	1	1	12	4	1	4	5	0.32	inf
-4	-2	-6	-5	-3	-5	-4	-5	-4	-2	6	-6	2	1	-4	-3	-6	-3	-3	-2	2	3	1	1	1	1	2	1	1	3	67	1	4	5	2	2	1	0	1	3	1.45	inf
0	2	0	-4	0	1	-2	-3	-1	2	-1	3	-1	-3	-2	-1	2	0	0	0	7	11	4	1	2	6	3	2	2	10	7	14	2	1	2	5	11	1	3	6	0.23	inf
-1	4	0	-4	-2	3	-1	-4	2	-1	-4	2	1	-3	-1	-1	-1	-3	-2	0	5	21	5	1	1	11	5	1	5	3	2	13	4	1	3	5	4	0	2	8	0.46	inf
-4	-1	-3	-3	-4	-1	-4	-7	11	-5	-5	-4	-2	-6	-1	-3	-3	-3	-3	-4	2	4	2	2	1	3	2	1	67	1	2	2	1	1	3	3	2	1	1	2	2.76	inf
-1	0	-1	-1	2	3	0	-2	1	-1	-1	1	3	0	0	-1	-1	2	0	0	4	6	3	3	4	12	5	4	3	3	7	9	7	3	4	6	3	3	3	7	0.15	inf
-2	5	-1	-1	2	0	-1	-2	2	-1	-2	2	1	-1	-2	0	-2	2	-1	-2	3	26	3	4	4	3	4	4	4	4	5	10	3	3	3	7	3	3	3	3	0.40	inf
-2	-1	-1	-2	3	-2	-3	-2	0	4	-1	-1	1	-1	-2	0	3	1	-1	1	4	4	3	3	5	2	2	3	3	18	6	5	3	2	2	7	16	2	2	9	0.31	inf
0	0	-2	0	2	0	0	-1	1	0	-1	0	1	0	1	0	0	-2	1	0	6	6	0	6	5	5	6	6	5	6	6	6	5	5	6	6	6	0	5	6	0.03	inf
-2	0	-1	0	2	-1	-2	0	5	-2	-2	-1	1	-1	1	-1	2	2	-1	0	4	4	3	5	4	3	3	6	13	3	5	5	3	3	6	6	13	2	3	6	0.26	inf
-1	1	0	0	1	-1	0	3	2	-2	-3	1	0	-2	0	-2	-1	1	-1	-2	6	8	4	5	3	3	6	24	4	2	4	8	2	2	4	4	4	2	2	3	0.25	inf
-1	1	-1	0	1	1	4	-1	0	-1	-3	2	-1	-1	-1	0	0	-6	-1	-2	5	7	3	5	2	6	23	4	3	3	3	11	2	2	4	6	6	0	2	3	0.29	inf
-3	4	-1	-3	0	-1	-2	-2	-1	-2	-3	6	0	-4	-2	-1	-1	-1	-2	-2	3	18	4	2	2	3	3	3	2	3	3	35	3	1	2	5	4	1	1	4	0.78	inf
-2	1	0	-1	-1	0	-1	-2	1	-1	-2	-1	1	-3	5	-1	-1	-1	-1	0	4	7	4	4	2	4	4	4	3	3	4	5	3	1	28	6	5	1	2	6	0.41	inf
-1	0	0	0	2	0	0	-1	2	0	-1	0	2	1	0	-1	0	4	1	-1	5	5	5	5	5	5	5	5	5	5	5	5	5	5	5	5	5	5	5	5	0.09	inf
0	-1	-2	-3	-2	2	2	-3	-1	0	-3	4	0	-4	-1	0	0	-3	-2	2	7	4	2	1	1	8	12	2	2	5	3	20	2	1	4	6	7	0	1	12	0.34	inf
-4	-5	-4	-3	11	-2	-5	-3	-1	-6	-5	-3	-9	-5	-5	-6	-4	-9	-3	-3	2	1	1	2	73	2	1	3	1	1	2	2	0	1	1	1	2	0	1	2	3.27	inf
-1	0	1	2	-2	1	1	-2	2	-3	-2	1	-2	-5	3	1	0	-2	-3	-2	4	6	7	9	1	5	10	4	4	2	5	8	1	1	13	10	6	1	1	3	0.23	inf
-3	-3	-3	0	-2	1	4	-2	2	0	-2	0	-3	1	-1	-2	-2	2	1	0	3	1	1	6	1	7	27	4	4	5	5	5	1	6	4	4	3	3	4	7	0.38	inf
-3	-3	-3	-5	11	-3	-3	-4	0	-4	-4	-2	-3	-4	-1	-3	-4	-9	-2	-3	3	2	2	1	63	1	3	2	2	2	2	3	1	1	4	3	1	0	1	3	2.62	inf
-2	-2	-1	1	-3	0	0	6	-1	-5	-5	-2	-3	-3	-1	0	-3	-2	-3	-8	4	3	3	7	1	4	7	49	2	1	1	3	1	1	4	6	2	1	1	0	0.97	inf
-3	2	-4	-4	3	0	-2	-5	-2	-8	-3	7	-1	0	-3	-3	-5	-1	0	-5	3	11	1	2	6	4	4	1	1	0	3	48	2	3	2	2	1	1	3	1	1.25	inf
3	2	-2	-2	1	-2	-3	1	-1	-3	-3	-1	-1	-2	-1	2	1	-1	-3	0	21	9	2	3	3	2	2	9	1	2	4	4	2	2	4	14	9	1	1	8	0.28	inf
-3	-4	-4	-4	1	-4	-4	-5	0	-3	-4	-3	-2	8	-3	-4	-1	-1	2	-2	3	1	1	1	3	1	2	1	2	2	3	2	1	60	2	2	4	1	7	3	1.89	inf
0	2	1	-3	0	-1	-1	-1	1	0	-4	0	-1	-2	-1	3	2	-1	-2	-1	7	9	6	2	2	2	5	5	3	4	2	7	1	2	3	22	10	1	2	5	0.26	inf
-3	3	0	1	2	4	-1	-3	3	-4	-2	0	0	-1	-3	0	-1	2	1	-3	2	16	4	6	4	16	4	3	6	1	4	5	2	2	2	8	4	3	4	2	0.42	inf
-1	1	1	-2	0	1	-2	-2	0	-3	-2	3	0	-1	1	3	-2	0	-1	-3	5	8	6	2	2	5	3	3	3	2	5	18	2	3	6	18	3	1	2	2	0.30	inf
-1	0	-2	-1	0	-1	-1	-2	1	-2	-3	-2	-1	-2	-1	5	-1	2	0	-4	6	5	2	4	2	3	4	4	3	3	3	2	1	2	3	40	4	2	3	2	0.61	inf
-1	-2	2	0	0	0	0	0	5	-2	-2	-1	-1	-3	-2	2	1	0	1	-2	6	3	10	6	2	5	6	7	12	2	5	4	2	1	2	13	7	1	4	3	0.26	inf
-4	-2	-4	-4	-1	-3	-4	-8	-1	-2	6	-4	0	1	-3	-3	-4	-8	-1	-1	2	3	1	2	1	2	2	0	2	3	61	1	2	6	2	3	2	0	3	4	1.21	inf
0	1	0	0	0	1	0	-2	0	0	0	1	0	-1	-1	0	1	-3	-1	0	8	8	3	4	2	5	6	3	3	8	9	12	3	3	3	5	9	0	2	5	0.05	inf
0	2	0	-1	0	2	0	-1	1	-1	-1	1	0	-1	0	0	0	-3	0	-1	6	13	5	3	2	8	5	5	4	4	5	8	2	2	5	5	6	0	4	5	0.09	inf
-2	-1	0	-1	1	0	-1	-2	9	-2	-3	-1	1	-7	-1	-1	-2	-8	0	-2	4	4	4	4	3	5	4	4	37	3	4	4	3	0	4	5	3	0	3	4	1.10	inf
-1	0	0	0	2	0	0	-1	2	0	-1	0	2	1	0	-1	0	4	1	-1	5	5	5	5	5	5	5	5	5	5	5	5	5	5	5	5	5	5	5	5	0.09	inf
-2	5	0	-2	1	1	0	-2	1	-2	-2	2	0	-1	0	-1	-1	0	0	-1	4	24	4	3	3	5	6	4	3	2	4	10	3	3	5	4	4	2	3	5	0.32	inf
0	1	0	-1	1	0	-1	-1	1	0	-1	0	0	-1	1	0	1	2	0	0	6	8	4	4	3	4	4	4	3	6	6	6	3	3	7	8	8	3	3	5	0.05	inf
-1	-1	-1	-1	2	0	-1	-2	8	-1	-3	-1	-7	-1	0	-1	-2	-8	0	-2	6	4	3	4	4	4	4	3	34	3	4	4	0	3	5	5	3	0	3	3	0.94	inf
-1	0	0	0	2	0	0	-1	2	0	-1	0	2	1	0	-1	0	4	1	-1	5	5	5	5	5	5	5	5	5	5	5	5	5	5	5	5	5	5	5	5	0.09	inf
0	0	1	1	0	-1	-1	4	0	-2	-2	0	-1	-2	1	0	-1	0	-4	-1	7	5	6	7	2	3	4	29	3	2	3	6	1	2	7	5	3	2	0	4	0.25	inf
0	1	1	0	0	1	3	-1	0	-1	-2	1	0	-1	0	0	0	-4	-1	-1	7	7	7	5	2	5	19	3	2	3	4	9	2	3	5	5	5	0	2	4	0.13	inf
-1	3	0	-1	-4	0	0	-1	1	-1	-1	3	0	-1	0	-1	0	-4	0	-2	3	15	5	3	0	4	5	5	4	3	5	22	3	3	5	4	4	0	3	3	0.23	inf
0	0	-1	-1	3	0	-1	-2	0	0	-2	-1	-3	-1	4	0	1	2	0	-1	6	6	4	3	6	4	4	3	3	5	5	4	0	3	21	6	8	4	3	3	0.25	inf
-6	-3	-5	-6	0	-3	-4	-7	4	-2	-1	-4	-2	6	-5	-3	-5	1	8	-4	1	2	1	1	2	1	2	1	7	2	7	1	1	26	1	2	1	2	39	1	1.67	inf
-1	1	-1	-3	-2	2	3	-2	0	-1	-2	4	-1	-4	-1	-1	-1	-3	-3	-1	5	6	3	1	1	8	18	4	2	3	3	24	1	1	3	5	4	0	1	5	0.42	inf
-3	-4	-8	-8	12	-4	-5	-8	-8	-5	-8	-3	-8	-4	-3	-5	-5	0	-2	-7	2	1	0	0	81	1	1	0	0	1	0	2	0	1	2	1	1	1	2	0	3.70	inf
-1	0	1	1	-3	1	1	-1	2	-3	-3	2	-3	-3	3	1	0	-5	-3	-2	5	4	7	8	1	6	10	5	4	2	3	11	1	1	15	9	6	0	1	2	0.27	inf
-3	-1	-2	0	-5	1	3	-2	2	1	-1	0	-2	1	-2	-2	-1	4	1	1	2	3	2	5	0	7	22	3	5	8	5	6	1	5	2	2	4	5	5	10	0.28	inf
-4	-3	-4	-2	11	-5	-2	-3	-4	-5	-6	-4	-3	-4	-2	-3	-5	-2	-1	-5	1	2	1	2	70	1	3	3	1	1	1	1	1	1	3	3	1	1	2	1	2.92	inf
-2	-2	2	0	-3	-3	-1	6	0	-7	-3	-2	-2	-4	-1	0	-3	-3	-4	-5	3	3	8	6	1	1	5	49	2	0	3	2	1	1	3	8	2	0	1	1	0.91	inf
-3	2	-4	-6	3	-1	0	-4	-2	-4	-5	7	-1	-3	-4	-3	-3	-2	1	-4	2	11	1	0	5	3	7	1	1	1	1	52	1	2	1	2	2	1	5	1	1.23	inf
4	2	-3	-2	1	-2	-4	-1	-1	-2	-4	0	-2	-3	-2	2	2	-8	-3	0	29	9	2	3	3	2	1	6	2	3	2	5	1	1	2	13	10	0	1	7	0.45	inf
-4	-4	-9	-9	2	-4	-9	-5	-8	-3	-4	-9	-2	9	-4	-1	-2	-1	1	-4	2	1	0	0	4	1	0	1	0	2	3	0	1	65	1	5	3	1	5	2	2.26	inf
1	2	1	-3	-1	-2	-4	-1	1	-1	-3	1	-2	-3	-1	3	2	-7	-1	-1	10	10	6	2	1	2	1	4	3	4	2	8	1	2	3	20	13	0	2	4	0.32	inf
-3	3	0	0	1	4	-2	-3	2	-2	-2	-2	-1	-3	-2	0	1	3	1	-2	2	16	5	5	3	16	3	3	5	3	4	3	2	1	3	7	8	4	5	4	0.39	inf
0	2	-1	-2	0	1	-1	-3	1	-2	-1	3	-1	-1	-1	2	-1	1	-1	-3	7	12	3	3	2	5	4	2	3	2	6	16	2	2	4	16	4	2	3	3	0.26	inf
-1	-2	-1	1	0	-2	0	-1	1	-1	-4	-2	-1	-1	-2	5	0	3	0	-3	5	2	3	7	2	2	6	5	3	3	2	2	2	3	3	35	5	4	3	2	0.52	inf
0	-1	3	2	0	0	-1	-2	5	-3	-2	-2	-1	-1	-2	1	0	0	1	-2	7	4	12	11	2	4	4	4	12	2	5	2	2	2	3	10	5	1	4	3	0.29	inf
-4	-2	-9	-9	0	-2	-4	-4	-1	-2	6	-3	1	2	-3	-4	-8	1	-1	-2	2	3	0	0	2	3	2	2	2	2	60	2	3	7	2	2	0	2	3	3	1.25	inf
-1	2	1	-2	-2	2	0	-4	-1	1	-2	3	1	-3	-2	-1	2	-3	-1	-1	5	10	6	2	1	8	6	2	2	9	4	14	3	1	2	6	14	1	2	4	0.26	inf
-1	4	0	-1	-1	3	1	-2	1	0	-2	2	-1	-3	-7	-1	0	-2	-1	-2	5	20	4	4	2	11	8	3	3	5	4	11	2	1	0	4	6	1	3	3	0.36	inf
-10	-5	-2	-3	-10	-2	-9	-6	11	-5	-5	-9	-10	-4	-3	-9	-10	-10	-2	-5	0	1	2	2	0	2	0	1	82	1	2	0	0	1	2	0	0	0	1	1	3.82	inf
-4	2	-3	-5	-1	5	0	-6	1	1	1	1	4	-1	-4	-2	-3	-1	0	-1	2	8	1	1	1	21	7	1	3	7	12	9	8	2	1	3	2	1	3	5	0.54	inf
-3	7	-3	-4	-9	-1	-4	-5	1	0	-3	3	1	-4	-2	-4	-5	-1	-3	-2	3	46	2	1	0	3	2	1	3	5	4	16	3	1	2	2	1	1	1	3	1.24	inf
-3	-1	-2	-3	-1	-3	-4	-5	-2	4	-1	0	1	-3	-3	0	4	-1	-4	2	2	4	2	2	1	2	1	1	1	21	7	5	4	1	2	7	24	1	1	12	0.64	inf
-9	-3	-4	-4	-9	-2	-4	-6	11	-4	-6	-5	-3	-4	-3	-4	-9	-9	0	-5	0	2	1	2	0	2	1	1	76	2	1	1	1	1	2	2	0	0	3	1	3.36	inf
-2	-1	-1	-3	2	-2	-3	-6	3	-4	-4	-2	-2	-4	-5	3	6	-2	-4	-3	4	3	4	2	3	2	2	1	7	1	2	2	1	1	1	17	43	1	1	3	1.06	inf
-2	0	0	0	0	-3	-1	6	-4	-5	-6	0	-4	-4	-1	-1	-3	-10	-5	-5	3	5	4	6	2	1	4	52	1	1	1	6	0	1	3	4	2	0	0	1	1.10	inf
-1	-1	-2	2	-2	0	6	-3	-1	-2	-3	1	-3	-5	-3	-1	-1	-8	-4	-2	5	3	2	10	1	4	45	2	2	2	3	7	1	1	1	4	4	0	1	3	0.88	inf
-4	4	-1	-5	-9	-1	-4	-4	-2	-5	-6	7	-4	-4	-2	-3	-3	-3	-3	-6	2	20	3	1	0	2	1	2	1	1	1	55	1	1	2	2	2	1	1	1	1.57	inf
-2	0	-5	-4	-3	0	-4	-6	-2	-3	-3	-2	-3	-2	8	-2	-3	-10	-5	-2	4	4	1	1	1	4	2	1	1	2	3	3	1	2	60	4	2	0	1	3	1.60	inf
-7	-6	-5	-6	-1	-3	-9	-7	5	-3	-3	-6	-4	6	-7	-3	-7	2	8	-5	1	1	1	1	1	1	0	0	10	2	3	1	0	27	0	2	0	2	45	1	2.15	inf
0	2	-2	-4	0	2	2	-3	-1	-1	-3	4	-1	-3	0	0	0	-4	-2	0	7	9	2	1	2	9	13	2	2	3	2	22	1	1	4	7	6	0	2	6	0.37	inf
-9	-12	-11	-12	12	-12	-12	-11	-4	-7	-10	-12	-10	-6	-5	-6	-5	-2	-2	-10	0	0	0	0	93	0	0	0	1	0	0	0	0	1	1	1	1	1	2	0	4.71	inf
-1	-1	2	1	-4	1	1	-2	1	-3	-3	2	-3	-4	3	2	0	-2	-4	-4	5	3	8	7	0	5	10	3	3	2	3	13	0	1	14	13	6	1	1	1	0.34	inf
-3	-1	-4	1	-3	0	3	-3	2	1	0	1	-2	0	-4	-2	-1	-1	2	1	2	3	1	8	1	4	21	2	4	8	8	9	1	4	0	2	4	1	7	9	0.29	inf
-10	-6	-12	-13	12	-12	-13	-8	-1	-11	-11	-12	-11	-12	-5	-6	-10	-3	-3	-7	0	1	0	0	93	0	0	0	2	0	0	0	0	0	1	1	0	1	1	1	4.75	inf
-4	-1	0	1	-5	-2	0	6	1	-7	-3	-3	-5	-5	-1	-1	-2	-1	-6	-5	2	3	5	8	0	2	6	52	3	0	3	2	0	0	3	5	2	1	0	1	1.05	inf
-2	2	-2	-3	-5	0	-1	-7	-3	-5	-3	7	0	-2	-8	-2	-2	-3	1	-5	3	10	2	2	0	4	4	0	1	1	3	54	2	2	0	3	2	0	5	1	1.29	inf
3	2	-2	-2	2	0	-3	0	-1	-3	-3	0	-1	-2	-3	2	2	-1	-3	-1	23	10	2	2	4	4	1	8	1	1	3	5	2	2	1	14	11	1	1	4	0.32	inf
-4	-11	-11	-12	1	-6	-11	-11	-9	-8	-2	-11	-2	9	-12	-4	-3	-7	3	-5	2	0	0	0	3	1	0	0	0	0	4	0	1	76	0	2	2	0	10	1	2.94	inf
0	2	1	-1	0	-2	-2	-1	-2	-2	-3	2	0	-3	-1	3	2	-7	-1	-2	7	9	6	3	2	2	2	4	1	3	3	12	2	1	4	22	11	0	3	3	0.28	inf
-5	5	0	0	0	4	-3	-5	4	-6	-4	-2	-2	-2	-8	1	1	2	0	-3	1	24	4	5	2	18	2	1	9	1	3	3	1	2	0	8	9	3	3	2	0.79	inf
-2	2	1	-3	-1	0	-2	-3	1	-4	-1	4	0	-2	1	3	-2	-2	-1	-4	4	10	6	1	2	4	2	2	3	1	6	20	2	2	7	21	3	1	2	1	0.43	inf
0	-1	-1	3	-1	-2	-2	-1	0	-5	-3	-2	-4	-3	-2	5	-1	-1	0	-5	7	4	3	13	2	2	3	5	2	1	3	3	1	1	3	37	4	1	4	1	0.61	inf
-1	-3	4	1	-2	0	0	-2	5	-5	-3	-2	-4	-2	-6	3	0	-5	1	-3	5	2	17	7	1	5	6	3	12	1	3	3	0	2	0	19	7	0	4	2	0.56	inf
-8	-5	-11	-12	-2	-8	-7	-12	-5	-3	6	-4	3	2	-11	-10	-6	-3	-1	-3	0	1	0	0	1	0	0	0	0	1	75	1	5	8	0	0	1	0	2	2	2.01	inf
0	2	1	-3	-1	0	-1	-3	1	2	-1	2	0	-3	-5	-1	1	-2	-2	0	8	11	6	1	1	4	4	2	3	12	7	13	2	1	0	5	10	1	1	6	0.22	inf
-2	5	-1	-1	-3	3	0	-3	0	-2	-2	3	-1	-5	-6	-1	0	-4	-2	-1	4	25	3	3	1	11	7	2	2	2	5	17	2	1	0	4	5	0	2	5	0.55	inf
-11	-10	-5	-10	-12	-2	-10	-11	12	-12	-5	-10	-11	-11	-6	-10	-11	-11	-3	-12	0	0	1	0	0	2	0	0	93	0	2	0	0	0	1	0	0	0	1	0	4.64	inf
-4	2	-6	-8	-3	5	0	-5	-1	0	1	2	4	-3	-7	-4	-4	-3	-2	0	2	9	0	0	1	27	5	1	2	6	12	12	10	1	0	2	1	0	1	5	0.81	inf
-5	6	-2	-5	-9	0	-3	-5	-2	-3	-2	5	-2	-9	-5	-2	-3	-2	-5	-3	1	38	2	1	0	4	2	1	1	2	5	34	1	0	1	3	2	1	1	2	1.37	inf
-4	0	-2	-4	1	-1	-5	-3	-4	4	0	0	2	-3	-7	0	4	-4	-4	2	1	5	2	1	2	3	0	2	0	21	10	6	4	1	0	7	20	0	1	13	0.55	inf
-7	-7	-8	-9	-10	-4	-6	-10	11	-8	-6	-3	-5	-5	-10	-9	-8	-5	-1	-8	1	0	0	0	0	1	1	0	89	0	1	2	0	1	0	0	0	0	3	0	4.19	inf
0	-2	1	-2	-1	-2	-3	-3	4	-2	-3	-1	-1	-5	-2	3	5	-4	-5	-3	7	2	5	3	1	2	2	2	10	2	3	3	2	1	2	17	34	0	0	2	0.77	inf
-2	3	-1	-1	-4	-1	-1	5	-1	-5	-6	1	-3	-8	0	-2	-4	-5	-6	-2	3	14	3	3	0	3	4	43	1	1	1	9	1	0	5	4	1	0	0	3	0.87	inf
-2	-3	-1	2	-4	1	6	-2	-2	-3	-6	1	-5	-4	-3	-2	-2	-9	-6	-3	3	1	3	10	0	5	51	3	1	2	1	8	0	1	2	4	3	0	0	2	1.15	inf
-3	3	-1	-4	-4	-1	-4	-5	-2	-6	-2	6	0	-2	0	-1	-2	-8	-3	-2	3	13	4	1	0	3	1	1	1	0	5	48	2	2	5	5	3	0	1	3	1.03	inf
0	-3	-4	-4	-6	-2	-3	-1	2	-4	-3	-2	-1	-3	7	-1	-3	-8	-2	-3	7	2	1	1	0	2	2	6	4	1	3	3	2	1	53	5	2	0	2	2	1.30	inf
-4	1	-2	-5	-1	-1	-4	-4	3	-5	-3	0	-2	5	-1	-3	-5	-3	7	-5	2	7	2	1	1	3	1	2	7	1	3	6	1	18	4	2	1	0	36	1	1.25	inf
-1	0	-1	-2	4	0	2	-3	0	-1	-1	3	-1	-4	0	0	0	-4	-2	1	6	5	3	2	8	5	11	2	2	4	6	16	2	0	4	7	5	0	1	9	0.21	inf
-2	-2	-4	-5	11	-3	-3	-6	-4	-6	-4	-2	-3	-5	-2	1	-4	-5	-4	-5	4	3	1	1	64	2	2	1	0	1	2	3	1	1	3	9	1	0	1	1	2.53	inf
-2	-1	1	2	-3	3	3	-3	0	-2	-2	2	-4	-4	2	1	-1	-7	-4	-4	4	3	6	10	1	11	17	2	3	2	4	13	0	1	9	9	4	0	1	1	0.37	inf
-1	-3	-4	-1	7	0	2	-3	1	0	0	-1	-1	0	-1	-2	-1	-1	1	1	4	1	1	4	20	3	14	2	3	5	9	4	1	3	3	3	3	1	5	8	0.44	inf
-4	-1	-6	-2	10	-2	2	2	-2	-9	-6	-3	-9	-7	-6	-3	-4	-4	-6	-5	2	4	0	3	54	2	11	14	1	0	1	2	0	0	0	2	1	0	0	1	2.23	inf
-2	0	2	0	-7	0	-1	4	0	-6	-5	4	-3	-5	-1	-1	-3	-8	-5	-5	3	5	8	6	0	4	4	33	2	0	2	21	1	1	3	5	1	0	0	1	0.73	inf
1	2	-3	-3	-2	-2	-2	-2	-4	-6	-4	5	-2	-5	0	2	1	-4	-4	-3	10	12	1	1	1	2	3	3	0	0	2	36	1	0	4	13	7	0	1	2	0.73	inf
2	1	-3	-4	4	-5	-4	0	-4	-4	-2	-3	-4	6	-1	0	-1	-5	0	-1	18	7	1	1	8	0	1	6	0	1	4	2	0	28	4	8	5	0	2	4	0.65	inf
-3	0	1	-2	-4	-2	-5	-2	0	-4	-5	-2	-2	7	-2	2	0	-6	0	-4	2	5	7	2	0	2	1	4	2	1	1	3	1	45	2	12	5	0	3	1	1.12	inf
-1	3	0	-1	2	1	-2	1	1	-3	-4	-1	-2	-4	-2	3	2	0	0	-2	4	14	4	3	5	7	2	9	3	2	1	3	1	0	2	19	10	2	4	3	0.30	inf
-3	4	-2	-1	-1	3	1	-3	3	-5	-3	2	-5	-2	-1	2	-2	-2	-1	-4	2	21	2	3	2	12	7	2	6	1	2	9	0	2	3	18	3	1	2	1	0.51	inf
0	0	1	0	-5	-2	-2	-3	-1	-6	-7	1	-1	-6	1	5	-1	-8	-4	-6	8	5	6	5	0	2	2	2	2	0	0	10	1	0	6	46	3	0	1	0	0.88	inf
-1	-1	2	2	-2	2	0	-2	4	-7	-5	-2	-3	-2	-1	4	-1	-3	-3	-5	5	4	8	10	1	9	6	3	8	0	1	2	1	2	4	30	3	0	1	1	0.57	inf
-2	-5	1	-3	-4	-4	-6	-4	-2	-1	5	-2	1	0	-3	1	-1	-6	-1	-1	3	0	7	2	0	1	0	1	1	3	51	2	3	4	1	9	4	0	2	5	0.75	inf
-3	-1	-3	-6	0	-3	-4	-7	0	2	5	-2	0	-1	-4	-2	1	-5	-3	-1	2	3	1	0	2	1	1	0	2	12	51	3	2	2	1	4	7	0	1	3	0.82	inf
-2	5	-1	-1	-2	1	0	-5	-1	-3	-4	4	-3	-5	1	-1	-1	-7	-3	-2	4	26	3	3	1	7	5	1	1	1	1	25	1	0	7	4	5	0	1	3	0.70	inf
-9	-8	0	-8	-10	-5	-6	-9	11	-7	-6	-8	-3	-5	-6	-6	-9	-9	3	-10	0	0	4	0	0	0	0	0	83	0	1	0	1	0	0	0	0	0	9	0	3.78	inf
-7	2	-6	-6	-9	8	0	-8	-6	-9	-8	4	-7	-9	-7	-6	-7	-8	-8	-8	0	11	0	0	0	57	6	0	0	0	0	26	0	0	0	0	0	0	0	0	2.19	inf
