-3	-4	-5	-5	-4	-3	-4	-5	-4	0	3	-4	9	-2	-5	-4	-3	-4	-3	-1	0	0	0	0	0	0	0	0	0	3	23	0	74	0	0	0	0	0	0	0	1.62	inf
4	-2	1	-2	-2	0	1	-2	-2	-3	-3	-2	-3	-4	1	3	2	-4	-3	-2	39	1	8	0	0	3	8	0	0	0	0	0	0	0	6	23	12	0	0	0	0.47	inf
3	-3	-2	-3	-2	-2	-1	-2	-3	-1	-2	-2	0	-3	-1	2	4	-4	-3	0	34	0	0	0	0	0	4	2	0	3	2	0	3	0	3	12	34	0	0	4	0.49	inf
0	-2	1	2	-3	0	1	1	-2	0	-1	-2	1	-2	-1	1	2	1	-3	-2	7	0	7	15	0	2	11	9	0	9	3	0	5	1	3	9	18	2	0	0	0.17	inf
0	-3	3	3	-3	0	-1	2	0	-4	-4	-2	-3	-1	1	2	1	-4	-3	-3	5	0	14	21	0	3	0	14	2	0	0	0	0	3	7	22	10	0	0	0	0.43	inf
0	-3	0	2	-3	-2	0	0	0	-3	-3	-2	-3	1	-1	2	4	-4	-3	-1	4	0	4	14	0	0	7	8	2	0	0	0	0	8	2	18	31	0	0	4	0.37	inf
1	-2	-1	-1	0	0	0	-2	-3	-3	0	-2	-3	-1	3	4	0	-4	-2	-3	8	2	2	2	2	3	4	2	0	0	9	0	0	3	13	45	4	0	1	0	0.47	inf
1	-1	-2	-2	-3	-1	-1	0	-2	0	0	-1	0	4	-1	1	-1	-2	0	1	10	2	0	2	0	2	5	6	0	3	10	2	2	23	2	13	3	0	2	13	0.15	inf
-1	-4	-5	-5	-5	-2	-4	-3	-2	0	-3	-4	-5	-5	8	0	-2	2	-1	-4	5	1	0	0	0	2	0	2	1	7	2	0	0	0	69	6	2	3	2	0	1.76	inf
-1	-2	-1	-1	-3	0	1	-1	-1	1	2	-2	2	0	3	-2	-2	0	-2	0	5	1	2	3	0	3	12	6	1	9	22	0	6	4	15	2	1	2	0	7	0.18	inf
-1	-3	-1	0	1	0	0	-3	-1	0	3	-1	4	0	-1	0	-1	-3	-1	0	3	0	2	5	3	3	7	1	1	4	29	3	16	3	2	7	3	0	1	5	0.22	inf
-1	-3	5	1	-4	-2	-1	-1	-3	-3	-3	-1	1	-3	2	3	0	0	-2	-4	3	0	27	9	0	0	2	3	0	1	2	3	4	1	11	25	6	1	1	0	0.54	inf
0	1	-1	-1	1	1	2	-1	-1	-1	0	-1	1	-1	1	1	-1	-3	0	-1	6	9	2	2	3	9	13	3	1	4	10	0	4	2	6	16	2	0	3	4	0.10	inf
-2	-3	-1	4	-5	0	2	-1	2	-5	-4	-3	-4	-5	4	2	2	-5	-3	-4	2	0	1	21	0	3	13	5	5	0	1	0	0	0	21	13	12	0	1	0	0.64	inf
-2	0	3	1	-2	2	1	-1	2	-2	0	0	-1	-1	1	0	-1	-1	-1	-3	1	6	15	9	1	12	9	4	5	1	12	3	1	2	6	5	3	1	2	0	0.19	inf
0	-2	-2	-1	-3	0	-1	-1	-1	0	1	-2	3	3	-2	0	1	0	1	-1	7	1	1	3	0	6	3	6	1	6	17	1	11	14	1	6	8	1	5	3	0.14	inf
-1	-2	-1	-1	-4	1	1	-1	1	-2	-3	-1	-3	-2	2	3	2	1	1	-1	4	1	3	2	0	5	9	4	3	2	1	3	0	1	12	23	14	2	5	4	0.28	inf
3	-2	0	-2	-3	1	-2	0	-3	-3	-1	-2	-3	1	-1	2	1	-3	2	-1	26	1	5	2	0	6	1	7	0	0	6	2	0	5	2	16	10	0	7	3	0.25	inf
-1	-3	-3	-1	-3	-1	1	0	-2	1	1	-1	4	0	-1	0	1	2	0	-1	5	0	0	3	0	1	9	8	1	7	17	3	14	4	3	7	10	3	3	3	0.15	inf
-2	-2	4	2	-4	-1	-1	1	1	-5	-4	-2	-4	-3	-2	3	1	-5	-3	-2	2	2	21	10	0	2	4	9	4	0	2	2	0	1	2	26	10	0	1	3	0.49	inf
0	-1	1	1	-3	0	2	-2	-1	-1	0	-1	0	0	-2	1	1	1	-2	-1	5	3	6	6	0	3	16	3	2	4	13	3	2	5	2	12	10	2	0	3	0.10	inf
-2	-2	-1	-2	-5	0	0	-3	0	-2	-2	-4	-2	0	6	1	0	-5	-1	-4	3	2	3	2	0	5	7	2	2	2	3	0	1	4	42	13	5	0	3	1	0.85	inf
-1	-2	1	1	-2	1	0	-2	-1	-2	0	-1	3	-1	2	1	1	-1	1	-2	4	0	7	7	1	7	7	3	1	1	10	2	9	3	12	10	9	1	5	1	0.17	inf
-1	-3	0	3	5	-1	1	-3	-1	-1	-1	-3	0	-1	-2	2	-1	0	0	0	5	0	4	15	13	2	11	2	1	3	8	0	2	2	2	16	3	1	4	7	0.27	inf
0	-2	2	-1	0	0	-1	-1	2	-3	-2	-2	-1	3	-1	0	0	3	4	-3	7	1	12	3	2	4	5	4	5	1	4	1	1	15	4	5	7	4	13	1	0.29	inf
-1	-1	0	0	-1	-1	1	-1	1	-3	-1	0	0	-2	-1	0	0	0	6	-1	4	3	5	5	1	2	10	4	4	1	6	4	2	0	3	8	5	1	27	4	0.34	inf
-1	-4	6	2	-4	-3	-1	-3	-2	-5	-4	-3	-3	-4	-2	2	2	-3	-1	-5	4	0	42	9	0	0	4	1	1	1	2	1	0	1	2	16	11	0	2	1	0.97	inf
-1	0	-1	1	-4	1	2	2	-1	-1	-2	0	-3	-3	2	1	0	-4	0	-1	3	5	3	8	0	6	17	14	1	3	3	4	0	0	9	11	4	0	4	4	0.21	inf
-1	-3	1	1	-1	-2	-1	-3	1	-1	-1	-2	-2	-1	-2	4	3	-5	-1	-1	4	1	7	8	1	1	4	1	3	4	7	1	0	2	2	30	17	0	2	4	0.37	inf
-1	-3	-2	-2	-2	-1	-2	-3	0	2	2	-2	2	1	-3	0	0	1	0	2	5	0	2	3	1	3	3	1	2	12	23	1	5	5	1	7	5	2	3	15	0.20	inf
1	1	1	1	-1	-1	-1	0	-1	0	-1	-1	-1	-1	0	1	0	-2	-1	0	11	10	7	8	1	2	3	9	1	4	7	2	1	3	5	9	6	0	1	10	0.05	inf
-1	-1	-1	-2	-3	-1	-2	0	1	-1	0	-2	-1	3	0	2	1	2	2	-1	3	3	3	2	0	3	2	6	4	3	11	1	2	15	6	15	9	3	7	3	0.18	inf
-1	-3	-2	-1	3	-3	0	-1	2	-1	-1	-3	-2	2	5	-1	-1	-2	1	-2	4	1	2	4	7	0	6	5	6	4	7	1	1	8	25	5	5	0	5	3	0.40	inf
-1	-2	1	-1	-3	-2	0	-3	2	-3	1	-2	0	3	-1	2	0	3	4	-2	6	1	6	3	0	1	5	2	5	1	14	2	2	11	3	14	5	4	14	2	0.27	inf
-3	-2	6	1	-6	-1	2	-2	-2	-6	-3	-3	-4	-6	1	-1	-2	2	-2	-2	2	2	43	8	0	3	13	3	1	0	2	1	0	0	7	5	2	3	1	3	0.93	inf
0	1	1	1	-4	0	0	1	1	-2	-1	-2	-2	0	-1	1	1	-3	3	-1	7	7	6	7	0	3	7	11	3	1	5	1	0	3	3	10	7	0	12	5	0.13	inf
-1	-2	2	0	-4	-2	-1	-2	-4	-4	-5	-3	-3	-5	3	3	4	-6	-3	-3	4	2	8	4	0	1	4	3	0	1	1	1	1	0	14	25	27	0	1	1	0.69	inf
0	-3	1	1	1	2	1	3	-3	-3	-2	-2	-2	-1	-1	1	-1	-1	-1	-2	6	1	6	7	4	10	8	26	0	1	4	1	1	3	3	11	3	1	2	3	0.30	inf
-1	0	-1	-1	4	0	-1	0	0	-3	-1	0	-1	-2	3	1	0	-3	3	-2	3	5	3	4	9	3	3	8	2	1	6	6	1	1	16	10	6	0	10	2	0.25	inf
-1	-1	1	1	4	0	1	-1	3	-2	-1	-2	-2	1	1	-1	0	-1	3	-2	4	4	6	8	8	5	8	4	9	2	6	1	1	6	6	3	6	1	10	2	0.20	inf
-1	-1	0	-1	1	0	0	-1	-1	1	2	0	1	-1	1	0	-1	0	-1	0	5	4	4	4	3	5	5	4	1	7	21	5	4	2	8	5	4	2	2	6	0.05	inf
2	-1	0	-1	4	-1	-1	1	-3	-3	-2	-1	-3	-2	2	2	1	-5	-2	-1	15	4	3	4	8	2	3	10	0	1	5	3	0	2	9	15	10	0	1	4	0.23	inf
-1	-1	-1	-1	1	0	0	-2	-2	-3	0	-2	-3	-3	3	3	3	-2	-3	-2	4	4	3	2	3	3	7	3	1	1	9	2	0	1	14	20	18	1	1	2	0.32	inf
-1	0	0	3	-6	2	3	-2	1	-4	-4	-2	-1	-4	4	-1	-2	-4	-3	-2	4	5	3	15	0	9	21	3	4	1	1	2	1	1	18	5	2	0	1	3	0.55	inf
-2	-1	1	0	-2	-1	-1	-3	1	-2	-1	-3	-1	0	0	0	-1	8	3	0	4	3	6	6	1	3	4	2	4	1	7	1	1	3	4	6	4	20	11	8	0.53	inf
-1	1	1	0	-3	2	1	0	1	-3	-1	0	-2	-2	3	1	-1	-3	-3	-3	5	6	6	6	1	9	8	6	4	1	8	4	1	2	16	12	4	0	1	1	0.22	inf
-1	-3	-2	-1	-2	-1	1	-1	-1	0	0	-2	-1	1	2	-1	1	1	0	1	5	1	2	3	1	3	12	4	2	6	10	2	2	8	12	5	10	2	4	9	0.12	inf
0	-2	-2	-3	-2	-1	-2	1	-2	1	2	-2	0	0	0	0	-1	0	0	1	9	1	1	1	1	3	2	10	1	7	25	3	2	5	5	8	3	1	3	9	0.13	inf
1	1	0	0	-1	3	1	-2	1	-2	-1	0	-1	-2	0	0	0	2	1	-2	11	7	4	5	2	15	7	2	4	2	6	6	1	1	4	8	5	2	6	2	0.16	inf
1	1	-1	-2	-2	1	-1	-1	0	1	-1	1	0	-1	0	0	0	1	0	1	12	8	2	1	1	6	2	5	3	9	5	8	3	2	4	8	7	2	4	10	0.06	inf
-1	-5	-6	-6	-4	-4	-5	-5	-6	3	3	-5	1	2	-2	-4	-1	0	-2	3	6	1	0	0	0	1	1	1	0	15	30	0	3	9	2	1	4	2	1	22	0.71	inf
-1	-4	-5	-6	-2	-3	-2	-4	-3	3	4	-5	0	2	-4	-2	-1	-2	1	2	4	1	0	0	1	1	2	1	1	14	36	0	2	9	1	3	4	1	4	14	0.59	inf
0	-1	-4	-5	-2	-4	-5	-3	-4	1	1	-5	1	5	3	0	0	-4	0	1	9	4	1	0	1	0	0	2	0	9	11	0	3	22	14	6	6	0	3	8	0.49	inf
2	-5	-4	-5	0	-4	-4	2	-5	1	0	-5	0	0	-1	0	0	-2	-1	3	18	0	0	0	2	0	1	13	0	6	9	0	2	4	3	8	7	1	3	22	0.36	inf
-2	-6	-6	-7	-1	-6	-7	-6	-5	3	4	-6	2	3	-5	-3	-1	-1	-1	3	3	0	0	0	1	0	0	1	0	12	35	0	5	11	1	2	3	1	2	21	0.88	inf
-2	-6	-4	-6	-1	-5	-4	-2	-3	1	1	-6	3	6	-5	-1	-1	-4	6	0	3	0	1	0	1	0	1	4	0	8	11	0	6	26	1	5	4	0	22	5	0.92	inf
0	-6	-6	-6	3	-5	-6	-1	-6	2	4	-6	0	2	-5	2	0	3	-1	0	7	0	0	0	5	0	0	5	0	10	32	0	2	7	0	13	6	4	2	6	0.57	inf
1	-6	-6	-6	0	-6	-6	-2	-6	3	2	-6	0	3	-5	0	1	-4	-2	3	10	0	0	0	2	0	0	3	0	14	22	0	2	12	1	6	9	0	1	17	0.58	inf
-2	-7	-7	-7	-3	-7	-5	-6	-8	5	2	-7	3	0	-7	-4	-1	-7	-5	4	3	0	0	0	1	0	1	1	0	34	18	0	7	4	0	1	4	0	0	25	1.17	inf
-1	-7	-5	-7	4	-7	-6	0	-5	1	-2	-7	0	6	-7	0	-2	-3	5	-1	6	0	1	0	8	0	1	9	0	8	5	0	2	27	0	6	3	0	21	4	1.02	inf
-1	-7	-7	-8	0	-7	-7	-3	-7	3	4	-7	1	1	-5	-3	-1	-7	-4	3	6	0	0	0	2	0	0	3	0	16	35	0	3	6	1	3	4	0	1	21	0.88	inf
0	-7	-7	-8	0	-7	-5	-3	-7	2	3	-6	1	3	-4	-4	0	-2	-5	4	8	0	0	0	2	0	1	2	0	11	25	0	3	10	1	1	5	1	0	30	0.82	inf
1	-7	-3	-5	-1	-7	-7	5	-8	1	-7	-7	-4	-7	-6	2	4	-8	-8	-2	12	0	1	1	1	0	0	41	0	7	0	0	0	0	0	12	21	0	0	2	1.16	inf
-3	-8	-8	-8	-1	-6	-8	-5	-8	3	4	-8	2	2	-6	-4	-1	-4	-6	4	3	0	0	0	1	0	0	1	0	16	37	0	4	6	0	1	4	0	0	25	1.09	inf
0	-6	-6	-7	1	-6	-6	-2	-7	2	3	-6	1	2	1	-2	0	-5	-4	3	7	0	0	0	3	0	0	3	0	10	29	0	3	7	8	3	5	0	0	21	0.64	inf
-2	-8	-6	-5	-2	-8	-1	7	-8	-4	-2	-8	-5	-5	-8	-2	-3	-3	-5	-4	4	0	0	1	1	0	5	73	0	1	4	0	0	1	0	4	2	0	1	2	1.85	inf
-7	-8	9	-7	-10	-8	-8	-8	-6	-11	-9	-7	-10	-11	-10	-3	-7	-11	-7	-10	0	0	95	0	0	0	0	0	0	0	0	0	0	0	0	3	0	0	0	0	3.67	inf
2	-6	-6	-7	0	-6	-6	2	-7	2	3	-6	0	1	-6	1	0	-7	-6	1	14	0	0	0	2	0	0	15	0	10	24	0	2	5	0	10	6	0	0	10	0.55	inf
-1	-7	-7	-8	0	-6	-7	-2	-8	2	5	-7	2	1	-7	-3	1	-2	-2	1	4	0	0	0	2	0	0	4	0	8	48	0	4	6	0	2	9	1	1	9	0.93	inf
0	-7	-7	-9	-7	-8	-8	-7	-9	4	0	-7	1	-3	-8	-3	0	-8	-5	6	7	0	0	0	0	0	0	0	0	17	10	0	3	1	0	2	6	0	0	52	1.42	inf
-3	-9	-9	-9	1	-6	-9	-7	-9	6	4	-8	3	-2	-8	-6	-4	-6	-7	2	2	0	0	0	3	0	0	0	0	38	33	0	6	2	0	1	1	0	0	13	1.45	inf
0	-3	-7	-8	0	-6	-7	-3	-1	1	2	-5	0	2	-7	-3	0	8	3	2	9	2	0	0	2	0	0	2	1	8	20	1	2	7	0	2	5	17	8	13	0.84	inf
2	-5	-5	-6	-2	-5	-6	-4	-3	3	2	-5	-1	-3	-6	0	1	-7	-6	4	19	1	1	0	1	0	0	1	1	14	16	1	2	1	0	8	8	0	0	26	0.70	inf
-4	-8	-3	-8	-5	-8	-8	-7	-8	5	2	-7	0	4	-8	-4	1	-7	-1	3	1	0	1	0	0	0	0	0	0	31	18	0	2	13	0	2	8	0	2	20	1.14	inf
1	0	-4	-6	3	-2	-5	0	0	1	2	-1	1	1	-5	0	-1	3	1	0	10	6	0	0	6	2	0	7	3	9	20	3	3	6	0	6	4	4	5	6	0.26	inf
-1	3	-2	-4	1	0	-3	-2	1	-1	0	2	0	1	-5	0	1	-2	1	-1	5	15	2	0	3	4	1	4	3	4	11	13	2	6	0	7	10	1	4	5	0.22	inf
-2	1	3	3	-1	-1	0	-4	3	-5	-5	0	-4	2	-3	2	1	-6	1	-3	3	6	11	15	1	2	7	1	8	1	1	5	0	9	1	13	7	0	5	2	0.43	inf
-2	5	-3	-6	-2	1	-3	-5	0	-3	-4	4	2	-6	2	1	-1	-1	-2	-5	3	24	1	0	1	5	1	1	3	2	2	22	5	0	11	11	4	1	1	1	0.75	inf
-1	4	1	-4	-1	2	-2	-2	4	-3	-5	4	0	-6	-4	1	-1	-3	-1	-3	6	18	6	1	2	8	2	3	9	1	1	20	2	0	1	11	3	0	2	2	0.58	inf
-3	0	-4	-6	-5	-2	-4	-5	-4	-3	5	1	3	-1	-3	-2	-1	-5	-2	-3	2	5	1	0	0	2	1	1	0	1	55	9	7	3	2	3	3	0	1	2	0.99	inf
-5	6	-4	-7	-4	2	-6	-4	8	-4	-3	2	-2	-8	-5	-4	-3	1	-4	-7	1	35	1	0	0	9	0	1	29	1	3	10	1	0	1	1	2	2	1	0	1.64	inf
-2	0	3	-4	-2	0	-3	-4	1	-3	-5	0	-3	-6	-5	3	6	-4	-4	-4	3	5	11	1	1	4	1	1	3	1	1	5	1	0	1	19	39	0	1	2	0.96	inf
0	-1	-3	-6	-4	-6	-4	-4	-5	-2	-3	-3	1	-4	7	-1	0	-5	-7	3	9	3	2	0	0	0	1	2	0	2	3	2	3	1	44	5	5	0	0	16	1.14	inf
0	-5	-2	-7	-4	-3	-5	-4	-7	0	0	-5	7	1	0	1	4	-4	-5	-1	8	1	2	0	0	1	1	2	0	4	7	0	28	5	5	9	21	0	0	4	0.96	inf
-5	-2	6	1	-4	-4	-3	-6	1	-6	-6	-3	-5	0	-7	1	0	-4	7	-3	1	2	32	6	0	1	2	0	3	1	1	2	0	4	0	9	5	0	28	2	1.31	inf
-4	-5	-5	-6	0	-6	-7	-7	-2	3	1	-4	1	5	-6	-4	-2	2	5	2	2	1	1	0	2	0	0	0	1	16	14	1	3	24	0	1	3	2	16	11	1.00	inf
-7	-9	-9	-9	-2	-9	-9	-9	-4	0	3	-7	-2	7	-9	-6	-8	0	6	-4	0	0	0	0	1	0	0	0	0	6	22	0	1	44	0	1	0	1	21	1	1.97	inf
-7	-6	-9	-9	-7	-7	-8	-9	-3	5	5	-8	3	0	-7	-6	-4	-8	-3	2	0	1	0	0	0	0	0	0	1	26	47	0	6	4	0	0	1	0	1	12	1.47	inf
1	-2	-5	-6	4	-3	-5	0	-4	0	2	-2	1	1	-6	1	0	-6	-4	2	12	2	0	0	7	1	0	9	0	5	22	2	3	6	0	11	5	0	0	14	0.39	inf
-4	-6	7	-5	0	-2	-6	-3	5	-4	-4	-7	1	-5	-8	3	-3	-9	-4	-5	2	0	46	1	2	2	0	2	12	1	2	0	3	1	0	22	2	0	1	1	1.63	inf
-6	-8	-9	-9	-8	-7	-9	-7	-9	-2	7	-8	1	-3	-9	-7	-6	-1	-8	-4	1	0	0	0	0	0	0	1	0	2	88	0	3	1	0	0	1	1	0	1	2.36	inf
6	-8	-6	-7	1	-7	-7	-5	-5	-6	-5	-7	-7	-3	-6	4	-1	-9	-6	-2	61	0	0	0	3	0	0	1	0	0	2	0	0	1	0	24	3	0	0	3	1.70	inf
0	-6	-7	-7	3	-7	-7	-3	-7	3	3	-7	0	4	-7	-2	-2	-5	-3	4	9	0	0	0	5	0	0	2	0	13	22	0	2	17	0	3	3	0	1	22	0.87	inf
5	-6	-5	-3	0	-7	-6	-3	-7	-1	-1	-7	-1	-4	-6	3	1	-4	-7	0	44	0	1	2	2	0	0	2	0	4	7	0	1	1	0	20	8	0	0	7	1.00	inf
-7	-9	0	8	-10	-8	-1	-4	-4	-8	-8	-7	-7	-5	-9	-7	-8	-10	-6	-9	1	0	5	84	0	0	4	2	1	0	1	0	0	1	0	0	0	0	0	0	2.88	inf
-3	-7	-7	-9	-3	-8	-6	-6	-5	3	5	-8	2	4	-8	-5	-3	-8	-7	-1	3	0	0	0	1	0	1	1	0	13	51	0	5	17	0	1	2	0	0	4	1.42	inf
-1	-5	-7	-9	5	-7	-9	-2	-8	1	5	-8	1	3	-9	-3	-6	1	-2	0	6	1	0	0	12	0	0	4	0	6	45	0	3	12	0	2	1	2	1	6	1.15	inf
-1	-4	-5	-5	0	-5	-4	-2	-3	1	1	-7	4	4	-7	0	-2	-6	3	4	6	1	1	1	2	1	2	3	1	7	11	0	10	15	0	7	2	0	9	23	0.69	inf
2	-7	-4	-6	3	-5	-7	2	-5	-1	0	-5	1	-4	-6	3	2	-8	-7	1	14	0	1	0	6	1	0	14	0	4	11	1	3	1	0	23	12	0	0	9	0.64	inf
-1	-8	-6	-7	3	-8	-9	-6	-9	2	3	-7	-1	1	-6	0	2	-4	-8	4	6	0	0	0	6	0	0	1	0	11	28	0	1	6	1	7	11	0	0	21	0.87	inf
1	-7	-2	-4	3	-6	-5	-2	-4	1	1	-5	-2	3	-4	2	3	-7	0	0	10	0	2	1	5	0	1	4	0	8	13	1	1	9	1	14	19	0	3	7	0.49	inf
0	-6	-1	-5	3	-1	-6	-1	-2	2	2	-6	1	-1	-1	-1	2	-3	1	3	7	0	3	1	6	4	0	5	1	9	16	0	3	3	4	4	10	0	4	19	0.39	inf
-2	-8	-7	-6	-3	-6	-8	-4	-8	1	2	-7	5	2	5	-1	-1	-8	-2	1	5	0	0	1	1	1	0	2	0	8	17	0	11	7	25	5	4	0	2	10	0.86	inf
-3	-5	-6	-6	-3	-2	-7	-5	-3	0	0	1	-2	3	6	-4	0	-1	-4	-1	3	1	1	1	1	2	0	1	1	6	9	8	1	11	41	2	6	1	1	5	1.10	inf
-2	-2	-1	-6	-6	-2	-4	-6	-2	2	2	0	5	4	-3	-3	0	4	-4	0	3	3	3	1	0	3	1	1	1	9	19	6	11	17	2	3	5	5	1	7	0.61	inf
1	-4	-3	-3	-2	-3	-4	-3	-6	2	2	-5	5	0	-3	0	2	2	-3	1	11	1	2	2	1	1	1	2	0	12	17	1	11	4	2	8	10	3	1	10	0.45	inf
2	-6	-6	-5	-5	-3	-4	-6	-1	2	3	-7	3	3	-7	-3	0	1	1	2	15	1	0	1	0	2	1	1	1	10	24	0	5	10	0	2	5	2	4	15	0.64	inf
0	-3	2	1	-3	-3	-1	-3	2	1	0	-5	-3	-3	-3	1	0	-2	4	2	7	1	11	8	1	2	4	2	4	7	8	1	1	1	1	11	6	1	13	11	0.33	inf
0	-2	1	-2	-2	-1	-3	-3	0	1	1	-3	1	2	-3	1	1	0	3	-1	9	3	7	2	1	3	2	2	2	8	11	1	3	10	1	12	8	2	8	4	0.20	inf
1	-3	-1	-1	0	0	-1	-1	-1	0	2	-2	-1	1	-2	0	-2	3	0	0	11	2	4	3	2	4	4	5	2	6	21	2	2	5	2	8	2	4	4	8	0.14	inf
0	-1	-2	-3	-2	-1	-3	-2	-2	1	2	-3	2	2	0	0	0	4	0	1	7	3	2	2	1	3	2	3	1	7	19	1	6	8	4	7	6	6	4	9	0.21	inf
-1	1	2	0	-3	1	0	1	4	-3	-1	-1	-1	-1	-2	0	0	-1	0	-2	4	7	9	5	1	6	7	10	11	2	7	4	2	3	2	8	5	1	4	3	0.17	inf
-1	0	0	0	-3	-1	0	3	2	-3	-1	0	-3	0	-1	0	1	0	0	-2	5	5	5	6	1	3	7	19	6	1	5	6	0	4	3	7	10	1	3	3	0.17	inf
-2	2	-1	-1	1	0	-2	-2	1	-3	-3	2	-1	1	-2	-2	-1	8	3	-2	4	9	3	4	3	4	2	4	3	1	3	11	1	5	3	3	5	18	10	3	0.63	inf
-1	1	-1	-2	-4	-1	-1	-2	0	-2	-4	0	-3	2	1	1	1	8	1	-1	4	7	3	2	0	3	5	3	2	3	2	5	1	7	7	9	8	19	4	4	0.54	inf
-1	-5	-4	-2	-4	-2	-3	-3	-1	4	1	-4	0	3	0	-2	-2	3	2	1	6	1	1	2	0	2	2	3	2	23	14	1	2	13	5	3	3	4	6	9	0.45	inf
-2	-3	-2	-4	-2	-3	-3	3	-1	0	0	-4	-3	3	-1	3	0	0	1	-2	3	2	2	1	1	1	1	19	2	6	10	1	1	13	4	20	6	1	5	2	0.40	inf
-1	-2	-1	-1	0	-1	-1	3	1	-2	-1	-2	-3	3	1	0	-1	-2	3	-2	4	3	3	4	2	2	4	23	3	2	5	2	1	12	7	6	4	1	9	3	0.29	inf
1	0	1	0	-3	0	0	0	0	-1	-1	-1	-1	1	1	0	-1	0	0	0	11	4	6	6	0	3	7	8	3	4	4	3	2	6	7	8	4	1	4	8	0.05	inf
1	-2	-2	-1	-2	-1	-2	2	1	0	1	-3	2	1	-1	-1	0	-2	-1	1	10	2	1	5	1	3	2	15	3	5	15	1	5	6	3	5	6	1	2	9	0.10	inf
-2	-7	-9	-5	10	-4	-8	0	-3	-4	-1	-7	-2	1	-7	-4	-6	7	-1	-3	4	0	0	1	52	1	0	8	1	1	6	0	1	5	0	2	1	13	2	2	2.33	inf
-1	0	-3	-2	7	1	-3	-4	-2	0	1	3	1	0	-2	-3	-2	-5	-2	-2	6	5	2	2	24	6	1	2	1	5	13	15	4	4	2	1	3	0	2	3	0.66	inf
1	-3	-1	-4	1	-2	-3	-4	-4	2	2	-2	0	4	-4	-2	2	-4	-2	2	11	2	3	1	3	2	2	1	0	10	17	3	3	15	1	3	12	0	1	13	0.35	inf
-2	-1	-3	-5	-2	4	-4	0	0	1	1	-3	1	1	-3	-1	0	2	0	2	3	3	1	0	1	18	1	7	2	9	14	1	3	7	1	4	6	2	3	13	0.32	inf
0	-1	0	-1	-2	0	0	-1	1	0	0	-1	2	1	0	1	0	1	0	-1	7	3	3	4	1	5	6	6	5	4	11	2	8	5	5	10	6	2	4	5	0.05	inf
1	-5	-5	-6	1	-5	-5	2	-2	-1	-1	-5	0	5	-4	0	-1	-1	4	0	11	1	0	0	3	0	1	15	1	3	5	0	2	23	1	6	4	1	15	8	0.68	inf
-2	-7	-6	-8	2	-4	-7	-3	-7	1	4	-6	2	5	-4	-1	-2	-4	-1	1	4	0	0	0	4	1	0	2	0	7	32	0	5	25	1	5	2	0	2	9	0.89	inf
-2	-4	-4	0	4	0	-3	-3	-2	1	0	-2	2	5	-4	-2	-2	-3	2	1	4	1	1	6	8	5	1	2	1	9	9	2	5	23	1	3	3	0	6	8	0.48	inf
0	-2	-1	0	1	-2	-2	0	3	-1	0	-1	0	2	-3	0	0	-2	3	1	7	2	3	5	3	1	1	8	8	4	8	3	2	10	1	7	6	0	11	10	0.18	inf
1	-6	-4	-6	-1	-5	-5	-3	-2	2	2	-6	2	3	-6	0	2	-1	-2	3	11	0	1	0	1	0	1	2	1	9	18	0	6	10	0	7	12	1	1	19	0.51	inf
0	-5	3	-6	4	-5	-6	1	-2	-3	1	-5	-1	4	-5	2	-1	2	-2	-3	8	0	14	0	8	0	0	9	1	1	12	0	2	18	0	17	4	2	1	2	0.59	inf
-1	-4	-5	-4	4	-1	-5	2	-5	-1	1	-5	5	3	-4	-1	0	-4	-1	1	6	1	0	1	7	3	0	14	0	4	13	1	15	12	1	4	5	0	2	10	0.52	inf
-1	-5	-3	-4	1	-3	-1	2	1	0	-1	-5	-3	3	-5	0	2	-5	5	-1	6	0	1	1	3	1	4	14	3	5	7	0	1	11	0	6	14	0	17	5	0.46	inf
4	-6	-5	-6	2	-5	-5	-1	-4	1	-1	-6	1	-4	-6	2	2	-7	-4	2	32	0	0	0	3	0	0	6	1	6	6	0	3	1	0	14	12	0	1	14	0.68	inf
-1	-7	-4	-1	-3	-4	3	1	-4	-6	-5	-4	-5	-5	-4	6	0	-8	-5	-6	5	0	1	3	1	1	17	9	0	0	1	1	0	1	1	54	5	0	0	0	1.26	inf
-1	-6	-3	-5	4	-6	-4	-3	-7	5	1	-6	2	-2	-5	1	0	-7	-3	3	5	0	1	0	9	0	1	2	0	28	13	0	5	2	0	10	6	0	1	17	0.74	inf
-1	-6	-3	-7	4	-5	-5	-2	-2	-1	2	-5	1	6	-7	-2	-4	5	3	-2	5	0	1	0	7	1	1	3	1	3	21	1	4	29	0	3	1	7	9	3	0.95	inf
-4	-6	1	-4	-1	-4	-6	-4	3	1	3	-6	2	4	-6	2	2	-2	-4	-2	1	0	8	1	1	0	0	1	6	7	25	0	5	14	0	15	12	1	0	3	0.61	inf
-6	-8	-3	-9	-7	-6	-9	-7	-3	2	6	-8	2	-2	-6	-5	-2	-8	-3	-1	1	0	2	0	0	0	0	1	1	9	70	0	5	2	1	1	3	0	1	5	1.62	inf
3	-5	-5	-7	5	-4	-6	-2	-7	-1	0	-4	1	-1	-4	-1	4	-7	-6	2	21	0	0	0	10	1	0	4	0	3	10	1	3	2	1	5	26	0	0	13	0.73	inf
4	-7	-5	-6	4	-6	-6	-3	-7	0	1	-6	1	1	-3	-2	-1	-1	-4	3	35	0	0	0	8	0	0	2	0	5	13	0	3	5	1	3	3	1	0	19	0.80	inf
-4	-8	-8	-9	-7	-8	-8	-9	-8	6	2	-8	7	-1	-8	-6	-2	-8	-7	1	2	0	0	0	0	0	0	0	0	43	15	0	26	2	0	1	3	0	0	7	1.82	inf
5	-7	-5	-7	0	-6	-4	-3	-4	-5	-6	-6	-7	-8	-6	5	1	-8	-7	-4	42	0	1	0	2	0	1	3	0	1	1	0	0	0	0	40	8	0	0	1	1.50	inf
-2	-5	-7	-7	-2	-5	-7	-5	-4	4	3	-5	0	3	-7	-5	-2	1	4	3	4	1	0	0	1	1	0	1	0	18	23	1	2	10	0	1	3	2	15	18	0.87	inf
-6	-5	0	7	-5	-1	3	-4	0	-6	-9	-7	-9	-5	-8	-6	-5	-10	-4	-5	1	1	5	62	0	3	19	2	3	1	0	0	0	1	0	0	1	0	1	1	2.00	inf
-8	9	-5	-9	1	-5	-8	-7	-1	-9	-6	-3	-8	-4	-7	-5	-6	-9	-4	-9	0	87	1	0	3	1	0	1	1	0	1	1	0	1	0	1	1	0	1	0	2.99	inf
-6	-6	-10	-10	5	-4	-10	-6	2	-9	-5	-10	-3	3	-10	-4	-7	4	9	-7	1	1	0	0	9	1	0	1	4	0	2	0	1	10	0	2	0	4	64	0	2.72	inf
-2	0	-3	-5	1	-2	-8	-7	0	3	3	-4	2	-1	-6	-4	-4	4	0	3	4	6	2	1	3	2	0	1	3	12	28	2	4	2	0	2	1	6	3	19	0.73	inf
6	-4	-7	-6	1	-4	-6	-4	-3	-1	-3	-3	-1	-3	-9	1	0	-10	-2	1	52	1	0	1	3	1	1	2	1	3	4	2	1	1	0	10	6	0	2	9	1.11	inf
-4	-11	-5	-7	-10	-11	-7	-7	-11	7	-1	-11	0	-5	-11	-7	-4	-11	-4	5	2	0	1	1	0	0	1	1	0	53	6	0	2	1	0	1	2	0	1	30	2.04	inf
-2	-4	-6	-11	9	-4	-7	-6	1	-1	-1	-3	0	0	-6	-2	2	-3	0	3	5	1	1	0	32	1	0	1	3	3	7	2	2	4	1	3	11	1	3	18	1.29	inf
-1	3	2	-1	-1	0	-5	-6	7	-6	-5	3	-3	-2	0	-1	-3	1	1	-7	5	12	9	4	1	4	1	1	23	1	1	15	1	2	6	5	2	2	5	1	0.89	inf
0	-3	-7	-11	-3	-10	-7	-4	-2	-4	-1	-6	1	-4	8	-3	-4	1	-2	-1	7	2	0	0	1	0	0	2	1	1	7	1	3	1	60	3	2	2	2	4	1.75	inf
-3	2	-4	-4	-3	1	-2	-4	1	1	4	-1	3	1	-2	-4	0	-1	-3	0	2	11	1	1	1	6	3	2	3	7	31	4	6	6	2	1	5	1	1	6	0.51	inf
-1	3	-3	-6	-4	-2	-4	-1	3	-2	1	-1	-1	0	-4	0	-4	4	6	-3	5	14	2	0	0	2	2	5	6	2	14	5	1	4	1	8	1	6	20	2	0.63	inf
0	0	2	-3	0	0	-2	-4	3	-5	-3	-1	-1	-3	0	0	0	0	6	-5	9	5	9	2	2	4	3	2	6	1	3	4	2	1	5	8	5	1	27	1	0.67	inf
0	1	0	-2	-1	1	-3	-1	1	-3	-1	-1	-1	1	0	2	2	-2	-1	0	8	9	4	3	2	7	2	6	3	2	5	4	2	6	6	13	13	1	2	6	0.16	inf
-2	4	0	-4	0	0	-4	-3	-2	3	-1	3	-1	-3	-2	-1	0	1	-4	1	3	19	4	1	2	4	1	2	1	13	7	15	1	1	3	5	6	2	1	8	0.42	inf
-2	3	-3	-4	0	0	-7	-3	1	2	1	-4	6	2	-2	-2	-3	1	-1	1	3	15	1	2	2	4	0	3	4	11	11	1	16	7	3	3	2	2	2	9	0.57	inf
-4	3	1	-4	-4	-2	-5	-2	-1	-3	-3	0	4	-5	-2	3	4	-9	-4	-3	1	13	6	2	1	2	1	4	1	2	3	5	8	1	3	19	25	0	1	2	0.72	inf
-1	2	1	-4	-3	0	-1	-1	1	-3	-1	1	-2	-2	3	1	1	-1	-2	-1	6	10	7	1	1	4	4	5	3	2	6	8	1	2	15	9	10	1	2	5	0.23	inf
-2	5	1	-3	0	1	-4	0	0	-5	-3	3	-2	-3	1	0	0	1	-3	-4	4	26	6	2	2	5	1	7	2	1	4	16	1	1	6	7	5	2	1	1	0.55	inf
-3	5	-1	-6	0	1	-5	-2	5	-3	0	1	-1	-1	-6	-2	0	2	0	0	3	23	3	1	2	5	1	3	12	2	10	8	1	3	1	4	5	3	3	7	0.58	inf
4	-4	-4	-4	5	-4	-6	-2	-4	0	-2	-6	-2	-3	-5	0	2	0	-2	2	34	1	1	1	11	1	1	4	0	5	4	1	1	1	1	7	10	1	1	13	0.80	inf
1	2	-2	-7	4	-2	-4	-1	-2	2	0	1	-1	0	-4	-1	-1	3	1	1	11	9	2	0	9	2	1	5	1	9	9	8	2	4	1	4	4	4	4	10	0.30	inf
1	1	-5	-7	0	-2	-5	-1	-2	2	2	0	3	0	-3	-1	-1	1	-2	2	11	7	1	0	2	2	1	6	1	11	18	5	6	3	1	4	4	2	2	13	0.30	inf
1	-3	-5	-8	1	-2	-3	-1	-2	2	3	-1	4	-2	-4	-4	0	-1	0	2	9	2	1	0	2	2	2	6	1	11	22	4	10	2	1	2	6	1	3	15	0.46	inf
-1	-10	-3	-10	6	-9	-10	-5	-4	5	2	-10	2	-3	-6	0	-2	-3	-5	3	5	0	1	0	13	0	0	1	1	28	17	0	5	1	1	6	3	1	1	16	1.12	inf
3	-5	-5	-7	2	-6	-5	1	-4	1	2	-5	-1	-1	-3	-1	0	-3	-4	3	22	0	0	0	3	0	0	12	0	8	19	0	2	3	2	5	6	0	0	16	0.52	inf
2	-5	-5	-7	2	-6	-7	2	-4	1	2	-5	1	2	-4	-2	-1	-1	-1	2	14	1	1	0	4	0	0	15	0	7	20	1	3	9	1	4	4	1	2	15	0.49	inf
1	-5	-4	-6	3	-5	-7	-1	-4	4	-1	-7	-1	-4	-2	2	1	-3	-6	3	10	0	1	0	5	0	0	4	0	21	7	0	2	1	2	13	9	0	0	22	0.67	inf
-4	-9	-10	-10	-1	-6	-9	-5	-5	-2	-3	-9	-4	-2	-4	-5	-5	12	2	-2	2	0	0	0	1	1	0	1	0	3	4	0	0	2	1	2	1	72	6	4	3.69	inf
1	-5	-5	-6	-1	-5	-5	0	-6	3	2	-5	2	0	-2	-2	0	2	-2	3	13	1	0	0	2	0	1	7	0	14	19	1	4	4	2	3	6	2	1	21	0.49	inf
0	-3	-4	-6	0	-4	-6	-1	-2	2	3	-4	3	3	-3	-2	-1	1	-1	2	7	1	1	0	2	0	0	5	1	12	29	1	6	10	2	4	4	2	2	12	0.47	inf
3	-1	-4	-5	1	-6	-4	2	-6	-2	-3	-5	-2	-5	-2	4	0	-3	-5	-2	24	4	1	0	3	0	1	16	0	3	3	0	1	1	3	32	6	0	0	3	0.74	inf
1	-4	-3	-6	2	-6	-6	-1	-3	2	3	-6	1	4	-4	-1	0	-1	-2	1	12	1	2	0	4	0	0	5	1	10	23	0	3	17	1	6	5	1	1	9	0.51	inf
1	-5	-5	-7	1	-3	-6	-1	-7	2	4	-6	0	2	-3	-2	-1	-3	-4	2	11	1	0	0	3	1	0	5	0	11	35	0	2	7	2	3	4	0	0	15	0.63	inf
-1	-5	-1	-4	3	-3	-5	-3	2	2	3	-5	1	2	-2	-2	-1	4	-1	2	6	0	3	1	6	1	1	2	5	13	23	0	3	8	2	3	4	5	2	12	0.42	inf
3	-4	-2	-4	3	-3	-5	1	-3	-2	-2	-5	0	-2	-3	4	1	0	-4	-2	26	1	2	1	5	1	0	10	1	2	4	1	2	2	1	28	9	1	1	3	0.65	inf
0	-3	-3	-5	0	-4	-4	-2	-2	2	3	-4	2	1	-2	1	0	-4	-3	2	9	1	1	0	2	1	1	4	1	12	24	1	4	7	2	11	6	0	0	13	0.36	inf
-1	-6	-6	-6	-3	-5	-6	-5	-5	2	4	-7	1	-1	5	-4	-2	-3	-3	0	5	0	0	0	1	1	1	1	0	9	33	0	3	2	31	2	3	1	1	7	1.04	inf
-2	-3	-1	-3	-2	-1	-2	-5	1	-4	-2	-4	-2	1	7	-1	-2	-1	-3	-2	4	2	4	2	1	3	4	1	3	1	4	2	1	6	49	5	3	1	1	4	1.15	inf
0	-4	-1	-4	-1	-1	-3	-4	1	2	3	-5	1	4	-2	-2	0	-1	0	0	7	1	4	1	2	3	1	1	3	12	24	0	3	14	2	4	7	1	3	7	0.40	inf
-1	-3	-4	-5	5	-5	-5	-5	-2	2	2	-4	3	4	-2	-3	-2	-1	1	2	5	2	1	1	10	1	1	1	1	9	21	1	6	17	3	2	3	1	4	12	0.64	inf
-2	-3	-3	-6	-2	-3	-6	4	3	1	0	-4	-2	4	-6	-2	-2	-1	1	-2	4	2	2	0	1	1	1	32	5	8	10	1	1	16	1	4	3	1	5	3	0.71	inf
-1	0	0	0	2	0	0	-1	2	0	-1	0	2	1	0	-1	0	4	1	-1	5	5	5	5	5	5	5	5	5	5	5	5	5	5	5	5	5	5	5	5	0.09	inf
-2	2	4	0	-1	0	0	0	4	-3	-3	-1	-1	0	-2	1	0	-1	-1	-3	3	9	17	4	1	5	6	8	8	2	3	4	1	4	2	11	5	1	3	2	0.31	inf
-1	0	0	0	5	1	0	-2	1	-1	-2	-1	0	1	-2	1	1	-1	0	0	4	6	5	6	10	5	5	4	3	3	5	3	3	5	2	10	9	1	4	7	0.16	inf
-1	-1	-1	-2	1	0	-1	-3	0	2	0	-1	0	1	-1	0	0	1	3	1	4	3	3	3	3	4	4	2	2	11	10	5	2	5	3	7	6	2	11	8	0.15	inf
-1	0	0	0	2	0	0	-1	2	0	-1	0	2	1	0	-1	0	4	1	-1	5	5	5	5	5	5	5	5	5	5	5	5	5	5	5	5	5	5	5	5	0.09	inf
-1	-1	1	3	0	0	1	1	1	-1	-2	-1	-1	-1	1	-1	0	0	0	-2	4	4	5	16	2	4	8	9	4	4	5	4	2	3	7	6	6	1	3	3	0.14	inf
-1	-1	-1	0	-1	0	1	-2	1	1	0	-1	0	2	1	0	-1	1	-1	2	5	4	3	5	2	4	8	3	4	8	9	3	2	8	7	6	3	2	2	13	0.08	inf
-2	-1	1	2	0	0	1	-1	2	-2	-1	-1	0	0	1	1	0	0	1	-2	4	4	5	12	2	4	8	5	4	3	7	4	2	4	8	9	6	1	5	3	0.11	inf
-1	-1	2	-1	1	0	0	-1	1	0	-1	-1	0	1	1	0	0	3	2	-1	5	4	8	4	3	4	5	5	3	5	5	3	2	6	7	7	7	4	7	5	0.10	inf
-1	-1	-2	-4	8	-2	-3	0	-1	-1	1	-2	1	-1	0	-2	-2	0	2	0	5	3	2	1	25	2	2	7	1	4	11	3	3	3	6	4	3	1	6	7	0.67	inf
-2	-1	0	0	1	-1	-1	-2	1	-1	1	-2	-1	-1	-1	2	3	0	-1	-1	4	3	5	6	3	2	4	4	4	4	12	3	1	3	4	14	17	1	2	5	0.17	inf
-1	0	1	1	1	-1	0	-1	1	-1	-1	1	-1	1	1	0	0	0	0	-1	4	4	7	7	3	2	7	5	4	4	7	7	1	7	7	7	6	1	3	5	0.05	inf
-2	-2	-1	-1	6	0	-2	-2	1	1	2	-2	1	0	-2	0	0	-2	-2	0	4	3	3	4	17	5	2	4	3	6	16	3	3	4	3	6	6	1	1	7	0.36	inf
1	-2	-1	-1	3	1	0	-2	0	-2	-1	-2	-1	2	0	1	1	3	0	-1	11	2	3	4	6	5	7	4	3	2	7	2	2	8	5	10	8	4	3	4	0.14	inf
-2	-2	-3	1	6	0	-1	-2	-1	0	-1	-1	-2	-1	4	0	0	-1	-1	-1	4	3	2	6	16	4	4	3	2	5	6	4	1	2	19	7	5	1	2	5	0.47	inf
0	-1	0	-1	2	-2	-1	-2	0	0	1	-2	0	2	-2	0	1	3	1	0	8	3	4	4	4	2	3	3	3	6	14	2	3	8	2	7	9	4	5	7	0.13	inf
-3	0	2	0	1	0	-1	-3	3	0	-2	-2	-3	2	-2	-1	-1	5	4	-1	3	6	10	6	3	4	4	3	6	5	5	3	1	7	3	5	4	7	12	5	0.33	inf
-1	-2	2	-1	0	1	1	-2	1	-2	-2	-1	-1	-2	1	2	1	-3	-2	-1	6	3	9	4	2	6	8	4	4	3	4	5	2	2	6	16	10	0	2	4	0.18	inf
0	1	1	2	-3	1	1	-3	1	-2	-2	0	0	-1	0	1	1	1	1	-1	8	6	7	10	0	5	10	2	3	2	4	5	2	3	5	10	8	2	4	4	0.14	inf
1	-3	-1	-2	-1	-1	-1	-1	1	0	-2	-3	-2	2	-1	2	2	3	3	0	11	2	3	3	1	3	4	4	3	5	4	2	1	7	3	14	10	3	9	8	0.21	inf
-1	-1	0	-3	-2	-1	-4	-4	3	0	-1	-3	2	3	-4	0	0	3	6	1	5	4	4	2	1	3	2	2	5	5	5	2	5	11	1	6	5	4	21	8	0.56	inf
-1	-4	-2	-3	0	-2	-1	-3	-3	3	2	-2	2	0	-3	-1	1	1	0	3	6	1	2	2	2	2	4	3	1	13	16	2	5	4	1	4	8	2	3	18	0.31	inf
0	-3	-2	-4	0	-3	-3	-3	-3	4	2	-4	2	-1	-4	-2	0	0	0	3	8	1	2	1	2	1	2	2	1	18	21	1	4	3	1	3	6	1	3	16	0.47	inf
-1	-2	-2	-4	3	-3	-1	-3	-2	0	1	-3	1	5	-3	0	0	2	3	0	6	3	2	1	5	2	4	2	1	6	11	2	3	20	2	6	6	3	9	6	0.41	inf
-1	-2	0	-1	2	-1	-2	-2	0	1	0	-2	3	2	-2	0	-1	6	2	0	5	3	4	3	5	3	3	4	3	7	9	3	6	8	3	7	4	9	6	6	0.24	inf
-1	-1	0	-1	1	-1	-2	-1	1	0	0	-1	1	2	-1	0	1	2	0	1	6	3	6	3	3	3	3	5	3	5	11	4	4	9	3	8	8	3	3	9	0.08	inf
-1	-3	-3	-3	0	-3	-4	-3	-1	3	2	-3	1	2	-2	-1	0	-2	-1	3	6	1	1	2	2	1	1	3	1	16	19	1	3	9	2	4	5	1	2	19	0.39	inf
-1	-3	-2	-4	3	-4	-4	0	0	2	1	-3	0	4	-4	-1	-2	1	1	1	4	1	2	1	5	1	1	8	2	11	15	1	2	19	1	5	3	2	4	10	0.41	inf
0	-2	1	-2	1	-3	-4	-1	1	-1	-1	-4	-1	5	-3	1	0	0	2	-1	7	2	6	3	3	1	1	5	3	4	7	1	1	25	1	10	6	1	7	5	0.42	inf
-1	-5	0	-4	1	-3	-5	-2	-2	2	3	-5	1	4	-4	-2	-1	0	0	2	5	1	5	1	3	1	1	3	1	10	23	1	4	17	1	3	4	1	3	13	0.48	inf
1	-5	-2	-5	0	-3	-5	-2	-6	3	3	-5	0	0	-3	-1	-1	-2	-1	3	10	1	2	0	2	1	1	4	0	17	22	1	2	5	1	6	3	1	2	19	0.48	inf
-1	-5	-4	-5	1	-4	-3	0	-3	1	0	-5	2	-1	6	-1	1	-3	-2	0	6	1	1	1	3	1	2	7	1	7	8	1	5	3	34	4	7	0	2	7	0.72	inf
-2	-6	-5	-6	1	-5	-5	-2	-3	1	4	-7	2	5	-3	-2	-1	0	-2	1	4	0	0	0	3	0	1	3	1	7	35	0	4	22	2	3	4	1	1	7	0.83	inf
0	-4	-2	-5	-1	-6	-5	-1	-6	3	3	-5	0	0	-3	0	0	-2	-3	3	9	1	2	1	2	0	1	6	0	13	25	1	2	4	1	8	7	1	1	18	0.46	inf
0	-5	-3	-5	1	-4	-5	-3	-7	4	2	-4	1	1	-4	-2	0	-1	-2	3	7	1	2	1	2	1	1	3	0	23	17	1	3	6	1	4	5	1	2	21	0.60	inf
-3	-7	-5	-4	-1	-5	-6	-2	-7	4	2	-5	6	-1	0	-2	0	-2	-1	1	2	0	1	1	1	1	1	4	0	24	17	1	20	3	6	4	5	1	2	8	0.84	inf
0	-4	-4	-5	2	-4	-6	-2	-3	3	2	-3	1	2	-3	0	1	-1	-3	3	8	1	1	0	4	1	0	4	1	13	20	2	4	8	2	6	7	1	1	17	0.41	inf
0	-4	-4	-6	2	-4	-5	-1	-3	3	1	-4	-2	4	-3	-1	0	0	0	3	7	1	1	0	4	1	1	5	1	16	13	1	1	16	1	5	5	2	3	17	0.49	inf
-1	-5	-4	-5	6	-4	-7	-3	-7	1	3	-7	0	3	-5	2	0	-6	0	1	6	1	1	1	17	1	0	2	0	7	22	0	2	10	1	13	6	0	3	8	0.72	inf
-4	-4	-2	-5	-3	-5	-7	-5	0	2	0	-5	0	2	-1	-2	-2	-5	8	0	2	1	2	1	1	1	0	1	2	10	10	1	2	7	4	3	3	0	42	7	1.26	inf
1	-4	-4	-4	1	-3	-5	1	-4	2	1	-4	1	1	-3	1	1	1	-1	1	11	1	1	1	3	1	0	11	0	11	15	1	3	6	2	11	7	2	2	11	0.27	inf
-1	2	-2	-3	0	-1	-3	-1	2	1	1	0	0	2	-2	-1	-1	0	1	1	5	14	1	1	2	3	1	5	5	8	15	5	2	10	2	4	3	1	6	8	0.18	inf
-3	-5	-4	-6	1	-4	-5	-4	-7	6	2	-3	3	0	-4	0	-2	-7	-4	1	2	1	1	1	2	1	1	2	0	40	17	2	6	4	1	6	3	0	1	10	0.95	inf
-1	-3	-2	-2	2	-3	-6	-2	-3	2	2	-4	1	3	-5	0	0	1	4	1	6	1	2	2	3	1	1	4	1	9	16	1	3	10	1	8	6	2	13	10	0.38	inf
0	2	-3	-5	3	-1	-4	-1	-1	2	1	0	-1	0	-2	1	0	1	2	0	7	10	2	1	6	2	1	5	1	10	13	6	2	4	2	9	6	2	6	7	0.18	inf
0	1	-3	-4	0	-2	-2	-3	0	1	1	0	0	1	-3	1	2	-1	2	1	9	6	1	1	2	2	3	2	2	8	11	5	2	5	1	9	11	1	7	10	0.17	inf
2	-2	-4	-6	2	-5	-6	-5	-2	4	2	-5	1	-1	-6	-1	-1	-4	0	3	13	2	1	0	4	1	1	1	1	17	21	1	3	3	1	6	5	0	3	17	0.60	inf
-2	2	-3	-5	2	-1	-4	-3	1	2	2	1	0	0	-3	-1	-1	3	2	0	4	11	2	1	4	3	1	2	3	12	18	9	2	4	2	5	3	4	6	6	0.30	inf
0	2	0	-3	2	1	-1	-2	0	2	0	1	1	-1	-3	1	-2	0	-1	-1	8	12	4	2	4	7	4	4	2	12	8	8	3	3	1	9	3	1	2	4	0.16	inf
0	2	-1	-4	-3	1	-3	-2	4	1	0	0	1	-1	-1	1	1	-3	-1	-1	9	11	3	1	1	7	1	4	9	7	9	5	3	3	3	9	7	0	2	5	0.20	inf
2	0	-2	-2	-1	-1	-1	-1	0	1	1	-2	-1	-1	-2	1	1	-1	-1	1	17	5	2	3	2	2	4	4	2	8	12	3	2	2	2	10	8	1	2	8	0.12	inf
0	2	-1	-3	-1	1	-3	-2	0	2	1	1	1	0	-2	0	-1	1	0	1	7	10	2	1	2	6	2	3	2	11	13	7	3	3	2	8	3	2	4	9	0.13	inf
0	3	-1	-2	-3	1	-1	-2	1	0	1	2	0	-1	-1	-1	-1	-5	-1	0	7	16	3	3	1	7	3	3	3	5	13	10	2	3	3	5	5	0	2	5	0.17	inf
-1	0	0	0	2	0	0	-1	2	0	-1	0	2	1	0	-1	0	4	1	-1	5	5	5	5	5	5	5	5	5	5	5	5	5	5	5	5	5	5	5	5	0.09	inf
-1	0	0	0	2	0	0	-1	2	0	-1	0	2	1	0	-1	0	4	1	-1	5	5	5	5	5	5	5	5	5	5	5	5	5	5	5	5	5	5	5	5	0.09	inf
-1	0	0	0	2	0	0	-1	2	0	-1	0	2	1	0	-1	0	4	1	-1	5	5	5	5	5	5	5	5	5	5	5	5	5	5	5	5	5	5	5	5	0.09	inf
-1	0	0	0	2	0	0	-1	2	0	-1	0	2	1	0	-1	0	4	1	-1	5	5	5	5	5	5	5	5	5	5	5	5	5	5	5	5	5	5	5	5	0.09	inf
1	0	0	0	1	0	0	0	1	-1	-1	0	0	0	1	0	0	-3	0	-1	11	6	4	4	4	5	6	6	4	4	5	6	3	4	5	8	7	0	3	4	0.04	inf
0	1	0	0	1	1	0	0	1	-1	-1	0	0	-1	0	1	0	-3	0	-1	5	8	4	5	4	5	7	8	3	3	5	6	3	3	3	13	7	0	3	4	0.06	inf
-1	0	0	0	2	0	0	-1	2	0	-1	0	2	1	0	-1	0	4	1	-1	5	5	5	5	5	5	5	5	5	5	5	5	5	5	5	5	5	5	5	5	0.09	inf
-1	0	0	0	2	0	-1	-1	2	0	-1	0	2	0	0	-1	0	3	1	-1	5	5	5	5	5	5	5	5	5	5	5	5	5	5	5	5	5	5	5	5	0.03	inf
-1	0	0	0	2	0	0	-1	2	0	-1	0	2	1	0	-1	0	4	1	-1	5	5	5	5	5	5	5	5	5	5	5	5	5	5	5	5	5	5	5	5	0.09	inf
-1	0	0	0	2	0	0	-1	2	0	-1	0	2	1	0	-1	0	4	1	-1	5	5	5	5	5	5	5	5	5	5	5	5	5	5	5	5	5	5	5	5	0.09	inf
1	1	0	-1	0	1	-1	0	3	-1	-2	0	0	-1	0	1	0	1	0	-1	11	7	4	4	2	7	5	6	6	4	4	6	2	2	5	11	5	2	3	4	0.08	inf
-1	0	0	0	2	0	0	-1	2	0	-1	0	2	1	0	-1	0	4	1	-1	5	5	5	5	5	5	5	5	5	5	5	5	5	5	5	5	5	5	5	5	0.09	inf
0	2	-1	-1	1	1	1	0	0	-1	-2	1	-1	-1	0	2	-1	1	-1	-2	7	9	3	4	2	7	8	8	3	3	4	8	2	2	6	13	4	2	2	4	0.11	inf
0	1	0	-1	1	0	-1	-1	1	-1	-2	1	1	0	0	0	1	2	0	-1	8	9	4	4	3	4	4	5	4	3	3	10	3	4	4	8	10	3	3	4	0.10	inf
-1	0	0	0	2	0	0	-1	2	0	-1	0	2	1	0	-1	0	4	1	-1	5	5	5	5	5	5	5	5	5	5	5	5	5	5	5	5	5	5	5	5	0.09	inf
0	2	0	-2	0	0	-2	-2	1	0	1	1	1	0	-2	0	0	0	-1	-1	8	12	5	3	2	5	2	3	3	5	12	9	4	4	2	6	7	1	2	4	0.10	inf
-1	4	-3	-1	-1	0	-2	-3	-1	-2	-5	5	-2	-3	-3	2	-2	-1	-3	-3	6	18	1	4	2	3	3	2	2	3	2	29	1	2	2	13	3	1	1	2	0.67	inf
2	-2	-2	-4	-1	-3	-4	-1	5	0	1	-3	1	-1	-2	-1	1	-7	-2	2	18	3	2	1	1	2	1	5	11	5	11	2	3	2	3	5	8	0	1	14	0.35	inf
2	-3	-3	-4	0	-2	-4	-4	0	1	2	-3	1	2	-4	-1	1	-1	-1	2	18	1	2	1	2	2	1	1	2	6	21	2	3	9	1	4	9	1	2	12	0.39	inf
-1	3	-1	-4	-2	-1	-2	-3	1	1	-1	3	1	-1	-3	0	1	-2	-2	0	6	18	2	0	1	3	2	2	3	7	5	20	4	2	1	7	8	1	1	7	0.31	inf
-1	-1	-1	-5	-1	-2	-4	-4	0	0	1	-2	5	-1	-3	0	4	-6	-3	3	6	3	3	0	2	2	1	1	2	5	11	2	12	2	2	6	22	0	1	18	0.49	inf
0	-4	-4	-6	4	-3	-4	-5	-2	2	2	-4	2	0	-2	-2	0	0	-2	4	9	1	1	0	7	1	1	1	1	12	21	1	4	3	2	3	6	1	1	24	0.54	inf
1	-3	-5	-4	0	-3	-4	0	-5	1	1	-3	2	3	-2	0	1	-1	-2	2	11	1	0	1	2	1	1	8	0	9	14	1	4	11	2	9	10	1	1	13	0.28	inf
1	-3	-4	-6	1	-3	-5	-2	-2	4	2	-5	1	-1	-3	-1	1	-2	-2	3	11	1	1	0	2	1	0	3	1	19	20	0	3	2	2	5	7	1	1	18	0.47	inf
-1	-6	-3	-6	0	-3	-6	-5	3	4	1	-6	2	3	-3	-2	-1	-2	-1	4	4	0	1	0	2	1	0	1	6	19	14	0	4	11	1	3	5	1	2	24	0.65	inf
-2	-4	-4	-7	0	-4	-5	-4	-2	2	2	-6	3	2	-2	-3	0	-5	3	4	3	1	1	0	2	1	1	1	1	11	17	0	7	9	2	2	6	0	9	26	0.64	inf
0	-3	-2	-5	1	-5	-5	3	-3	1	2	-5	-1	1	-2	0	0	-5	-2	1	8	1	2	0	3	0	0	22	1	7	18	0	1	7	2	7	5	0	1	11	0.35	inf
1	-4	-4	-5	2	-2	-4	-2	-3	1	1	-5	0	-2	0	1	2	-6	-3	3	14	1	1	0	4	2	1	3	1	8	11	0	3	2	5	11	13	0	1	22	0.41	inf
-3	-6	-4	-2	3	-5	-6	-4	-1	1	-1	-6	-1	7	-5	-2	-4	0	3	1	2	0	1	3	5	1	0	2	1	6	6	0	2	48	1	3	1	1	7	9	1.24	inf
1	-4	-4	-5	1	-3	-5	-2	-2	3	2	-4	0	4	-5	-1	-1	0	-1	1	11	0	1	0	3	1	0	4	1	16	21	1	2	15	0	4	4	2	2	11	0.42	inf
-1	-3	-5	-5	0	-3	-5	-1	-3	3	3	-5	1	3	-4	-3	-2	-4	0	3	5	1	0	0	2	1	0	5	1	16	27	0	3	13	1	2	3	0	2	17	0.54	inf
-1	-6	-4	-5	9	-5	-6	-4	-3	-1	-1	-6	2	2	-4	1	-1	-2	-1	-1	4	0	1	1	45	1	0	2	1	3	7	0	5	8	1	10	4	1	2	5	1.54	inf
-4	-3	-4	-5	-2	-1	-5	-3	-2	-3	-4	-6	0	3	-2	-3	-4	11	6	-3	2	2	1	1	1	3	1	3	1	2	2	0	2	10	2	2	1	42	20	2	2.03	inf
1	-3	-4	-4	1	-3	-4	1	-4	1	3	-3	2	0	-3	0	1	-2	-2	1	12	1	0	0	3	1	1	10	0	7	27	1	5	3	1	7	11	0	1	8	0.31	inf
-2	0	-3	-5	-3	-3	-5	-3	-4	-2	-2	-3	-2	-3	8	-3	-2	-2	-2	-3	3	6	1	1	1	1	1	3	1	2	4	1	1	1	63	2	3	1	2	2	1.66	inf
-2	-4	-3	-3	-2	-4	-3	-2	0	0	0	-4	-1	5	1	-1	-2	-2	6	-1	4	1	2	1	1	0	2	4	2	5	11	1	1	21	8	4	2	0	27	3	0.74	inf
0	-2	2	-3	-2	-1	-3	-2	4	0	0	-3	0	4	-4	0	0	2	1	-1	10	2	9	1	1	3	1	2	12	4	9	1	3	17	1	7	6	3	4	4	0.32	inf
0	-3	-3	-3	0	-4	-4	-2	-3	3	1	-3	-1	3	-2	0	-1	0	-1	3	8	1	1	1	2	0	1	4	1	18	13	1	1	13	2	7	4	1	2	19	0.37	inf
0	-1	-2	-3	-1	-2	-3	-3	0	1	2	-3	2	3	-2	0	1	0	1	2	7	3	2	2	1	1	1	1	2	9	16	1	6	12	2	6	8	1	5	14	0.20	inf
1	0	1	-2	0	0	-2	-1	1	0	1	-2	1	2	-2	0	0	0	3	0	11	5	8	1	2	3	1	4	3	5	14	2	4	7	2	7	4	1	10	5	0.10	inf
-2	-3	-4	-5	0	-4	-4	-4	-3	3	3	-4	2	2	-1	0	-1	2	0	1	3	1	1	0	2	1	1	1	1	13	33	1	5	9	3	7	4	3	2	8	0.49	inf
-1	-2	-2	-3	-1	-2	-4	-3	-1	2	2	-2	2	0	-2	-1	-1	5	3	2	5	3	2	1	1	2	1	2	2	10	23	2	4	3	2	5	5	7	10	12	0.31	inf
0	0	0	1	-1	0	0	-1	2	1	-1	-1	1	-1	1	1	0	-1	0	0	8	5	4	10	1	3	4	5	6	8	3	2	3	2	7	11	5	1	4	8	0.06	inf
1	0	-2	-1	-2	-1	-2	-2	-1	0	0	0	0	1	0	1	1	2	1	1	15	5	2	3	1	3	2	2	1	4	9	4	2	7	4	10	9	3	6	9	0.08	inf
0	-3	-1	-3	2	-2	-2	-3	0	0	1	-2	-1	4	-1	1	-1	2	2	0	7	1	2	2	4	1	2	2	2	6	15	3	1	19	4	11	4	3	5	5	0.26	inf
-1	-1	1	0	5	0	-1	1	2	-1	-2	0	1	0	-1	0	-1	2	-1	-1	5	4	7	5	10	4	4	10	5	4	5	5	4	4	3	8	4	3	3	5	0.15	inf
-2	0	0	0	0	2	0	-1	2	-2	-3	0	0	-1	4	1	-1	2	1	-2	4	6	4	6	2	8	5	6	4	2	3	6	2	2	17	9	4	2	4	3	0.24	inf
-1	0	1	0	0	1	0	0	1	-2	-2	0	0	1	-1	2	0	1	0	-1	5	5	5	6	2	5	7	7	3	3	5	7	2	6	4	14	6	2	3	4	0.07	inf
0	-3	1	0	5	-1	-1	-3	2	1	-1	-1	0	-3	0	2	0	0	-1	-1	7	2	7	6	11	3	5	3	5	7	7	4	2	1	5	15	5	1	2	4	0.24	inf
-1	0	1	1	1	0	0	-2	1	0	-1	-1	-1	-2	1	1	1	1	-2	0	5	4	6	9	3	4	5	3	3	6	6	3	2	2	8	10	10	2	2	6	0.09	inf
-1	-2	-1	-2	0	0	-1	-4	1	1	1	-2	-1	2	3	0	-1	-1	0	1	5	3	3	3	2	5	4	2	3	7	11	3	2	8	14	8	4	1	3	10	0.18	inf
-1	-1	-1	1	0	0	0	-1	0	-1	0	0	1	0	2	1	0	-2	0	0	5	3	3	8	2	3	7	5	3	4	9	5	3	4	10	9	7	1	4	5	0.07	inf
1	0	0	-2	-1	0	-1	-2	0	0	0	2	-1	-2	1	0	1	1	1	0	10	5	4	3	1	5	3	3	2	6	9	11	2	2	8	6	8	2	4	7	0.07	inf
0	-3	-1	0	-1	-2	-3	-3	1	1	1	-3	1	2	-2	-1	-1	3	1	3	8	1	4	6	1	2	2	2	4	9	13	2	3	8	2	5	4	3	5	16	0.23	inf
0	-2	-2	-2	-2	-2	-1	-3	2	0	0	2	1	3	-2	0	0	1	3	-1	8	2	2	3	1	2	4	3	4	4	8	12	4	12	3	7	6	2	9	5	0.22	inf
0	-1	0	1	-2	0	0	-2	1	1	0	0	0	-2	0	1	1	0	0	0	8	3	5	7	1	4	6	2	4	8	9	5	3	2	4	10	7	1	3	8	0.05	inf
0	-5	-5	-6	-3	-5	-6	-5	-3	4	2	-5	2	4	-5	-5	-1	3	0	3	7	1	1	1	1	1	1	1	1	21	18	1	4	13	1	1	4	3	3	18	0.81	inf
2	-5	-3	-7	2	-5	-7	-2	-3	0	1	-7	-2	4	1	2	2	-2	1	0	15	1	2	0	4	1	0	4	1	5	11	0	1	16	6	13	11	1	4	5	0.49	inf
0	-2	0	-4	-2	-3	-2	-5	1	2	2	-4	1	1	-5	-1	1	-7	2	3	8	3	5	1	1	1	3	1	3	9	20	1	3	6	1	4	8	0	6	16	0.36	inf
-1	-3	-3	-6	3	-4	-6	-5	-4	0	2	-6	3	4	-5	-2	1	7	-1	1	5	2	2	1	6	1	1	1	0	5	17	1	7	13	1	4	8	14	2	11	0.81	inf
-5	-9	-4	-9	-2	-6	-9	-9	-2	2	5	-9	1	4	-5	-5	-4	-8	4	0	1	0	1	0	1	1	0	0	1	10	44	0	3	14	1	1	2	0	14	6	1.30	inf
4	-4	-4	-7	1	-5	-6	2	-3	0	-2	-7	-2	-2	-2	2	3	-4	-1	-2	31	1	1	0	3	1	1	13	1	6	4	0	1	2	2	13	14	0	3	3	0.68	inf
-2	-7	-3	-8	-1	-5	-5	-6	0	1	-1	1	3	2	0	1	-1	0	6	2	3	0	2	0	1	1	1	1	2	8	7	8	7	8	4	10	4	1	20	13	0.65	inf
1	-5	-7	-7	2	-7	-7	-4	-7	2	2	-7	0	3	-5	1	0	-1	0	3	12	1	0	0	4	0	0	2	0	10	19	0	2	10	1	11	5	1	3	18	0.62	inf
-2	-4	7	-5	-3	-4	-7	-4	3	-2	-6	-4	-5	-5	0	2	2	-8	-5	-4	3	1	45	1	1	1	0	2	6	3	1	1	0	1	5	13	13	0	1	2	1.40	inf
0	-7	-5	-9	5	-3	-9	-5	-3	-5	-5	-7	-9	-5	5	5	0	-10	-9	-5	9	0	1	0	9	2	0	1	1	1	2	1	0	1	25	42	5	0	0	1	1.51	inf
1	-10	-5	-10	8	-6	-8	-5	-10	1	0	-7	6	0	-7	0	-1	-4	-9	1	11	0	1	0	28	0	0	1	0	8	8	0	17	3	0	6	5	0	0	9	1.42	inf
0	-7	-10	-10	1	-9	-10	-7	-3	3	5	-10	2	1	-5	-5	-5	-9	2	2	7	0	0	0	3	0	0	1	1	12	42	0	5	6	1	1	1	0	7	12	1.10	inf
-9	-9	9	3	-5	-9	-9	-7	-2	-10	-8	-4	-10	-6	-10	-4	-5	-10	-6	-7	0	0	77	13	0	0	0	1	1	0	1	1	0	1	0	1	1	0	0	1	2.97	inf
-3	-10	-10	-10	-3	-10	-10	-10	-5	-11	-6	-10	-10	-2	9	-6	-6	-4	-11	-6	2	0	0	0	1	0	0	0	0	0	1	0	0	2	89	1	1	0	0	1	3.33	inf
-6	-10	-11	-11	-3	-10	-11	-6	-10	5	3	-10	1	4	-11	-7	-5	4	-4	2	1	0	0	0	1	0	0	1	0	31	28	0	3	15	0	1	1	4	1	14	1.49	inf
-4	-10	-5	-10	0	-9	-10	-10	-10	7	2	-9	-2	-2	-10	-9	-5	-9	-8	2	2	0	1	0	2	0	0	0	0	58	20	0	1	2	0	0	1	0	0	13	1.99	inf
-6	-11	-12	-7	-2	-11	-12	-13	-2	-11	-4	-12	-10	1	-13	-11	-11	-7	10	-11	1	0	0	1	1	0	0	0	1	0	2	0	0	4	0	0	0	0	89	0	3.93	inf
2	-4	-2	-6	3	-6	-6	1	-6	0	-2	-6	-2	0	-3	3	2	-6	2	1	19	1	2	0	6	0	0	10	0	5	3	0	1	4	1	22	11	0	6	9	0.52	inf
-3	-7	-9	-10	3	-8	-9	-7	-3	1	4	-7	0	6	-9	-6	-3	1	1	0	2	0	0	0	5	0	0	0	1	8	38	0	2	28	0	1	2	2	4	7	1.31	inf
-2	5	-5	-7	1	-2	-5	-5	-3	-1	1	-1	4	3	-7	0	-2	-1	-3	1	4	28	0	0	3	1	0	1	1	3	14	4	8	13	0	6	2	1	1	9	0.69	inf
-4	-2	7	-2	0	-3	-5	1	2	-3	-7	-4	-5	-8	-7	3	1	-8	-2	-5	1	2	44	2	2	1	0	10	5	2	0	1	0	0	0	18	7	0	2	1	1.26	inf
-2	3	-1	-1	-7	2	1	-2	0	-5	-5	5	-4	-7	1	0	-2	-5	-4	-5	4	13	3	3	0	8	8	4	2	1	1	35	0	0	8	6	2	0	1	1	0.76	inf
-3	1	2	3	-5	3	3	-3	0	-6	-5	2	-3	-5	-2	0	-1	1	-4	-4	2	7	9	18	0	12	18	2	2	0	1	10	1	0	2	6	4	2	0	1	0.57	inf
-7	-8	-6	-7	-3	-8	-8	-7	-7	1	0	-5	3	8	-7	-6	-4	-6	2	3	0	0	0	0	1	0	0	0	0	8	9	1	6	49	0	1	1	0	6	18	1.69	inf
-6	7	-4	-7	-3	2	-5	-6	-1	-3	-5	4	-2	-5	-5	-3	-4	-5	-5	-6	0	51	1	0	1	9	0	0	1	2	1	25	1	1	1	2	1	0	0	0	1.71	inf
0	3	1	0	-4	2	1	-1	2	-3	-2	3	-2	-5	-5	0	-1	-4	-3	-2	8	15	8	5	0	8	9	6	4	1	4	19	1	0	0	6	3	0	1	2	0.36	inf
5	0	-3	-1	3	-1	0	-1	0	-4	-3	-1	-3	-3	-5	0	1	-6	1	-2	40	4	1	4	6	2	5	5	3	1	2	3	1	1	0	6	8	0	4	2	0.57	inf
-4	-6	-8	-8	-1	-7	-8	-7	-4	2	4	-6	4	6	-8	-4	-4	-1	0	0	1	0	0	0	1	0	0	0	1	9	35	0	10	28	0	1	1	1	3	7	1.26	inf
-3	4	-3	-5	0	2	-3	-3	0	0	0	4	1	-1	-4	-2	-1	3	-1	-2	1	19	1	0	2	9	1	2	3	5	10	24	3	2	1	3	3	3	2	2	0.54	inf
-2	4	-1	-3	-5	2	1	-3	1	-4	-2	5	-1	-4	-6	0	-1	-3	-3	-4	4	20	3	1	0	8	8	2	3	1	4	28	1	1	0	8	4	0	1	1	0.66	inf
-1	-3	-5	-7	1	-2	-5	-5	-2	3	3	-2	3	1	-5	-3	1	-3	-1	2	6	2	1	0	3	2	0	1	1	16	28	3	7	5	0	2	8	0	2	13	0.56	inf
-5	-6	-8	-9	1	-8	-8	-8	-5	2	5	-6	2	4	-5	-7	-5	2	-4	1	1	0	0	0	3	0	0	0	0	8	53	1	4	16	1	0	0	2	0	8	1.36	inf
-2	2	-2	-6	8	-1	-5	-1	2	-4	-1	0	-3	1	1	0	-1	-2	-2	-4	2	11	2	0	28	3	1	5	5	1	7	6	1	5	8	8	4	1	1	1	0.81	inf
-3	0	-5	-3	10	-3	-5	0	-3	-3	0	0	-2	-2	-3	-2	-2	1	-3	-3	3	6	1	2	46	1	1	8	1	1	9	5	1	2	2	4	2	2	1	2	1.49	inf
-2	3	-2	-3	4	3	-2	1	3	-4	-1	2	0	0	-2	0	-2	1	-2	-3	4	13	1	2	9	12	2	12	6	1	6	11	3	4	2	6	2	2	1	2	0.33	inf
-4	5	-3	-5	3	1	-3	-1	-3	-3	-1	3	-5	0	-1	-1	-2	4	-1	-1	1	26	1	0	6	5	1	5	1	1	7	17	0	5	4	5	2	5	2	4	0.56	inf
0	2	-2	-2	2	1	-1	-1	1	-1	-1	1	0	0	-1	2	1	1	-1	-1	7	11	1	2	4	7	3	5	3	4	6	9	2	4	3	14	7	2	2	3	0.10	inf
0	2	-2	0	1	0	0	-1	0	-2	-1	1	0	-1	2	1	-1	-2	-1	-1	7	14	1	4	4	4	6	5	3	2	6	7	3	3	10	10	4	1	2	5	0.12	inf
0	2	2	0	1	2	1	-1	1	-3	-2	1	-4	-1	-2	1	0	-3	-1	-3	6	12	9	5	3	10	7	5	3	1	4	9	0	3	2	11	6	0	2	1	0.19	inf
-1	1	-1	1	-2	-1	-1	-2	-1	-4	-2	1	-1	-3	6	0	-2	-6	0	-2	6	7	3	7	1	3	3	4	1	1	5	8	1	1	33	6	3	0	3	3	0.58	inf
-1	1	0	1	-2	1	1	-1	0	-2	-1	0	-2	1	1	2	1	0	-1	-2	4	7	3	7	1	6	9	5	3	2	8	4	1	6	6	16	8	1	2	3	0.10	inf
0	0	-3	0	-2	-1	1	3	1	-3	-1	-2	-1	-3	2	3	-1	-5	-3	-2	8	4	0	5	1	2	8	20	3	1	6	2	2	1	10	20	4	0	1	3	0.29	inf
0	0	-1	1	-5	1	3	-2	-1	-4	-3	0	-2	-3	3	3	0	-6	-3	-2	7	5	2	8	0	5	17	3	1	1	2	4	1	1	15	19	4	0	1	3	0.39	inf
0	1	-1	1	-2	0	2	-1	0	-1	-1	0	-2	-3	0	1	1	-2	-2	0	8	8	1	6	1	4	13	4	3	3	7	6	1	1	4	11	11	1	1	6	0.11	inf
-1	1	-1	1	-4	1	4	-2	1	-2	-2	-1	1	-3	-2	2	0	-5	0	-3	4	7	3	8	0	5	25	3	3	2	4	4	4	1	2	16	5	0	4	1	0.34	inf
0	1	-1	-1	-3	-1	1	2	1	-4	-3	0	-2	-4	2	3	1	-5	-3	-1	7	6	3	3	0	3	7	14	3	0	2	4	1	1	9	22	8	0	1	4	0.28	inf
1	0	0	0	-1	0	-2	-1	-4	-2	-3	-2	-1	-4	0	5	1	-6	-2	-2	12	4	5	5	1	4	2	5	0	2	2	2	1	1	4	37	6	0	2	2	0.47	inf
0	0	-2	3	1	0	2	-1	1	-3	-2	-1	-2	-4	0	2	1	-5	-3	-2	6	5	1	16	3	4	13	4	4	1	4	3	1	1	4	15	11	0	1	2	0.26	inf
-1	3	0	-2	2	1	0	-2	-1	-3	-1	0	1	-3	-2	1	2	0	-1	0	5	16	5	2	4	6	6	2	1	1	6	4	3	1	1	13	15	1	2	6	0.21	inf
0	-2	-1	-1	0	0	-1	-2	-1	-4	-3	-1	0	-4	1	4	3	-6	0	-2	8	2	3	4	2	4	3	3	1	1	3	4	2	1	7	31	16	0	3	3	0.40	inf
1	0	0	-2	-3	-1	-1	-1	0	-3	-1	0	-2	-1	-1	3	2	-2	-3	-1	13	4	4	2	0	2	4	5	2	1	7	6	1	3	3	26	12	1	1	4	0.25	inf
0	-1	-1	-3	-3	0	-2	-3	-1	-3	-2	1	-3	-4	-1	5	3	-6	-4	0	8	4	3	1	0	4	2	2	1	1	4	8	1	1	3	37	14	0	0	6	0.53	inf
0	1	-1	-2	-3	0	0	-3	3	-3	-3	1	-2	-3	-2	3	3	0	-2	-3	8	7	2	2	1	4	6	1	6	1	2	8	1	1	2	26	18	2	1	1	0.43	inf
-1	0	0	-2	-3	-2	0	-1	1	0	1	-1	-1	-1	-1	0	2	-1	0	0	4	5	6	2	0	1	6	4	3	5	18	4	1	2	2	8	17	1	3	7	0.11	inf
-2	1	3	0	-3	-1	1	0	2	-4	-4	0	-1	-3	-1	2	2	-6	-4	-2	3	8	16	6	1	1	11	8	5	1	1	4	2	1	3	13	15	0	0	2	0.36	inf
-1	1	2	0	-2	0	1	-2	3	-3	-2	0	0	-2	0	3	1	-5	0	-2	4	7	8	4	1	3	8	3	9	1	3	5	3	1	4	23	9	0	3	2	0.27	inf
-1	-1	-4	-2	-4	0	1	0	0	-2	-5	-2	-5	-4	-3	4	4	-7	-4	-2	4	4	0	2	0	5	9	6	2	2	1	2	0	1	1	36	24	0	0	2	0.71	inf
0	-1	-1	-1	-2	0	0	-2	0	1	0	-1	2	-2	-2	2	1	-4	-1	2	6	4	3	4	1	3	5	2	3	7	10	2	5	1	1	15	11	0	2	15	0.12	inf
0	0	-1	-1	-3	0	-1	-1	0	1	1	-1	2	0	0	1	-1	-3	1	0	6	6	3	3	0	5	2	4	2	7	19	2	6	3	5	13	3	0	5	7	0.07	inf
1	-1	1	0	-4	1	0	-2	-3	-3	-2	0	1	-3	1	3	1	-5	-3	0	10	3	8	5	0	6	6	2	0	0	3	5	4	1	7	22	8	0	1	8	0.23	inf
0	1	0	-1	-5	1	-3	4	-1	-4	-3	0	2	0	-4	1	0	1	-4	-2	6	8	4	4	0	6	1	31	2	0	1	6	5	4	0	13	5	2	0	2	0.40	inf
-1	2	0	-3	0	1	1	-1	-1	1	-2	0	0	-4	2	1	0	-5	-3	0	5	13	4	0	2	7	12	4	1	8	3	3	2	0	12	9	5	0	1	8	0.19	inf
-1	0	-2	-3	0	3	1	-1	6	-3	-4	0	1	-3	-2	3	-1	-5	-2	-1	5	5	1	1	2	12	8	5	20	1	0	4	4	1	2	20	3	0	1	5	0.48	inf
-1	-3	1	-2	2	-3	-2	0	-5	-6	-4	0	-2	-6	4	5	-1	-7	-6	-5	4	1	6	1	5	1	2	6	0	0	2	5	1	0	19	45	3	0	0	0	0.90	inf
-1	1	4	0	-2	-2	-1	2	-3	-5	-5	1	-4	-2	-2	4	-2	-6	-4	-3	4	7	21	4	1	1	3	13	0	0	0	10	0	2	2	29	1	0	0	2	0.54	inf
-2	1	-2	5	0	-1	1	1	-3	-5	-4	1	-1	-3	-1	0	-2	-5	-1	-3	2	9	0	35	2	2	10	12	0	0	1	10	2	1	3	6	2	0	2	2	0.52	inf
-1	0	3	-2	-4	0	0	2	4	-2	-3	0	-3	-1	-3	2	-1	-4	1	-2	2	5	17	0	0	3	7	14	13	3	2	6	0	2	0	18	2	0	6	2	0.33	inf
1	-1	1	-2	-3	-2	0	-2	-3	-4	-4	-1	-3	-5	-3	5	3	-5	-4	-3	12	2	6	0	0	0	6	2	0	0	0	2	0	0	0	52	18	0	0	0	0.76	inf
-2	-2	-3	-3	-2	-2	-3	-4	-3	3	1	2	1	-1	-1	-2	1	-4	-2	3	0	0	0	0	0	0	0	0	0	27	7	18	4	3	3	0	8	0	0	31	0.36	inf
-1	-3	-4	-4	-2	-3	-3	-4	-3	4	2	-3	3	-1	-3	-3	-1	-3	-2	3	0	0	0	0	0	0	0	0	0	35	23	0	16	0	0	0	0	0	0	26	0.42	inf
