-1	-3	-4	-4	-2	-2	-3	-4	-3	2	1	-3	6	-1	-3	-3	-1	-3	-2	4	0	0	0	0	0	0	0	0	0	10	0	0	36	0	0	0	0	0	0	54	0.64	inf
-1	-3	-2	-3	2	-2	-2	-3	-3	1	-1	-2	0	-2	-3	2	1	-4	-2	4	0	0	0	0	6	0	0	0	0	6	2	0	2	0	0	28	10	0	0	47	0.38	inf
-1	-2	1	0	-2	1	1	1	1	-3	-3	-1	-2	-4	0	3	3	-4	-3	-3	0	0	7	3	0	8	7	9	3	0	0	0	0	0	5	37	22	0	0	0	0.40	inf
1	-2	-1	-2	3	-2	0	-2	-3	-3	-3	-2	-3	-4	4	4	2	-4	-3	-1	8	0	0	0	7	0	6	0	0	0	0	0	0	0	20	44	11	0	0	4	0.57	inf
-2	-5	-4	-5	10	-4	-5	-1	-5	-4	-4	-4	-4	-5	0	1	-2	-4	-4	-3	0	0	0	0	76	0	0	6	0	0	0	0	0	0	6	12	0	0	0	0	2.01	inf
-1	-4	-3	-4	10	0	-1	-2	-4	-3	-4	-3	-3	-4	-4	2	-1	-4	-4	-3	1	0	0	0	66	5	5	2	0	0	0	0	0	0	0	19	1	0	0	0	1.66	inf
-1	-1	-1	-2	-3	4	0	2	2	-2	-1	-1	-2	-3	1	1	1	-3	-2	0	3	1	0	0	0	28	1	18	6	0	6	2	0	0	7	9	12	0	0	7	0.28	inf
1	-3	-2	-2	-3	-2	-1	-2	-3	-3	-3	-2	-3	-4	5	3	2	-4	-3	0	10	0	0	0	0	0	2	2	0	0	0	0	0	0	33	31	13	0	0	8	0.74	inf
1	-2	0	-2	1	0	-2	-1	-2	-2	-2	-2	0	1	0	3	2	-3	0	0	10	0	5	0	3	5	0	2	0	0	0	0	3	8	5	32	16	0	4	8	0.23	inf
-2	-5	-4	-2	10	-5	-5	-1	-5	-3	-3	-5	-3	0	-2	-1	-2	-4	-4	-3	0	0	0	2	77	0	0	5	0	0	1	0	0	6	2	5	1	0	0	0	2.08	inf
-1	-3	-2	-3	7	-2	0	1	-3	0	-3	-3	-2	-1	-3	2	-1	-3	2	-1	2	0	0	0	30	1	8	13	0	8	0	0	0	2	0	24	0	0	8	4	0.55	inf
-1	0	-1	2	1	2	0	-1	-2	-1	-2	0	-2	0	3	1	0	-3	-1	0	1	4	0	14	3	12	3	3	0	1	2	4	0	5	16	11	8	0	2	11	0.20	inf
-1	0	0	-2	-3	2	-2	-3	1	-3	-1	-2	0	-4	5	3	0	-4	-3	-3	2	4	3	0	0	10	0	0	4	0	6	0	3	0	27	36	5	0	0	0	0.60	inf
0	-2	-1	-2	-3	1	-2	2	1	-1	-3	-2	-3	-2	1	4	0	-4	-3	-2	3	0	1	0	0	7	0	20	4	4	0	0	0	2	7	45	4	0	0	2	0.43	inf
-2	-1	-4	-5	10	-4	-5	-2	-4	-2	-3	-4	-3	-1	0	1	0	-4	-4	-3	0	4	0	0	68	0	0	3	0	2	0	0	0	3	5	10	4	0	0	0	1.72	inf
-1	-2	-2	-2	7	1	-3	3	-3	-4	-4	-3	-3	-4	-1	2	-2	1	-1	-3	0	2	0	1	34	8	0	29	0	0	0	0	0	0	3	17	0	2	2	0	0.83	inf
-1	0	-2	-2	4	3	0	2	0	0	0	0	-1	-1	-1	0	0	-3	-2	-1	1	3	0	0	12	23	3	17	3	6	9	4	1	2	2	5	6	0	0	3	0.18	inf
-1	0	-1	-2	0	2	1	0	1	-3	-2	-1	-2	-4	4	2	2	-4	-3	-2	1	4	0	0	2	9	8	6	4	0	2	0	0	0	24	25	13	0	0	1	0.46	inf
1	-3	0	0	3	-2	-2	3	-1	-3	-3	-2	-3	-3	2	2	1	-3	-1	-2	8	0	2	5	9	0	0	26	1	0	0	0	0	0	10	23	10	0	2	1	0.40	inf
0	-3	-3	-3	8	-3	-1	-2	0	-1	-1	-3	-2	-3	-3	1	1	-3	0	-2	8	0	0	0	44	0	4	2	3	4	4	0	0	0	0	15	11	0	4	0	0.84	inf
-2	-2	-4	-5	10	1	-3	-2	-4	-1	-3	-4	-3	-4	-2	-1	-3	0	-4	-3	0	2	0	0	74	7	1	3	0	4	0	0	0	0	2	4	0	1	0	0	1.95	inf
-1	1	-1	-1	-1	4	-1	0	2	0	-2	0	-1	-3	1	-1	1	-3	-1	1	2	6	0	4	1	27	0	9	7	8	0	3	0	0	6	3	10	0	1	12	0.20	inf
0	-2	-2	-2	-3	-1	1	-1	-3	-4	-4	-2	0	-4	6	3	-1	-4	-4	-3	4	2	0	0	0	1	12	3	0	0	0	0	4	0	44	26	3	0	0	0	0.96	inf
-1	-2	-1	-2	3	-1	-2	1	-2	-3	-3	-1	-3	-3	-1	4	2	-3	1	-2	0	0	0	0	7	2	0	12	0	0	0	3	0	0	3	49	15	0	6	2	0.50	inf
-1	-4	-1	-4	9	-4	-4	-1	-4	-4	-4	-4	-3	-4	1	1	0	-4	-1	-3	3	0	4	0	61	0	0	4	0	0	0	0	0	0	8	15	4	0	2	0	1.51	inf
-2	-3	-4	-1	10	-3	-5	-3	-5	-3	-3	-4	-3	-1	-5	-3	-1	-4	-4	-3	2	2	0	5	80	1	0	1	0	0	0	0	0	4	0	0	4	0	0	0	2.21	inf
-1	2	-1	0	-4	5	1	-3	2	-1	-3	1	-2	-4	-1	-1	0	-4	-3	-1	4	12	0	4	0	45	5	0	6	4	0	7	0	0	3	0	5	0	0	5	0.56	inf
-1	-3	0	-2	-3	1	-2	-3	1	-4	-4	-2	-3	-4	7	1	1	-4	-3	-3	3	0	5	0	0	6	0	1	5	0	1	0	0	0	55	10	11	0	0	0	1.16	inf
1	-1	-1	0	0	-1	-1	0	-2	-1	-2	-1	-2	-3	-2	3	3	-3	-2	1	9	2	0	5	2	0	3	7	0	0	2	0	0	0	0	29	25	0	0	12	0.29	inf
-1	-4	-3	-4	9	-3	-4	-2	-4	-3	-3	-3	-3	-4	1	2	-1	-4	-4	-2	3	0	0	0	62	0	0	3	0	0	1	0	0	0	7	15	3	0	0	3	1.50	inf
-2	-5	-4	-5	10	-1	-4	-4	-4	-2	-1	-4	-3	-2	-5	1	-1	-4	0	-3	0	0	0	0	71	4	0	0	0	1	4	0	0	1	0	12	2	0	4	0	1.87	inf
-1	2	0	1	-3	5	1	-1	-1	-2	-2	0	-2	-3	-2	0	0	-3	-3	-1	3	14	4	6	0	37	8	3	0	1	4	1	0	0	0	7	5	0	0	6	0.39	inf
-1	-2	0	-2	-3	1	-2	-3	-3	-1	-2	-2	-2	-4	5	2	4	-4	-3	-2	2	0	3	0	0	6	0	0	0	4	2	0	0	0	29	17	34	0	0	0	0.71	inf
1	-3	-1	-2	-2	-2	-2	0	-3	0	-1	-2	-2	-3	0	3	4	-4	-3	0	11	0	0	0	0	0	0	8	0	4	4	0	0	0	4	32	31	0	0	7	0.40	inf
-1	-4	-4	-4	9	-4	-4	-2	-4	-1	-3	-4	-3	-3	3	1	-2	-4	2	-1	2	0	0	0	55	0	0	2	0	3	0	0	0	0	13	11	0	0	8	5	1.35	inf
-1	-4	-4	-5	10	-4	-4	-2	-4	-4	-4	0	-3	-3	-4	1	-3	1	2	-3	4	0	0	0	64	0	0	3	0	0	0	8	0	0	0	9	0	2	9	0	1.64	inf
-2	3	-2	-2	1	5	1	1	1	-4	-4	1	-2	-4	-1	-2	-1	-4	-3	-4	2	20	0	0	4	42	6	12	3	0	0	6	0	0	3	0	3	0	0	0	0.65	inf
-1	-1	-3	-3	-4	0	1	-4	1	-5	-5	-2	-4	-5	7	1	-1	-5	-4	-4	2	2	0	0	0	4	10	0	4	0	0	0	0	0	62	11	3	0	0	0	1.44	inf
2	-1	0	-2	-2	0	-2	0	-2	-1	-3	-2	-2	-3	-2	3	3	-4	-3	1	18	1	4	0	0	4	0	4	0	1	0	0	0	0	0	35	22	0	0	11	0.40	inf
-2	-4	-4	-4	9	-4	-4	-4	-4	-3	-3	-4	-3	-4	3	1	1	-4	-2	-2	0	0	0	0	59	0	0	0	0	0	0	0	0	0	13	14	11	0	1	3	1.57	inf
-2	-4	-3	-4	9	0	0	-4	-3	0	-3	-3	-3	1	-4	0	-2	-3	0	-2	0	0	0	0	59	4	8	0	0	5	1	0	0	8	0	6	0	0	4	2	1.33	inf
-1	-2	-3	-1	-3	3	2	-4	-3	1	-1	-2	0	-3	-3	-1	0	-4	-3	4	3	0	0	3	0	17	13	0	0	4	0	0	3	0	0	2	6	0	0	48	0.44	inf
1	-2	-1	-1	-2	0	-2	-2	0	-3	-3	-2	-3	-4	3	4	2	-4	-3	-1	14	0	0	3	0	4	0	0	2	0	0	0	0	0	16	39	18	0	0	4	0.54	inf
0	1	0	1	-3	-2	-2	0	-2	-3	-2	-1	-3	-4	-1	4	0	-4	-3	0	4	9	2	8	0	0	0	7	0	0	3	0	0	0	2	54	2	0	0	8	0.46	inf
-1	-3	-3	-4	9	0	-4	-1	-4	-3	-2	-3	-3	-4	3	1	-2	-4	-4	-3	4	1	0	0	55	4	0	4	0	0	4	0	0	0	13	14	0	0	0	0	1.32	inf
-2	-5	-5	-5	10	-5	-5	-5	-5	-1	-1	-5	-3	-4	-5	-3	1	-4	-2	-1	2	0	0	0	75	0	0	0	0	4	5	0	0	0	0	0	11	0	1	2	2.09	inf
-3	3	-2	1	-5	6	0	-2	-2	-4	-4	2	-2	-5	-3	-1	-2	-4	-3	-1	0	21	0	8	0	54	0	2	0	0	0	9	0	0	0	2	0	0	0	4	0.94	inf
0	-4	-4	-3	-4	0	-3	-1	-4	-4	-4	-3	-4	-5	8	-2	-2	-5	-5	-1	6	0	0	0	0	6	0	4	0	0	0	0	0	0	76	0	2	0	0	5	1.84	inf
1	-2	-1	-2	-2	1	0	0	-2	1	-1	-1	-1	-3	-2	3	2	-3	-2	1	10	0	0	0	0	10	4	6	0	9	3	0	0	0	0	28	13	0	1	16	0.21	inf
-3	-5	-4	-1	11	-5	-5	-5	-5	-4	-4	-5	-4	-5	0	0	-3	-5	-5	-3	0	0	0	4	82	0	0	0	0	0	0	0	0	0	4	9	0	0	0	0	2.44	inf
-2	-1	-3	-3	9	0	-3	0	-3	-1	-2	-3	-3	-3	0	2	-2	-3	-1	-2	0	3	0	0	53	5	0	7	0	4	2	0	0	0	4	17	0	0	2	0	1.11	inf
-1	0	-1	-1	-3	3	1	0	3	-1	-2	1	-1	-1	-2	0	0	-3	-1	1	3	4	0	0	0	23	11	7	9	3	2	6	0	4	0	6	4	0	0	17	0.18	inf
0	-2	-2	-2	-3	0	0	1	-3	-3	-3	-2	0	-4	4	2	3	-4	-3	-2	6	0	0	0	0	4	6	9	0	0	0	0	4	0	22	20	28	0	0	0	0.53	inf
0	-3	0	-2	-2	-2	-2	-1	-3	1	-2	-2	-1	-3	2	2	2	-4	-3	3	4	0	5	0	0	0	0	4	0	6	0	0	1	0	12	20	20	0	0	28	0.34	inf
-2	-4	-1	-1	9	-2	-4	-1	-4	-2	-3	-4	-3	0	1	0	0	-4	-3	-3	0	0	4	4	57	1	0	5	0	2	0	0	0	4	6	9	6	0	0	0	1.25	inf
-1	0	-4	-5	10	0	-4	-3	-4	0	-3	-4	-3	-4	-4	-1	-3	-4	1	-1	4	6	0	0	65	4	0	2	0	6	0	0	0	0	0	4	0	0	5	4	1.57	inf
-1	2	0	0	-4	5	1	0	1	-2	-3	2	-2	-4	-3	-1	-2	-4	-3	-1	3	12	4	4	0	39	5	6	4	2	0	17	0	0	0	1	0	0	0	4	0.52	inf
0	-3	-2	-3	-4	-2	-1	1	-3	-4	-4	-2	-3	-4	6	2	-1	-5	-2	-1	7	0	1	0	0	1	3	10	0	0	0	0	0	0	52	17	3	0	2	4	1.08	inf
0	-2	0	-2	-1	0	0	0	-2	0	-2	-2	-1	-2	-2	2	2	-3	0	2	5	0	3	0	1	4	8	7	0	3	0	0	0	0	0	19	21	0	4	25	0.20	inf
-2	-5	-4	-5	10	0	-4	-4	-4	-3	-4	-4	-3	-5	2	1	-3	-5	-4	-1	0	0	0	0	68	6	0	0	0	0	0	0	0	0	12	10	0	0	0	4	1.86	inf
-2	-5	-4	-5	10	0	-3	-3	-4	-2	-3	-4	-3	-4	-5	0	-3	-4	0	-3	0	0	0	0	77	4	2	2	0	2	1	0	0	0	0	7	0	0	4	0	2.10	inf
-1	2	-1	0	-3	2	-1	0	2	0	0	-1	1	-2	-3	1	-1	-3	-2	2	1	12	0	6	0	14	0	9	8	2	7	1	5	0	0	13	0	0	0	21	0.14	inf
-1	-4	-3	-3	-4	-2	-3	-2	-4	-3	-4	-3	-4	-5	7	2	1	-5	-4	-2	1	0	0	0	0	1	0	2	0	2	0	0	0	0	63	19	11	0	0	2	1.49	inf
0	-1	-1	-2	2	-1	-2	2	-3	-1	-2	-2	-2	-3	-3	3	2	-4	-3	1	5	3	2	0	6	1	0	18	0	1	0	0	0	0	0	31	16	0	0	17	0.33	inf
-2	-4	-3	-4	8	-3	-4	1	-4	-2	-3	-3	-3	-3	1	2	-2	6	-1	-3	0	0	0	0	45	0	0	13	0	2	0	0	0	0	7	18	0	11	3	0	1.15	inf
0	-4	-3	-4	9	-4	-4	0	-3	-3	-1	-4	-3	-1	-4	1	-2	-3	1	-3	6	0	0	0	55	0	0	8	0	0	7	0	0	2	0	15	0	0	7	0	1.23	inf
-1	3	-1	-1	-4	4	2	2	1	-2	-3	1	-2	-4	-3	-1	-1	-3	-3	-3	2	16	0	0	0	27	15	18	3	3	0	8	0	0	0	3	4	0	0	0	0.44	inf
-1	-1	-1	-2	-3	1	0	-3	1	-1	-3	-2	-3	-4	6	1	1	-4	-3	-1	4	2	2	0	0	7	6	0	4	4	0	0	0	0	40	12	12	0	0	5	0.71	inf
1	-1	1	0	-2	0	-1	2	-2	-1	0	-1	-1	-3	-2	2	2	-3	-3	1	9	1	8	5	0	5	0	16	0	2	9	0	0	0	0	17	14	0	0	13	0.16	inf
-2	-2	-4	-5	10	-4	-4	-4	-4	-3	-3	-4	-3	-4	1	1	1	-4	-2	0	0	2	0	0	63	0	0	0	0	0	0	0	0	0	8	9	9	0	2	8	1.58	inf
-3	-1	-4	-4	10	0	0	-2	-1	-3	-2	-4	-3	1	-5	-3	-3	-3	1	-3	0	3	0	0	64	4	8	4	2	0	2	0	0	6	0	0	0	0	6	0	1.56	inf
-2	2	-2	-2	-3	3	1	0	1	1	0	0	-1	-3	-1	-1	-1	-3	-2	2	0	18	0	0	0	21	8	6	5	11	7	1	0	0	3	1	1	0	0	18	0.22	inf
0	-1	-2	-2	-3	1	1	-2	-3	-3	-2	-2	-3	-4	5	2	2	-4	-3	-2	6	3	0	0	0	7	8	2	0	0	4	0	0	0	38	18	14	0	0	2	0.71	inf
0	0	0	-1	-2	-2	-2	1	-2	0	-2	0	-2	-3	0	2	3	-4	-3	1	2	4	4	1	0	0	0	11	0	7	0	4	0	0	4	26	23	0	0	14	0.24	inf
0	-3	-2	-3	7	0	-2	0	-3	-1	-3	-2	-3	-4	1	3	2	-4	-3	-2	4	0	0	0	29	4	0	8	0	4	0	0	0	0	6	27	17	0	0	0	0.65	inf
-1	-5	-4	-5	10	-1	-5	-3	-4	-2	-3	-5	1	-1	-5	-2	-3	-4	2	-3	4	0	0	0	73	4	0	2	0	2	0	0	4	2	0	2	0	0	7	0	1.96	inf
-2	2	-2	-2	5	4	1	-3	-2	-2	0	2	-2	-3	-3	-1	-1	-3	-1	-1	1	11	0	0	15	32	6	0	0	1	9	14	0	0	0	2	1	0	3	3	0.45	inf
-2	-4	-3	-3	-4	-1	-3	-2	-4	-4	-4	-3	-4	-5	8	0	-1	-5	-2	-4	0	0	0	0	0	2	0	3	0	0	0	0	0	0	81	7	3	0	2	0	2.04	inf
1	-2	-1	1	-2	0	-1	0	-2	-1	0	-1	-1	-3	2	2	2	-3	-2	1	11	0	0	8	0	4	0	5	0	2	9	0	0	0	9	24	15	0	0	11	0.19	inf
-1	-3	-3	-3	8	1	-3	0	-3	-1	-1	-3	-2	-3	0	2	-1	-4	-1	1	0	0	0	0	39	9	0	6	0	3	4	0	0	0	4	17	3	0	2	10	0.69	inf
-2	-5	-4	-5	10	-1	-3	-1	0	-1	-3	-4	-3	-4	-5	-1	-3	-4	-1	-1	0	0	0	0	72	4	2	6	3	4	0	0	0	0	0	5	0	0	2	3	1.87	inf
0	0	-2	-2	1	2	0	0	-3	0	-1	-1	-1	-3	-3	0	1	-4	-3	3	4	6	0	0	4	11	4	9	0	3	2	1	0	0	0	8	12	0	0	37	0.20	inf
1	0	-2	-2	-2	-1	-2	0	-3	-1	-2	-2	-2	-2	4	2	2	-4	-3	0	13	7	0	0	0	1	0	8	0	2	3	0	0	1	24	21	13	0	0	9	0.40	inf
-1	-2	0	-2	-3	-1	-2	-1	3	-2	-3	-2	-1	-3	1	4	2	-4	0	1	0	0	2	0	0	1	0	2	8	0	0	0	2	0	5	44	16	0	4	16	0.43	inf
-2	0	-3	-1	8	-2	-3	1	-3	-2	-3	-3	-2	-1	0	0	-2	4	-1	1	0	5	0	4	40	1	0	10	0	0	0	0	0	3	5	9	0	6	2	13	0.73	inf
0	-4	-3	-3	9	-4	-4	-2	-4	-3	-3	-4	-3	-1	-4	0	3	-4	-1	-2	6	0	0	2	57	0	0	3	0	0	0	0	0	2	0	5	21	0	2	0	1.40	inf
-2	4	-1	-2	-1	3	0	0	0	-3	-2	2	0	-3	1	-1	-2	-3	1	-3	0	30	0	0	2	19	5	8	2	1	3	11	3	0	8	4	0	0	5	0	0.38	inf
-1	-2	-1	-3	-1	-1	-3	-2	-3	-4	-1	-2	-3	-4	7	1	-1	-5	-4	-3	2	2	3	0	2	2	0	3	0	0	8	0	0	0	65	10	3	0	0	0	1.39	inf
0	-2	-1	1	4	3	-1	-2	-2	-1	-2	-1	-2	-3	-1	3	1	-4	-3	1	5	0	0	8	10	22	0	1	0	3	2	0	0	0	2	28	6	0	0	11	0.31	inf
-2	-2	-3	-3	9	-2	-1	0	-4	-1	-2	-3	-3	-4	1	2	-2	-4	-4	-1	0	2	0	0	48	2	4	9	0	2	3	0	0	0	7	18	0	0	0	5	0.99	inf
-2	-1	-3	-4	9	0	-4	-2	-4	-4	-3	-4	-3	0	-4	2	-2	4	1	-3	0	4	0	0	58	4	0	2	0	0	0	0	0	3	0	17	0	6	5	0	1.45	inf
0	-1	-2	-1	0	4	0	0	0	0	-2	-1	-1	-3	-3	0	-1	-4	-3	2	8	1	0	4	3	33	3	9	2	5	2	2	0	0	0	4	3	0	0	23	0.28	inf
0	-3	-2	-2	0	-1	-1	-3	-3	-3	-1	-2	-2	-4	5	3	2	-4	-3	-2	8	0	0	0	2	3	4	0	0	0	9	0	0	0	28	30	18	0	0	0	0.62	inf
-1	-3	1	-2	1	-2	-2	-1	1	0	-1	-2	-1	-2	1	0	3	-3	2	2	1	0	7	0	4	1	0	4	4	3	5	0	0	0	7	7	25	0	8	25	0.22	inf
-1	-3	-2	-3	7	-2	-3	-1	1	-2	-1	-3	-1	0	1	0	1	4	2	0	0	0	0	0	29	0	0	4	4	0	4	0	2	3	6	10	10	6	10	10	0.49	inf
1	-4	-4	-5	10	-4	-4	-4	-4	-3	-3	-4	1	-2	-1	-2	-3	-3	1	-2	14	0	0	0	66	0	0	0	0	0	0	0	4	1	4	0	0	0	6	2	1.68	inf
-2	2	-1	0	-1	6	1	-1	1	-3	-2	1	-2	-4	-1	-1	-2	-3	-3	-1	0	13	0	4	2	46	4	4	3	0	4	9	0	0	3	1	0	0	0	6	0.56	inf
0	-2	-3	-3	-4	-2	-2	-2	-3	-4	-3	-2	-3	-4	7	0	0	-5	-4	-3	9	2	0	0	0	2	0	3	0	0	2	0	0	0	65	8	7	0	0	0	1.45	inf
0	-2	0	0	-2	0	-1	-2	-2	1	-1	-1	0	-2	1	2	1	-3	-2	2	2	1	4	4	0	5	1	1	0	9	4	1	1	0	8	25	11	0	0	21	0.18	inf
-2	-4	-3	-4	9	-4	-4	0	1	-3	-3	-4	-3	-4	1	1	-2	3	-3	0	0	0	0	0	57	0	0	7	4	0	0	0	0	0	6	11	0	4	0	8	1.33	inf
-2	-4	-4	-5	9	-1	-4	-1	-3	-1	-3	-3	-3	-3	-4	-1	-1	-3	3	0	0	0	0	0	59	4	0	6	0	4	0	1	0	0	0	4	4	0	12	5	1.39	inf
-1	3	-2	-3	0	3	-1	0	0	0	-1	-1	0	-3	-3	0	-1	-3	-1	3	3	22	0	0	2	18	0	6	2	2	2	0	3	0	0	9	0	0	1	28	0.27	inf
-2	-3	-1	-3	1	0	-3	-3	-3	-3	-1	-3	-3	-4	7	2	-1	-5	-4	0	0	0	2	0	4	4	0	0	0	0	7	0	0	0	55	20	1	0	0	7	1.16	inf
0	-2	0	2	-1	0	-1	-2	-2	-1	-2	-1	-2	-3	2	3	2	-4	-3	1	7	0	4	12	1	3	0	0	0	1	0	3	0	0	8	32	14	0	0	16	0.30	inf
-2	-5	-4	-5	10	-4	-5	-4	-4	-2	-3	-4	-3	-3	1	1	-2	-4	2	-1	0	0	0	0	63	0	0	0	0	2	0	0	0	0	7	15	0	0	9	4	1.66	inf
1	-3	-3	-4	9	-1	-3	2	-4	-3	-2	-3	-3	-4	-4	0	0	-4	-3	-1	10	1	0	0	50	4	0	15	0	0	4	0	0	0	0	6	6	0	1	3	1.03	inf
-2	3	-1	-1	-4	4	1	1	-1	-3	-3	1	-2	-4	2	0	0	-3	-3	-3	0	17	0	0	0	25	11	14	1	1	0	6	0	0	10	4	8	0	0	1	0.41	inf
0	-1	1	-2	-3	2	-2	-1	1	-4	-4	-2	-3	-4	6	1	1	-4	-3	-2	6	2	8	0	0	10	0	3	4	0	0	0	0	0	42	14	9	0	0	3	0.82	inf
1	-2	-1	-2	-1	1	0	1	-2	-1	-1	-1	-1	-3	-2	2	3	-3	-3	0	13	0	0	0	1	8	4	12	0	2	7	0	0	0	0	24	21	0	0	9	0.24	inf
-2	-4	-4	-4	9	-1	-4	-4	-4	-1	-3	-4	-3	-4	3	1	-2	-5	-4	1	0	0	0	0	55	4	0	0	0	4	0	0	0	0	14	13	1	0	0	10	1.36	inf
-3	-2	-5	-5	10	0	-5	-1	-5	-4	-4	-4	-4	-2	-1	-3	-3	-4	-2	-3	0	2	0	0	80	6	0	5	0	0	0	0	0	1	4	0	0	0	2	0	2.29	inf
-1	2	-1	-2	-3	4	1	-2	3	-1	-2	0	0	-3	0	0	0	-3	-2	0	3	14	0	0	0	24	9	1	8	4	0	4	3	0	4	8	6	0	0	11	0.27	inf
1	-3	-1	-2	1	-2	-2	-1	-3	-2	-3	-2	-3	-4	5	3	2	-4	-3	-1	8	0	1	0	4	0	0	4	0	2	1	0	0	0	33	24	19	0	0	4	0.68	inf
1	0	-1	0	-2	-2	-2	2	-1	-2	-3	-1	-2	-3	-1	3	3	-4	-3	0	13	5	0	4	0	0	0	15	1	1	0	0	0	0	2	28	24	0	0	7	0.32	inf
-1	-4	-3	-4	9	-3	-4	-1	-1	-2	-3	-1	-3	-4	1	1	0	-4	0	-2	4	0	0	0	57	0	0	4	1	2	0	4	0	0	8	11	5	0	4	1	1.28	inf
0	-2	-4	-5	9	-4	-5	-1	-3	-3	-3	-4	-3	1	-4	-2	-1	-3	4	-3	6	2	0	0	60	0	0	4	0	0	0	0	0	6	0	2	2	0	16	0	1.54	inf
-2	5	-2	-2	3	4	0	-3	0	-4	-3	1	-2	-4	-3	1	0	-4	-3	-2	0	35	0	0	7	29	3	0	1	0	0	7	0	0	0	9	6	0	0	2	0.66	inf
-2	-1	-3	-3	2	2	-2	-1	1	-4	-4	-2	-3	-5	7	-1	-2	-5	-4	-2	2	4	0	0	4	11	0	4	4	0	0	0	0	0	62	4	2	0	0	2	1.39	inf
1	-2	0	-2	0	0	-2	0	-2	0	-1	-2	-2	-3	0	3	2	-4	-3	0	11	0	4	0	1	4	0	4	0	4	5	0	0	0	5	38	14	0	0	8	0.28	inf
0	-3	-2	-3	8	-3	-3	-3	-3	0	-1	-3	-2	-2	0	2	1	-3	1	0	4	0	0	0	37	0	1	1	0	4	7	0	0	0	5	18	11	0	6	5	0.66	inf
-2	-2	-4	-4	9	0	-4	-3	-4	-3	-3	-4	-3	-4	0	0	-2	0	0	1	0	2	0	0	63	4	0	1	0	0	0	0	0	0	6	7	0	1	4	10	1.50	inf
-1	-1	-2	0	-2	1	-2	-1	-1	2	0	-2	2	-2	-1	0	0	-3	-2	3	3	4	0	8	0	10	0	5	1	11	2	0	7	0	2	6	5	0	0	35	0.16	inf
0	-2	-1	-2	2	2	0	-1	-2	-2	-2	-1	-2	0	3	3	1	-3	-2	-3	3	0	0	0	5	15	5	4	0	2	2	0	0	6	14	36	8	0	0	0	0.39	inf
0	1	-1	-2	-2	-1	-2	1	-2	-1	0	-1	-1	0	1	3	0	-3	-1	0	4	10	0	0	0	0	0	12	0	1	15	3	0	6	6	31	5	0	2	7	0.16	inf
-2	-2	-3	-4	8	-3	-4	-4	-4	-1	1	-3	-2	-1	1	0	2	-3	-1	0	0	3	0	0	38	0	0	0	0	1	17	0	0	3	7	7	14	0	3	8	0.70	inf
-2	-5	-4	-5	10	-4	-5	-1	-4	-4	-4	-3	-4	-4	-1	-1	-1	-4	1	-2	0	0	0	0	75	0	0	4	0	0	0	2	0	0	4	5	3	0	5	1	2.05	inf
-2	4	-2	0	-5	5	1	-3	2	-4	-3	1	-2	-4	0	-1	-1	-4	-3	-4	0	33	0	4	0	35	5	0	4	0	1	7	0	0	5	3	2	0	0	0	0.74	inf
-2	-2	-3	-3	-4	0	-3	-4	-1	-4	-5	-3	-4	-5	8	1	0	-5	-4	-3	0	1	0	0	0	5	0	0	2	0	0	0	0	0	74	10	7	0	0	2	1.81	inf
1	1	-2	-2	2	-1	-2	-2	-1	0	-1	-1	-1	-2	-1	3	1	-3	-2	2	10	8	0	0	6	2	0	1	1	2	5	0	0	2	2	32	10	0	0	18	0.22	inf
-1	-5	-5	-6	10	-5	-6	-1	-5	-2	-2	-5	-3	-4	-5	-2	-3	-5	-3	-2	4	0	0	0	81	0	0	6	0	2	3	0	0	0	0	1	0	0	1	2	2.32	inf
-1	-2	0	-3	8	0	-3	-1	-3	-2	-2	-3	-2	-3	-3	3	0	-3	1	0	0	2	4	0	36	4	0	4	0	0	1	0	0	0	0	27	4	0	7	10	0.71	inf
0	1	1	-1	2	3	2	-2	1	-3	-3	0	0	-3	1	0	0	-3	-1	-2	10	7	10	0	5	21	15	1	3	0	0	4	3	0	6	7	6	0	2	1	0.27	inf
0	0	-2	-2	0	3	-1	-2	3	-4	-3	-1	-3	-4	5	2	0	-4	-2	-3	6	4	0	0	2	16	2	1	8	0	2	0	0	0	36	17	4	0	1	0	0.72	inf
1	-2	-1	-2	2	-2	-2	1	-3	-1	-2	-2	-2	-3	2	3	2	-4	-3	0	12	0	1	0	5	0	0	9	0	4	1	0	0	0	11	33	19	0	0	5	0.37	inf
-2	-4	-4	-4	10	0	-4	-4	-4	-3	-3	-4	-3	-1	1	1	0	-4	-4	-1	0	0	0	0	65	5	0	0	0	0	0	0	0	3	8	9	6	0	0	4	1.56	inf
-3	-6	-5	-6	11	-5	-6	-5	-5	-4	-4	-5	-4	-5	-5	-3	-3	-5	-5	-3	0	0	0	0	100	0	0	0	0	0	0	0	0	0	0	0	0	0	0	0	3.15	inf
