-4	-4	-5	-6	-4	-3	-5	-6	-5	0	0	-4	10	-3	-6	-5	-4	-4	-4	-2	0	0	0	0	0	0	0	0	0	2	2	0	96	0	0	0	0	0	0	0	2.77	0.73
4	-3	-3	-3	-3	-3	-2	3	-4	-2	-4	-1	-3	-5	-2	3	-1	-5	-4	-3	43	0	0	0	0	0	2	19	0	2	0	4	0	0	1	27	2	0	0	0	0.75	0.39
-1	1	0	2	-4	3	1	2	-1	-4	-3	2	-3	-4	-2	0	0	-4	-4	-3	5	9	4	13	0	20	10	14	1	0	1	11	0	0	1	6	5	0	0	1	0.38	0.24
1	-2	2	1	-2	0	0	3	-1	-3	-4	0	-3	-4	-1	3	0	-4	-4	-2	12	1	9	8	1	3	4	21	2	1	0	5	0	0	3	23	6	0	0	2	0.36	0.24
1	2	0	-1	-2	1	-2	4	-1	-4	-4	-1	-4	-5	-1	1	-1	-3	-4	-2	15	11	4	3	0	9	0	32	1	0	0	2	0	0	2	13	3	0	0	3	0.48	0.30
-2	-1	1	1	-5	3	5	-1	-1	-4	-4	1	-2	-5	-2	0	-1	-5	-2	-1	2	2	5	7	0	12	40	4	1	0	0	7	1	0	2	6	4	0	1	5	0.61	0.37
1	-1	0	0	-2	0	2	1	-1	-3	-3	-1	-3	-3	-1	3	0	-4	-4	-2	15	3	4	4	1	4	18	13	1	1	1	1	0	1	3	24	5	0	0	2	0.33	0.26
1	0	-1	-1	2	-1	0	-2	-1	-2	0	1	1	-3	3	1	0	-4	-3	-1	11	4	3	3	5	2	4	2	1	2	9	9	5	1	17	15	4	0	0	4	0.21	0.18
0	0	-1	0	-4	-1	-1	2	-4	-2	-4	-1	-3	-5	5	2	0	-5	-4	-2	8	4	3	5	0	2	4	18	0	3	1	3	0	0	27	15	6	0	0	2	0.53	0.32
1	0	0	2	0	2	1	0	0	-2	-3	-1	-1	-3	0	2	0	-4	-3	-2	12	6	3	13	3	10	10	7	2	2	1	2	2	1	3	15	7	0	0	3	0.21	0.19
0	-3	1	-2	-4	0	-1	4	-4	-4	-2	-2	-2	-4	1	3	0	-5	-4	-3	8	1	7	1	0	3	4	33	0	0	4	2	1	0	7	21	6	0	0	2	0.52	0.34
1	0	1	1	-1	0	0	0	0	-2	-2	-1	-3	-3	0	3	2	-4	-3	-2	10	4	6	7	1	5	6	6	2	3	3	2	0	1	5	23	14	0	0	2	0.22	0.21
0	-1	0	2	-3	0	-1	1	-1	-3	-2	-1	1	-3	4	1	0	-5	-3	-3	6	3	5	11	1	4	4	10	2	1	4	3	4	1	25	9	6	0	0	1	0.39	0.26
2	-1	0	0	-1	-1	1	0	0	-2	-2	-1	-1	-2	0	2	1	-4	-3	0	22	2	5	5	1	2	9	8	3	1	3	3	2	1	4	15	7	0	0	7	0.18	0.19
1	-2	-1	1	-1	-1	1	-1	-2	-2	-2	-1	-1	-3	4	1	1	-5	-4	-2	13	2	2	10	1	2	10	3	0	2	3	3	1	1	20	12	10	0	0	3	0.36	0.27
1	-1	0	1	-2	-1	0	0	-1	0	0	0	0	-1	-1	0	1	-2	-2	1	13	3	6	8	1	2	4	7	1	5	7	4	2	3	2	7	12	1	0	13	0.06	0.09
1	0	0	1	-1	1	2	0	-1	-2	-2	0	-1	-2	0	1	1	-4	-2	-1	12	5	5	8	1	8	12	7	1	1	2	3	2	1	5	11	11	0	1	4	0.16	0.16
-1	-1	1	3	-3	1	3	0	-2	-4	-4	-2	-2	-4	0	2	0	-5	-4	-3	5	2	7	17	0	5	23	7	1	1	1	2	1	1	4	17	5	0	0	1	0.45	0.33
0	-2	0	1	-3	-1	2	-1	-2	-4	-4	-2	-4	-2	5	3	0	-5	-3	-3	7	2	4	6	1	3	12	5	1	0	1	2	0	2	26	20	4	0	1	2	0.56	0.38
0	1	1	0	-3	1	1	0	2	-3	-3	2	-1	-3	-1	1	0	-4	-3	-2	8	9	6	4	0	8	10	9	6	1	2	13	1	1	3	12	5	0	1	2	0.23	0.19
-1	-1	-1	-2	-2	0	0	-2	-2	2	1	0	4	-1	-1	-1	1	-3	0	1	3	2	3	2	0	5	5	3	1	11	11	6	15	1	4	5	10	0	4	9	0.18	0.19
-4	-6	-7	-7	-5	-7	-6	-8	-6	6	0	-7	7	-1	-6	-7	-2	-3	-5	2	1	0	0	0	0	0	0	0	0	43	6	0	29	2	0	0	2	0	0	13	1.81	0.83
-3	1	1	-1	-2	4	1	-5	0	-5	-4	3	-5	-3	-2	1	2	-3	-1	-4	2	8	7	4	1	18	7	0	2	0	1	20	0	1	2	10	13	0	2	1	0.57	0.43
-5	-7	-5	-8	-3	-5	-7	-8	-8	6	2	-7	-3	1	-6	-6	-5	-7	-6	5	0	0	0	0	0	1	0	0	0	39	18	0	0	5	0	0	0	0	0	35	1.56	0.73
-4	0	2	-4	-1	-1	-4	-5	2	0	-2	2	-4	4	-5	-1	4	-3	-1	-1	1	6	8	1	1	3	0	0	4	6	3	13	0	15	0	4	28	0	2	5	0.60	0.43
-3	-6	-8	-7	-6	-7	-8	-6	-8	5	0	-7	-4	1	-7	-7	-3	-7	-6	6	2	0	0	0	0	0	0	1	0	26	9	0	0	5	0	0	1	0	0	54	1.69	0.80
-5	2	-5	-5	-8	-1	-4	-6	-4	-6	-6	7	-4	-7	-5	-1	-2	-8	-7	-6	1	11	0	0	0	2	1	1	0	1	1	74	1	0	1	4	2	0	0	0	2.13	1.04
-1	-4	1	-2	0	-4	-5	-3	-2	-3	-2	-5	-1	-1	-4	2	6	0	-1	-3	5	1	8	2	2	1	0	2	1	1	4	0	1	3	1	14	50	1	2	2	1.04	0.67
-2	-2	-1	-4	-4	-3	-3	-1	-4	0	4	-2	0	-3	3	1	-1	-6	-5	0	3	3	4	1	0	1	1	5	0	6	38	3	2	1	15	9	4	0	0	6	0.50	0.38
-1	-3	2	2	-3	2	-2	2	-4	-5	-4	2	-4	-5	-4	1	3	-6	-3	-5	4	1	10	12	0	10	2	15	0	0	1	15	0	0	1	11	17	0	1	0	0.55	0.43
-3	0	1	3	-2	3	2	4	-2	-5	-6	-1	-3	-7	-3	0	-3	-3	-6	-5	1	4	6	19	1	12	12	29	1	1	0	4	1	0	1	6	2	0	0	1	0.73	0.48
-3	1	1	-3	-1	3	-1	-2	-4	-4	-5	5	-3	-6	-3	0	1	-3	-6	-4	2	8	5	1	2	13	3	3	0	1	1	40	1	0	2	8	9	0	0	1	0.87	0.56
-3	0	-1	-4	-3	0	2	-5	3	0	0	0	-3	4	-4	-2	1	-1	2	-1	2	5	3	0	1	4	14	0	8	6	8	5	0	17	0	2	11	1	8	5	0.39	0.30
-2	-2	0	2	-3	-1	3	-5	-1	-1	-4	-1	-4	-4	0	1	4	-4	-3	-1	4	2	5	10	1	3	19	0	1	5	2	3	0	1	5	9	26	0	1	5	0.48	0.39
-5	-5	-5	-5	-2	-5	-5	-6	-3	4	3	-6	-1	4	-7	-5	-4	-5	0	3	0	1	1	1	1	0	1	0	1	25	28	0	1	14	0	1	1	0	3	21	1.06	0.55
-1	0	0	3	-1	0	4	-4	-1	-2	-4	0	-1	-2	-3	1	1	-4	-4	-1	4	5	3	17	1	5	25	1	1	2	1	4	2	2	1	10	11	0	0	4	0.45	0.35
-2	-5	-7	-7	2	-7	-4	-6	-7	4	0	-7	1	-1	-7	-5	-2	-7	-4	6	4	1	0	0	3	0	1	1	0	21	10	0	3	2	0	1	2	0	0	51	1.35	0.67
0	0	0	3	-2	-1	4	-2	-1	-5	-4	0	-4	-3	2	1	-1	-3	-4	-4	8	4	4	18	1	3	26	3	2	0	1	5	0	1	9	10	3	0	1	1	0.53	0.40
-1	-1	-1	1	-5	-1	2	-1	-4	-5	0	0	-3	-3	5	1	-2	-6	-4	-3	6	3	2	9	0	2	12	4	0	0	10	6	0	1	29	10	3	0	0	1	0.57	0.42
-2	-2	3	4	-1	0	2	-2	-3	-6	-5	-3	-5	-6	-5	4	2	-2	-5	-5	3	2	14	19	1	4	11	2	0	0	1	1	0	0	0	27	12	1	0	1	0.74	0.52
1	-3	-1	4	2	-1	2	-4	-3	1	-2	-1	2	-4	-4	1	1	2	-3	-2	10	1	2	22	4	3	12	1	0	7	4	3	6	0	1	11	8	3	1	2	0.38	0.32
-4	-4	-2	-3	-3	-3	-3	-5	-5	-5	-2	0	-4	-4	-2	2	7	-5	-7	-4	1	1	1	2	1	1	1	1	0	1	4	6	0	1	3	17	59	0	0	1	1.43	0.83
-4	-8	-6	-6	-4	-7	-8	-5	-6	5	-2	-8	-3	-5	-8	-6	-4	-8	-5	6	1	0	0	0	0	0	0	1	0	29	3	0	0	0	0	0	1	0	0	63	2.04	0.92
1	1	-2	0	-3	0	2	1	-2	-3	0	1	-1	-2	-2	1	-2	-2	-2	-3	13	8	1	5	0	4	16	12	1	1	11	11	1	2	2	10	1	0	1	1	0.22	0.23
0	-1	1	4	-3	3	3	-2	0	-3	-4	-1	-1	-4	-5	0	0	-6	-4	-3	8	3	8	21	0	15	17	2	2	1	1	3	1	1	0	7	5	0	1	2	0.54	0.40
-4	-7	-7	-8	-3	-7	-7	-6	-7	2	5	-7	-1	4	-7	-6	-4	-3	-4	3	1	0	0	0	0	0	0	1	0	9	47	0	1	17	0	0	1	0	0	22	1.31	0.65
-6	1	-6	-7	-9	-2	-3	-7	-2	-4	-7	8	-2	-8	-7	-5	-5	-4	-5	-6	0	8	0	0	0	2	1	0	1	1	0	83	1	0	0	0	1	0	0	1	2.49	1.15
1	-1	0	0	-2	3	4	-1	-1	-3	-3	2	-2	-3	-4	-1	0	-3	-1	-1	13	2	4	4	1	11	28	4	2	1	3	11	1	1	0	4	5	0	2	4	0.43	0.35
-1	1	-2	-3	-4	2	1	-4	1	-2	1	4	1	-3	-5	-2	-3	-3	-3	-1	4	8	2	1	0	10	9	1	3	3	15	31	4	1	0	2	1	0	1	4	0.54	0.40
-3	-7	-6	-7	0	-7	-7	-6	-4	6	2	-7	-2	-3	-7	-6	-4	-7	-6	3	3	0	0	0	2	0	0	1	0	51	20	0	1	1	0	0	1	0	0	19	1.56	0.73
3	-1	-3	-3	-1	3	3	-2	0	-4	-2	0	-3	-1	-5	2	-3	-3	-1	-2	22	3	1	1	1	14	17	3	2	1	3	5	0	3	0	19	1	0	3	2	0.49	0.42
1	0	-1	2	-3	2	4	-2	-2	-2	-4	1	-2	-5	-2	0	0	-6	-3	-2	12	4	2	13	0	8	25	3	0	2	1	9	1	0	2	6	5	0	1	3	0.42	0.34
-1	2	-1	-2	-1	1	2	-4	1	-1	-1	4	2	-4	-3	-1	-1	-5	-1	0	4	12	2	2	1	6	12	1	3	4	5	25	5	0	1	5	3	0	2	6	0.36	0.30
-1	-2	-2	-1	1	1	3	-3	0	0	0	0	-1	2	-3	0	1	-4	0	-1	5	1	1	3	3	5	20	2	2	6	10	6	1	11	1	7	9	0	3	5	0.19	0.21
-2	-2	3	1	-3	1	0	5	1	-4	-6	0	-4	-7	0	0	-3	-3	-5	-5	2	2	12	9	1	5	6	39	3	1	0	7	0	0	4	6	1	0	0	1	0.74	0.47
1	-5	-3	-3	2	-2	-3	-3	-2	5	-1	-2	0	0	-3	-1	-1	1	0	3	11	0	1	1	5	2	2	2	1	31	4	2	2	3	1	4	3	2	3	20	0.53	0.35
-1	-3	-2	1	-3	1	0	-4	-1	-5	-4	-2	-4	-6	7	0	-2	-8	-5	-4	5	1	2	7	1	6	6	1	2	1	2	2	0	0	53	6	3	0	0	1	1.32	0.73
2	-4	-2	-3	-1	-2	0	-3	-4	0	-2	-1	0	-4	5	0	-1	-4	-3	2	17	0	2	1	1	2	6	2	0	5	3	3	2	1	28	5	4	0	1	14	0.57	0.40
-1	-2	1	5	-3	0	4	-1	0	-5	-6	-1	-4	-3	-2	1	-3	-7	-4	-3	6	2	5	32	1	4	23	4	2	1	0	4	0	1	2	10	1	0	1	2	0.76	0.49
-2	3	0	-1	-4	6	1	-2	0	-4	-2	-1	-2	-3	-5	0	-2	-2	-3	-3	3	15	5	4	0	38	9	3	2	1	4	3	1	1	0	7	3	1	1	2	0.80	0.53
-6	-4	-5	-6	-4	8	-4	-7	-3	2	1	-5	0	-3	-4	-5	-5	-7	-3	-1	0	0	0	0	0	64	0	0	0	10	14	0	2	1	1	1	0	0	1	4	1.89	0.96
-5	7	-4	-4	0	-1	-2	-6	-2	0	-4	3	0	-4	-5	-3	-2	-4	-4	0	1	55	1	1	2	2	2	0	1	5	1	15	2	1	0	1	2	0	1	8	1.35	0.70
-6	-7	-8	-9	-6	-7	-8	-9	-8	2	6	-7	0	-2	-5	-7	-4	-1	-6	-1	0	0	0	0	0	0	0	0	0	10	80	0	2	2	1	0	1	1	0	4	1.91	0.86
-5	-5	-7	-7	-2	-7	-5	-8	-4	7	0	-5	1	-1	-7	-2	0	-7	-3	2	1	0	0	0	1	0	1	0	0	62	7	1	3	2	0	3	5	0	1	14	1.59	0.73
-4	-7	-7	-8	-1	-7	-7	-8	4	-3	-1	-7	-2	7	-3	-3	-5	1	7	-5	1	0	0	0	2	0	0	0	9	1	5	0	1	42	2	2	1	2	33	1	1.97	0.87
2	2	2	-2	0	2	-2	0	-1	-2	-3	2	0	-4	-4	2	-2	-5	-4	-3	21	11	9	2	2	11	2	6	1	2	2	11	2	0	0	15	1	0	0	1	0.37	0.32
-3	-4	-3	-3	-3	-7	-4	7	-7	-9	-6	-7	-8	-4	-2	-3	-5	-8	-8	-8	2	1	1	1	1	0	1	87	0	0	1	0	0	1	2	1	1	0	0	0	2.33	1.07
-3	4	-2	-5	-3	2	-3	-4	1	-4	-5	6	-2	-7	-6	-3	-4	-3	-3	-5	1	25	2	0	1	9	1	1	4	1	1	49	1	0	0	2	1	0	1	1	1.39	0.75
-1	-2	-4	-4	-2	4	-1	-4	-2	3	1	-2	0	-2	-3	-3	-2	-2	-3	3	4	2	1	1	1	20	4	1	1	20	11	2	2	1	1	2	2	0	1	23	0.54	0.40
-6	-6	-7	-8	-6	-6	-5	-8	-7	0	6	-3	3	-2	-5	-5	-4	-6	-6	-2	0	0	0	0	0	0	1	0	0	3	79	2	8	1	1	1	1	0	0	2	1.81	0.87
-1	0	1	0	-3	2	3	-3	-1	-4	-3	4	-2	-4	-2	0	-1	-6	-5	-3	6	4	6	5	1	9	20	1	1	1	3	30	1	1	2	6	3	0	0	2	0.56	0.43
-5	-4	1	8	-7	-3	-2	-3	-3	-7	-5	-4	-3	-7	-2	-2	-4	-2	-7	-4	1	1	7	74	0	1	2	2	1	0	1	1	1	0	2	3	1	1	0	2	2.03	1.01
-1	-2	1	4	-2	0	2	2	2	-4	-4	-1	-2	-4	-2	0	0	0	-4	-3	4	1	7	23	1	4	15	14	6	1	1	3	1	1	2	7	6	1	0	2	0.43	0.34
-1	2	0	3	-2	2	1	-1	1	-3	-2	3	0	-3	-4	-1	0	-1	-2	-3	3	10	4	18	1	9	8	4	3	1	5	18	2	1	0	3	5	1	1	1	0.34	0.29
-2	-2	-2	-3	-1	-2	-3	-3	-1	-1	-2	1	-1	-5	1	1	6	-6	-3	-1	3	2	2	1	1	2	1	1	1	3	5	8	1	0	7	8	48	0	1	4	0.80	0.58
-2	-6	-6	-6	-1	-5	-6	-6	-6	2	5	-4	1	-1	-6	-3	-3	0	-5	1	3	0	0	0	1	0	0	0	0	12	64	1	2	2	0	2	1	1	0	8	1.25	0.67
2	0	0	0	-2	1	2	-1	-2	-3	-2	1	0	-2	-4	3	-1	-1	-2	-2	14	4	3	6	1	6	12	4	1	1	3	9	2	1	0	26	2	1	1	2	0.32	0.32
0	-2	-1	4	-2	2	2	-2	1	-4	-4	-1	-2	-1	-4	2	-1	-5	-2	-3	6	2	3	27	1	11	14	2	3	1	1	3	1	2	0	17	4	0	1	2	0.55	0.42
-2	-1	-2	-4	4	-3	-4	-6	2	-2	-1	-3	-2	0	-4	-2	-4	-1	8	-1	3	3	2	1	7	1	1	0	5	2	6	2	1	3	1	3	1	1	52	5	1.41	0.75
-2	0	2	0	1	0	0	1	1	0	-1	1	0	0	-1	-1	-2	2	0	-2	3	6	9	6	3	3	7	12	4	5	5	10	3	5	4	4	3	3	3	3	0.11	0.09
0	0	0	0	2	0	0	0	-1	0	0	0	1	0	-2	0	0	-2	1	0	6	6	6	6	6	6	6	6	0	6	6	6	6	6	0	6	6	0	6	6	0.03	0.07
0	0	0	0	-3	2	1	-1	1	-1	-2	1	0	-1	0	0	0	1	0	-1	7	4	3	6	0	11	10	4	3	4	4	11	3	3	4	8	5	3	3	5	0.10	0.13
-1	-1	2	3	0	0	2	-2	1	-2	-3	0	-1	-1	0	0	0	-5	-1	-2	6	2	11	21	2	4	12	3	3	3	2	4	2	3	5	6	6	0	2	3	0.27	0.25
0	0	0	0	2	1	0	0	2	-2	-1	0	1	-2	0	0	0	3	1	-1	6	6	5	6	5	5	6	6	5	0	6	6	5	0	6	6	6	5	5	6	0.09	0.14
0	0	0	0	2	0	0	-1	1	0	-1	0	1	0	0	0	0	-2	1	0	5	5	5	5	5	5	5	5	5	5	5	5	5	5	5	5	5	0	5	5	0.03	0.05
-1	-1	-1	-1	1	0	-1	-2	0	0	-1	-1	1	1	-1	0	3	-4	0	1	5	3	3	3	3	4	3	3	3	6	4	4	3	6	3	4	25	0	3	12	0.18	0.23
0	1	1	-2	-2	-1	-2	-2	2	0	0	0	2	1	-2	0	0	4	-1	0	8	8	7	0	0	0	0	1	7	8	8	8	7	7	0	8	8	7	0	8	0.11	0.14
0	0	0	0	2	0	0	0	1	0	-1	-1	1	0	0	0	0	-2	1	0	6	6	5	6	5	5	6	6	5	6	6	0	5	5	6	6	6	0	5	6	0.03	0.09
-1	-3	-3	-4	1	-1	-1	-2	1	0	3	-1	4	1	-4	-1	-1	-3	0	1	4	0	0	0	3	3	4	4	3	5	29	4	13	6	0	4	4	0	3	11	0.30	0.27
0	0	0	0	2	1	0	-2	1	0	0	0	1	0	1	0	0	-3	-1	0	6	6	6	6	6	6	6	0	6	6	6	6	6	6	6	6	6	0	0	6	0.06	0.10
0	0	0	0	1	0	0	-1	1	0	-1	0	1	0	0	0	0	-2	1	0	5	5	5	5	5	5	5	5	5	5	5	5	5	5	5	5	5	0	5	5	-0.00	0.06
0	0	0	0	2	0	0	0	1	0	-1	0	1	0	1	0	0	-3	-1	0	6	6	5	6	5	5	6	6	5	6	6	6	5	5	6	6	6	0	0	6	0.03	0.07
0	0	0	0	2	0	0	-1	1	0	-1	0	1	0	0	0	0	-2	1	0	5	5	5	5	5	5	5	5	5	5	5	5	5	5	5	5	5	0	5	5	0.03	0.05
-1	0	0	0	2	0	0	-1	2	0	-1	0	2	1	0	-1	0	3	1	-1	5	5	5	5	5	5	5	5	5	5	5	5	5	5	5	5	5	5	5	5	0.09	0.08
0	1	1	-1	1	0	-1	0	1	-1	-2	1	0	0	2	1	-1	2	0	-2	7	7	6	4	3	5	5	7	3	3	5	8	3	3	10	10	4	3	3	3	0.09	0.11
0	1	1	0	0	0	0	0	1	-1	-2	1	0	-1	1	0	0	-5	-1	-1	8	8	6	5	2	4	7	9	3	3	5	9	2	2	8	8	6	0	2	3	0.08	0.09
2	-2	0	-1	-1	1	-1	0	0	-1	-2	-1	-1	-2	3	1	0	1	-2	-1	15	2	4	3	1	5	4	8	2	3	4	4	1	2	14	12	6	2	2	5	0.21	0.21
1	1	0	0	-5	2	0	-1	-1	-1	-2	-1	1	-1	1	1	1	0	-2	-1	11	7	4	5	0	8	5	6	1	3	4	4	3	3	8	10	9	1	2	4	0.11	0.15
1	-2	0	0	-2	0	0	2	-1	-2	-2	-1	-2	-2	2	2	1	-1	-3	-2	11	2	5	5	1	5	5	13	1	2	4	3	1	2	11	15	7	1	1	3	0.21	0.22
-1	0	0	0	2	0	0	-1	2	0	-1	0	2	1	0	-1	0	3	1	-1	5	5	5	5	5	5	5	5	5	5	5	5	5	5	5	5	5	5	5	5	0.09	0.08
1	-1	0	-1	1	1	0	-1	1	-1	-2	-1	0	-1	2	0	0	-5	0	0	13	4	5	4	3	6	6	6	3	3	4	4	3	3	11	8	6	0	3	6	0.12	0.13
-1	0	0	0	2	0	0	-1	2	0	-1	0	2	1	0	-1	0	3	1	-1	5	5	5	5	5	5	5	5	5	5	5	5	5	5	5	5	5	5	5	5	0.09	0.08
0	-1	0	-1	1	0	-1	-1	1	-1	-2	0	0	1	3	1	0	2	0	-2	8	4	4	4	3	4	4	5	3	3	4	5	3	5	15	12	6	2	3	3	0.16	0.17
2	-1	1	-2	0	1	-1	-1	0	-2	-2	-1	0	-1	0	2	2	3	-1	-1	15	3	6	3	2	6	4	5	2	2	4	4	2	3	5	14	10	4	2	4	0.16	0.18
2	0	1	0	-1	1	-1	-1	0	-2	-2	-2	-1	-2	2	1	1	1	-1	-1	14	5	6	5	1	7	4	4	2	2	3	3	2	2	10	11	10	2	2	5	0.16	0.18
0	0	0	0	2	1	0	0	1	0	-1	0	1	-2	1	0	0	-3	1	0	6	6	5	6	5	5	6	6	5	6	6	6	5	0	6	6	6	0	5	6	0.04	0.08
-1	0	0	0	2	0	0	-1	2	0	-1	0	2	1	0	-1	0	3	1	-1	5	5	5	5	5	5	5	5	5	5	5	5	5	5	5	5	5	5	5	5	0.09	0.08
0	0	0	0	-3	0	0	-1	1	0	-1	0	1	0	0	0	0	3	1	0	5	5	5	5	0	5	5	5	5	5	5	5	5	5	5	5	5	5	5	5	0.06	0.08
0	0	1	0	0	1	0	0	1	-1	-1	0	0	-1	1	0	1	-4	-3	-1	10	4	8	4	3	7	4	6	3	3	4	6	3	3	6	8	12	0	0	4	0.07	0.13
-1	0	0	0	2	0	0	-1	2	0	-1	0	2	0	0	-1	0	3	1	-1	5	5	5	5	5	5	5	5	5	5	5	5	5	5	5	5	5	5	5	5	0.03	0.09
0	0	1	0	1	1	-1	0	0	0	-1	-1	1	-1	1	0	1	-4	0	-1	8	4	6	4	3	7	5	8	3	5	6	3	3	3	7	7	8	0	3	5	0.00	0.07
1	0	0	-2	0	1	-1	0	0	-2	-2	-2	0	-1	4	1	1	1	-1	-1	11	4	5	2	2	5	4	8	2	3	3	2	2	2	18	9	9	2	2	4	0.23	0.24
-1	0	0	0	2	0	0	-1	2	0	-1	0	2	0	0	-1	0	3	1	-1	5	5	5	5	5	5	5	5	5	5	5	5	5	5	5	5	5	5	5	5	0.03	0.09
1	0	0	-1	-6	1	-1	-1	3	-1	-2	-1	1	-1	3	1	0	2	0	-1	10	6	4	4	0	7	4	5	6	3	4	4	3	3	14	9	7	3	3	4	0.19	0.19
-1	0	0	0	2	0	0	-1	2	0	-1	0	2	1	0	-1	0	3	1	-1	5	5	5	5	5	5	5	5	5	5	5	5	5	5	5	5	5	5	5	5	0.09	0.08
0	0	0	0	1	0	0	-1	1	0	-1	0	1	0	0	0	0	-2	1	0	5	5	5	5	5	5	5	5	5	5	5	5	5	5	5	5	5	0	5	5	-0.00	0.06
0	0	0	0	0	1	0	0	1	-1	-1	0	0	-1	1	1	0	2	-2	-1	8	6	4	5	3	6	5	7	4	4	6	3	3	3	6	11	6	3	0	5	0.05	0.08
0	-1	1	-1	0	1	-1	0	0	-2	-2	-1	0	-2	4	0	0	1	-1	-1	9	4	8	4	2	7	3	7	2	2	3	3	2	2	19	8	7	2	2	4	0.24	0.24
-1	0	0	0	2	0	0	-1	2	0	-1	0	2	1	0	-1	0	3	1	-1	5	5	5	5	5	5	5	5	5	5	5	5	5	5	5	5	5	5	5	5	0.09	0.08
-1	-1	0	0	1	0	-1	0	1	-2	-2	-1	1	-1	4	0	0	-7	-6	-1	6	3	5	5	3	4	4	7	4	3	5	4	3	3	21	8	6	0	0	4	0.26	0.27
0	-1	1	-1	0	0	0	0	2	-1	-2	-1	0	-1	2	1	0	1	-1	0	9	3	6	3	2	5	6	8	4	3	5	3	3	3	9	11	7	2	2	6	0.05	0.11
1	-1	2	-2	0	0	-1	0	-1	-2	-2	-2	0	-2	2	1	1	0	-2	-2	12	4	10	3	2	5	4	7	2	2	5	2	2	2	10	12	7	1	2	3	0.12	0.19
0	-1	1	-1	-1	0	-2	0	2	0	-1	-2	0	-1	1	0	1	-1	-1	1	9	4	6	4	2	4	3	6	5	6	6	2	3	2	7	8	10	1	2	8	0.03	0.09
0	0	1	-2	-1	1	-2	0	2	0	-1	-2	0	0	0	1	1	0	0	0	8	4	6	2	1	5	3	7	4	5	5	2	3	4	6	11	10	1	3	6	0.04	0.11
-1	0	0	0	-3	0	0	-1	1	0	-1	0	1	0	0	0	0	3	1	0	5	5	5	5	0	5	5	5	5	5	5	5	5	5	5	5	5	5	5	5	0.02	0.09
0	0	0	0	-2	0	0	0	1	0	-1	0	1	0	1	0	0	-2	1	0	6	6	5	6	0	5	6	6	5	6	6	6	5	5	6	6	6	0	5	6	0.03	0.06
0	0	1	0	0	1	0	0	1	-1	-1	0	1	-1	1	0	1	-3	0	-1	7	7	8	6	3	6	5	6	4	3	5	3	4	3	7	8	8	0	3	4	0.06	0.08
0	0	1	0	-3	1	0	1	1	-2	-1	-1	0	-1	1	1	0	1	-1	-1	7	5	8	4	0	8	6	14	4	2	5	2	2	3	6	9	5	2	2	3	0.10	0.13
0	-2	1	-1	-1	0	-1	0	0	-1	-2	-2	0	0	3	1	1	0	-1	-1	9	2	8	3	1	4	4	7	3	3	4	2	3	5	17	9	7	1	1	5	0.17	0.20
1	-1	1	-1	-4	0	-1	1	1	-1	-2	-2	0	-1	3	1	0	-4	-1	-1	10	3	6	3	0	4	3	12	3	4	3	2	2	3	15	11	6	0	2	4	0.18	0.21
1	-1	1	-1	-1	1	-1	1	0	-2	-1	-2	0	0	1	1	0	-1	-1	-1	13	3	7	4	1	7	2	9	2	2	7	2	2	5	8	10	7	1	2	4	0.07	0.14
-1	0	0	0	2	0	0	-1	2	0	-1	0	2	0	0	-1	0	3	1	-1	5	5	5	5	5	5	5	5	5	5	5	5	5	5	5	5	5	5	5	5	0.03	0.09
-1	-1	1	0	-5	0	-1	1	1	-1	-1	-1	2	-1	2	1	0	2	0	-1	6	3	7	5	0	4	3	9	4	3	6	3	5	3	10	10	5	3	3	4	0.07	0.15
0	-1	-1	-1	0	0	-1	-1	1	-1	1	-2	1	0	1	0	0	1	1	0	9	3	3	3	2	5	3	5	3	3	13	2	3	4	7	7	6	2	5	8	0.01	0.07
2	-2	1	-2	0	-1	-1	3	-1	-2	-2	-2	0	-2	-1	1	0	0	-2	-1	14	3	7	2	2	3	5	19	2	2	4	2	3	2	4	9	5	1	1	4	0.15	0.21
0	-2	1	0	-1	1	-1	2	-1	-1	-1	-2	2	-1	1	0	-1	-5	-1	0	7	2	6	5	1	6	3	15	1	4	7	2	5	3	7	8	4	0	2	8	0.06	0.13
-1	-1	-1	-3	-2	-1	-1	0	0	0	2	-2	2	-1	1	-1	-1	-1	0	0	6	4	4	2	1	3	4	7	2	4	23	2	5	2	6	5	4	1	4	6	0.09	0.14
0	0	0	0	1	0	0	-1	1	0	-1	0	1	0	0	0	0	-2	1	0	5	5	5	5	5	5	5	5	5	5	5	5	5	5	5	5	5	0	5	5	-0.00	0.06
-1	0	1	0	-4	0	0	3	0	-2	-2	-1	1	-1	1	1	-1	1	0	-2	5	4	6	4	0	5	6	22	2	2	3	2	4	2	7	10	3	2	4	3	0.15	0.21
0	0	0	0	-2	0	0	0	1	0	-1	0	1	0	1	0	0	-2	1	0	6	6	5	6	0	5	6	6	5	6	6	6	5	5	6	6	6	0	5	6	0.03	0.06
0	1	1	0	1	0	-1	0	0	-1	-1	-1	1	0	0	2	0	2	0	-2	8	7	7	5	2	4	4	7	3	3	5	3	4	5	6	14	5	3	3	3	0.08	0.10
0	0	0	-1	-3	1	-1	1	0	-1	-1	-1	0	-1	1	1	0	1	2	0	10	6	5	4	0	6	4	10	3	4	4	2	3	3	7	9	6	2	7	5	0.07	0.11
1	-1	0	-1	-3	0	-1	0	-1	0	1	-1	2	1	0	0	0	0	-1	0	13	3	6	3	0	4	3	6	2	4	14	2	6	7	4	7	6	1	2	8	0.05	0.09
0	-1	0	-1	-4	-1	-1	4	-1	-1	-2	-1	1	-2	2	0	-1	0	-2	-1	8	4	5	3	0	3	3	31	1	3	4	3	4	2	11	6	3	1	2	4	0.33	0.29
0	0	0	-1	-2	0	0	0	0	0	0	-1	1	0	1	0	0	0	0	0	10	5	4	3	0	5	5	6	2	6	12	2	4	5	8	8	4	1	3	7	0.03	0.06
1	0	1	0	-1	1	0	1	0	-1	0	-1	0	-1	1	1	0	-1	-1	-1	12	4	6	4	1	6	8	10	2	3	8	3	3	3	6	10	6	1	2	4	0.05	0.08
-1	0	0	0	2	0	0	-1	2	0	-1	0	2	1	0	-1	0	3	1	-1	5	5	5	5	5	5	5	5	5	5	5	5	5	5	5	5	5	5	5	5	0.09	0.08
-1	0	0	0	2	0	0	-1	2	0	-1	0	2	1	0	-1	0	3	1	-1	5	5	5	5	5	5	5	5	5	5	5	5	5	5	5	5	5	5	5	5	0.09	0.08
-1	0	2	0	1	0	1	1	1	-1	-2	-1	1	-1	1	0	0	-5	0	-2	5	5	9	6	3	5	8	13	3	4	4	4	3	3	6	7	5	0	3	3	0.10	0.10
0	-1	0	0	0	-1	-1	0	1	0	0	-1	1	2	0	0	0	-2	1	-1	6	3	5	4	2	3	3	7	3	5	12	2	4	12	5	7	6	0	5	4	0.04	0.08
0	-1	0	-1	-4	0	-1	0	0	1	-2	-2	3	-1	4	0	-1	0	-2	0	9	3	4	3	0	5	4	6	2	8	3	2	7	2	23	7	4	1	2	5	0.30	0.28
-1	-1	2	3	-4	1	2	1	-1	-3	-3	-1	1	-2	2	1	-1	-5	-2	-2	4	3	10	14	0	6	13	10	1	1	3	3	4	2	9	9	4	0	1	3	0.26	0.26
-1	0	0	0	2	0	0	-1	2	0	-1	0	2	1	0	-1	0	3	1	-1	5	5	5	5	5	5	5	5	5	5	5	5	5	5	5	5	5	5	5	5	0.09	0.08
0	0	0	0	-3	0	0	-1	1	0	-1	0	1	0	0	0	0	3	1	0	5	5	5	5	0	5	5	5	5	5	5	5	5	5	5	5	5	5	5	5	0.06	0.08
0	0	0	0	2	0	0	-1	1	0	-1	0	1	0	0	0	0	-2	1	0	5	5	5	5	5	5	5	5	5	5	5	5	5	5	5	5	5	0	5	5	0.03	0.05
1	0	0	0	0	2	0	1	0	-1	-2	-1	0	0	0	0	-1	-3	0	0	14	5	5	5	2	10	5	9	2	4	3	2	3	4	5	7	4	0	3	6	0.07	0.11
0	-1	0	0	0	0	-1	0	2	-1	0	-1	4	-1	0	-1	0	1	-1	0	8	3	6	6	2	5	4	9	5	4	8	2	13	3	4	5	5	2	2	6	0.09	0.14
0	0	0	-1	1	2	0	1	1	0	0	-1	3	0	0	-1	0	-3	0	-1	6	4	4	3	4	11	5	10	3	4	7	3	12	3	5	5	4	0	3	4	0.09	0.16
0	0	0	0	-3	0	0	-1	1	0	-1	0	1	0	0	0	0	3	1	0	5	5	5	5	0	5	5	5	5	5	5	5	5	5	5	5	5	5	5	5	0.06	0.08
0	0	0	0	1	3	1	1	1	-1	-1	-1	1	-1	0	0	-1	2	0	-2	7	4	5	4	3	13	9	9	3	3	6	3	4	3	5	7	4	3	3	3	0.11	0.13
0	0	0	0	-3	0	0	-1	1	0	-1	0	1	0	0	0	0	3	1	0	5	5	5	5	0	5	5	5	5	5	5	5	5	5	5	5	5	5	5	5	0.06	0.08
0	0	0	0	2	0	0	-1	1	0	-1	0	1	0	0	0	0	-2	1	0	5	5	5	5	5	5	5	5	5	5	5	5	5	5	5	5	5	0	5	5	0.03	0.05
0	-1	1	0	1	3	0	0	2	-1	-2	-1	1	-1	1	1	-1	2	0	-2	7	3	7	4	3	11	5	7	4	4	3	3	3	3	8	10	4	3	3	3	0.14	0.16
0	0	0	0	2	0	0	-1	1	0	-1	0	1	0	0	0	0	-2	1	0	5	5	5	5	5	5	5	5	5	5	5	5	5	5	5	5	5	0	5	5	0.03	0.05
0	0	0	0	2	0	0	-1	1	0	-1	0	1	0	0	0	0	-2	1	0	5	5	5	5	5	5	5	5	5	5	5	5	5	5	5	5	5	0	5	5	0.03	0.05
0	0	0	0	-2	1	0	0	2	0	-1	0	1	-2	1	0	0	-2	1	0	6	6	6	6	0	6	6	6	6	6	6	6	6	0	6	6	6	0	6	6	0.05	0.08
0	0	0	0	2	0	0	-1	1	0	-1	0	1	0	0	0	0	-2	1	0	5	5	5	5	5	5	5	5	5	5	5	5	5	5	5	5	5	0	5	5	0.03	0.05
0	0	0	0	-3	0	0	-1	1	0	-1	0	1	0	0	0	0	3	1	0	5	5	5	5	0	5	5	5	5	5	5	5	5	5	5	5	5	5	5	5	0.06	0.08
0	1	1	0	-3	1	0	0	1	-1	-1	0	0	0	0	1	0	2	-2	0	8	8	7	4	0	8	4	5	4	4	5	4	3	4	4	12	5	3	0	7	0.07	0.12
0	0	1	0	0	4	1	-1	2	-2	-2	0	0	-4	0	1	0	1	-1	-2	7	4	6	4	2	21	8	5	4	2	3	4	3	0	5	9	5	2	2	2	0.24	0.27
1	-2	-2	-4	-1	-1	-2	-3	-1	1	1	-2	6	1	0	-1	-2	0	0	0	12	3	2	0	1	2	2	2	1	7	14	2	24	6	6	4	2	1	3	5	0.44	0.37
0	0	0	0	2	0	0	-1	-2	0	-1	0	1	0	0	0	0	3	1	0	5	5	5	5	5	5	5	5	0	5	5	5	5	5	5	5	5	5	5	5	0.05	0.08
0	0	0	0	2	0	0	-1	1	0	-1	0	1	0	0	0	0	-2	1	0	5	5	5	5	5	5	5	5	5	5	5	5	5	5	5	5	5	0	5	5	0.03	0.05
0	0	0	0	-2	0	0	0	1	0	-1	0	1	0	1	0	0	-2	1	0	6	6	5	6	0	5	6	6	5	6	6	6	5	5	6	6	6	0	5	6	0.03	0.06
-1	-1	-3	-1	1	1	-1	0	1	-1	-1	-1	0	-1	4	0	-1	2	1	-1	4	3	0	4	3	5	5	7	3	3	6	3	3	3	25	7	3	3	6	4	0.32	0.28
0	-1	0	0	0	1	-1	0	0	0	0	-2	2	2	-1	0	0	2	0	-1	9	4	6	4	2	8	4	7	2	5	10	0	7	10	3	5	5	3	3	3	0.06	0.12
-1	-1	-1	-1	-3	0	-2	-2	-1	2	1	-1	4	1	-1	-1	-1	-3	0	2	5	2	2	3	0	5	2	4	2	12	12	3	12	6	3	4	3	0	3	16	0.18	0.19
0	0	0	0	2	0	0	-1	1	0	-1	0	1	0	0	0	0	-2	1	0	5	5	5	5	5	5	5	5	5	5	5	5	5	5	5	5	5	0	5	5	0.03	0.05
0	0	1	1	1	1	0	0	1	-3	-2	0	0	-1	0	2	0	-3	0	-1	6	4	7	6	3	8	6	9	3	0	4	4	3	3	4	16	6	0	4	4	0.11	0.16
0	0	0	-2	2	0	0	0	1	0	-1	0	1	0	0	0	0	-2	1	0	6	6	5	0	5	5	6	6	5	6	6	6	5	5	6	6	6	0	5	6	0.04	0.08
0	0	-1	-1	-3	0	-1	-1	0	0	1	-1	3	1	1	-1	0	-3	0	0	7	4	3	3	0	4	4	4	3	4	15	3	13	6	7	4	4	0	3	8	0.09	0.15
-1	0	3	0	0	1	0	0	0	-2	-2	-1	0	-1	-1	2	0	-4	0	-1	4	5	16	5	2	7	7	7	2	2	3	3	3	2	3	18	4	0	4	3	0.18	0.23
0	0	0	0	-2	0	0	0	1	0	-1	0	1	0	1	0	0	-2	1	0	6	6	5	6	0	5	6	6	5	6	6	6	5	5	6	6	6	0	5	6	0.03	0.06
-1	-1	1	0	-4	-1	0	-2	0	-1	-2	-1	3	-2	5	0	0	-4	0	-2	5	3	6	4	0	3	7	3	3	4	4	3	9	2	29	5	5	0	3	2	0.44	0.36
0	-1	1	2	0	2	2	0	0	-2	-2	-1	0	-1	2	0	-1	-4	0	-2	7	3	8	10	2	10	17	6	2	2	2	2	3	3	10	5	4	0	3	2	0.20	0.22
-1	0	0	0	2	0	0	-1	2	0	-1	0	2	1	0	-1	0	3	1	-1	5	5	5	5	5	5	5	5	5	5	5	5	5	5	5	5	5	5	5	5	0.09	0.08
-1	-1	0	-1	-6	0	-1	-2	1	1	1	-5	5	0	0	-1	0	2	0	1	6	3	5	3	0	4	4	3	3	8	14	0	15	4	4	5	5	3	3	8	0.30	0.22
-1	4	-1	2	0	1	0	-1	0	-2	-2	0	0	-4	0	-1	0	1	-1	-2	4	23	3	11	2	7	5	6	2	2	4	6	3	0	4	5	5	2	2	3	0.26	0.25
0	0	2	0	-1	4	0	-1	1	-2	-2	-1	2	0	-1	1	0	-4	1	-1	6	5	9	5	2	21	5	4	3	2	3	3	5	4	2	10	6	0	4	4	0.26	0.28
-1	0	-1	-2	-4	0	-2	-1	0	1	2	-3	5	1	0	-2	-1	0	0	0	5	5	3	3	0	3	3	5	2	9	20	0	16	6	6	3	4	1	2	4	0.26	0.25
-1	-2	-2	-2	-1	-1	-2	-1	0	3	2	-2	3	0	0	-1	-1	-4	-1	1	5	2	2	2	1	3	3	5	2	22	18	1	8	3	4	5	3	0	2	9	0.24	0.21
0	0	0	0	-3	0	0	-1	1	0	-1	0	1	0	0	0	0	3	1	0	5	5	5	5	0	5	5	5	5	5	5	5	5	5	5	5	5	5	5	5	0.06	0.08
0	-1	1	0	1	2	0	0	2	-2	-2	-2	2	-1	-1	1	0	2	0	-2	7	4	7	6	3	8	7	7	5	3	3	3	4	3	3	13	5	3	3	3	0.14	0.15
-2	0	4	-1	1	0	-2	-2	4	0	-3	-1	1	1	-1	0	-1	-6	0	-1	3	5	22	4	3	4	3	4	10	5	3	4	3	5	3	7	3	0	3	5	0.42	0.28
-1	-1	-1	0	0	-1	1	-1	0	-1	-2	-1	-4	-5	6	-1	-1	-5	-5	-1	5	3	3	5	2	3	9	5	2	3	4	4	0	0	37	5	4	0	0	5	0.68	0.46
0	0	0	0	-3	0	0	-1	1	0	-1	0	1	0	0	0	0	3	1	0	5	5	5	5	0	5	5	5	5	5	5	5	5	5	5	5	5	5	5	5	0.06	0.08
0	-1	0	-1	-3	0	-1	-2	0	0	2	-1	4	1	-1	-1	-1	-3	0	0	7	4	4	3	0	3	4	3	3	6	21	3	13	6	3	4	4	0	3	5	0.13	0.17
0	3	-1	0	-4	4	0	-1	1	-1	-2	0	0	-4	-1	0	-1	0	-1	-2	9	17	2	5	0	22	5	6	3	3	5	4	2	0	2	6	3	1	2	3	0.31	0.31
1	0	1	0	-4	4	2	-1	0	-2	-2	-1	0	-4	0	-1	-1	-4	-1	-2	11	6	7	4	0	24	13	6	2	3	3	2	2	0	4	4	3	0	2	3	0.33	0.33
0	-1	-1	-2	-3	0	-1	-2	-1	1	2	-1	5	-1	1	-1	-1	1	0	0	10	2	2	2	0	5	5	2	1	6	19	3	16	3	6	3	3	2	4	5	0.21	0.23
1	-1	-1	-2	-1	-1	-2	0	-3	2	1	-1	4	-1	-1	0	-1	-4	-3	1	11	4	4	2	1	2	2	7	0	15	11	4	15	2	3	6	3	0	0	8	0.18	0.21
0	-1	1	1	-4	4	2	-1	-1	-2	-1	-1	1	-2	-1	0	0	-4	-1	-2	7	2	6	7	0	23	16	5	1	2	5	3	4	2	2	6	5	0	2	3	0.30	0.30
0	1	2	-1	-4	4	1	-2	3	-3	-2	0	-1	-4	-1	1	0	-4	-2	-3	9	8	9	3	0	21	7	2	7	1	4	5	2	0	3	9	5	0	1	1	0.33	0.31
-1	-2	6	-1	-4	-1	-1	-1	1	-1	-3	-2	-1	-3	0	2	-1	-5	-4	-1	4	2	38	3	0	2	4	4	3	3	2	2	2	1	4	17	2	0	0	5	0.65	0.48
-1	-1	-2	-3	-5	-1	-1	-1	0	-5	-3	-2	-2	-5	7	-1	-2	-5	-3	-3	5	3	2	2	0	3	4	5	2	1	3	2	1	0	54	5	3	0	1	2	1.22	0.69
0	0	0	0	-2	0	0	0	1	0	-1	0	1	0	0	0	0	-2	1	0	5	5	5	5	0	5	5	5	5	5	5	5	5	5	5	5	5	0	5	5	0.00	0.06
0	0	0	0	-2	0	0	0	-1	0	0	-1	1	0	1	0	0	-2	1	0	6	6	6	6	0	6	6	6	0	6	6	0	6	6	6	6	6	0	6	6	0.01	0.09
1	3	0	-1	-1	1	0	0	0	-2	-2	0	-1	-2	0	2	-1	-5	-2	-2	10	15	5	2	1	6	6	8	2	3	5	4	1	1	5	15	2	0	1	2	0.14	0.23
0	1	1	0	-5	2	1	-1	5	-2	-3	-1	-1	-3	0	0	-2	0	0	-2	9	8	6	4	0	11	10	5	13	2	2	3	1	1	5	6	2	1	3	2	0.25	0.30
0	-2	-2	-3	-5	-2	-2	-1	0	2	1	-3	6	-1	1	-1	0	-1	0	0	8	2	2	1	0	2	2	5	3	10	11	1	20	2	9	4	5	1	3	5	0.32	0.34
-1	-2	-3	-3	-1	-2	-1	-3	-1	0	3	-3	4	1	0	-1	-1	-1	-2	1	6	2	1	1	2	2	4	2	2	6	29	1	12	5	4	5	4	1	1	8	0.29	0.30
-1	-1	4	0	-1	3	0	-3	-1	-3	-3	-3	1	-1	-1	1	1	1	-2	-3	4	3	22	5	1	13	6	2	1	1	2	1	4	3	3	10	9	2	1	1	0.38	0.42
-2	-2	5	4	-5	0	-2	-2	1	-3	-2	-1	-1	-2	-2	1	-1	-6	-5	-2	3	2	27	20	0	3	2	3	3	1	3	4	2	2	2	11	4	0	0	3	0.56	0.49
-1	-1	-1	-1	0	-3	0	-2	1	-6	-3	-3	-6	-3	6	0	-2	-6	-3	-3	5	4	4	4	2	1	5	3	4	0	3	1	0	1	45	8	2	0	1	2	0.96	0.70
0	-1	1	3	-5	3	3	-1	0	-3	-4	-2	-2	-3	-1	0	-2	-5	-2	-3	9	3	5	14	0	12	22	5	3	1	2	2	1	1	3	7	2	0	1	2	0.37	0.39
0	-1	-1	-1	-3	-1	-1	-3	0	1	0	-1	3	1	1	0	2	-3	-1	0	8	3	3	3	0	3	3	2	2	8	11	2	8	8	6	6	13	0	1	5	0.09	0.18
0	0	0	0	-2	0	0	0	-2	0	-1	0	1	0	1	0	0	3	-1	0	6	6	5	6	0	5	6	6	0	6	6	6	5	5	6	6	6	5	0	6	0.03	0.10
-1	3	0	0	0	1	0	-1	0	-1	-1	0	-2	0	0	0	0	2	0	-1	6	17	4	7	3	8	6	3	3	3	7	4	0	3	5	5	4	3	3	4	0.07	0.16
0	0	0	0	-2	1	0	0	1	0	-1	0	1	-2	1	0	0	-2	1	0	6	6	5	6	0	5	6	6	5	6	6	6	5	0	6	6	6	0	5	6	0.02	0.08
0	0	0	-1	-2	0	-1	-1	0	0	0	-1	2	1	0	0	0	-2	0	0	9	6	3	4	0	4	3	4	3	5	8	3	10	7	4	7	6	0	3	7	0.01	0.11
-1	-1	-1	0	-3	0	-1	-2	1	0	1	-2	4	0	0	-1	0	1	0	-1	5	4	3	4	0	4	4	3	4	5	17	2	16	4	5	3	5	2	3	3	0.11	0.22
-1	1	1	0	-4	3	3	-1	0	-2	-2	0	1	-2	-1	0	-1	-4	-3	-3	5	8	8	5	0	14	18	4	2	2	3	3	5	2	3	8	3	0	0	0	0.24	0.31
1	-1	0	-2	-3	0	-1	-1	0	0	1	-2	5	1	-1	0	0	-3	-1	0	12	3	5	2	0	4	3	3	2	3	10	0	18	6	3	7	5	0	1	7	0.13	0.25
1	0	-1	-2	-3	2	-1	-1	-1	0	0	-1	3	-1	-1	0	-1	-3	-1	0	15	5	2	1	0	11	4	5	1	7	9	2	10	2	2	6	3	0	2	7	0.07	0.19
-1	4	0	-2	-2	3	-1	-1	0	-1	-2	-1	0	-1	-1	1	0	-4	-2	-1	5	26	4	2	1	13	2	5	2	3	2	2	3	2	4	10	4	0	1	3	0.26	0.33
0	0	0	0	-2	0	0	0	1	0	-1	0	1	0	0	0	0	-2	1	0	5	5	5	5	0	5	5	5	5	5	5	5	5	5	5	5	5	0	5	5	0.00	0.06
-1	0	0	-1	-3	0	0	-1	-3	-1	0	-1	3	0	3	0	0	-3	-3	-1	5	5	4	4	0	4	5	6	0	4	8	4	9	5	18	5	6	0	0	4	0.15	0.21
1	-1	1	0	-3	1	0	1	0	-1	-2	-1	0	-1	0	0	-1	3	-2	-1	11	3	6	5	0	7	7	14	3	3	2	3	3	3	4	8	3	5	0	3	0.09	0.17
0	0	0	0	-3	1	0	1	0	0	0	0	2	-1	-1	0	0	-3	0	0	6	5	4	5	0	9	4	10	2	5	9	3	10	3	3	6	4	0	3	5	0.02	0.12
-1	1	0	-2	-3	2	-2	0	-1	0	1	-1	5	0	-1	-1	-1	-3	0	0	3	9	5	2	0	10	2	7	1	5	11	2	18	4	3	3	2	0	2	5	0.15	0.27
-1	2	1	0	-4	4	0	0	2	-2	-3	0	-1	-2	0	-1	-2	-4	-3	-3	4	12	5	5	0	26	6	9	5	2	1	4	1	2	5	3	2	0	0	2	0.35	0.40
0	-1	1	0	-4	2	3	0	-1	-3	-2	-1	0	-2	-1	0	0	-4	-1	-2	8	3	8	4	0	10	22	8	1	0	2	2	2	1	3	6	7	0	2	3	0.20	0.29
1	-2	-2	-2	-3	0	-2	1	0	1	0	-3	4	-1	-1	0	-1	-4	-3	1	11	2	1	2	0	5	2	11	2	8	10	0	15	2	4	7	4	0	0	9	0.14	0.25
0	-1	-1	-2	-3	-1	-2	1	-1	0	1	-1	5	0	-1	-1	-1	-3	-1	0	10	4	3	1	0	3	2	10	1	5	12	2	20	4	3	4	3	0	1	7	0.17	0.27
-1	4	0	-2	-2	4	0	0	-1	-4	-2	0	0	-2	0	-1	-2	-1	-2	-3	6	26	4	1	1	18	4	8	1	0	3	4	3	2	6	5	2	1	1	1	0.38	0.41
1	-1	4	-1	-4	1	0	0	0	-2	-2	-1	0	-3	0	0	1	-4	-3	-2	15	3	22	3	0	7	4	8	2	2	3	2	3	1	4	6	8	0	0	2	0.23	0.31
0	-1	1	-1	-4	4	-1	-1	2	-1	-1	-1	0	-2	2	0	1	-4	-2	-1	9	3	7	3	0	20	3	5	5	3	7	1	3	2	9	5	9	0	1	3	0.20	0.27
0	1	0	4	-4	2	1	1	-1	-3	-3	-1	-1	-1	1	0	-1	-4	-2	-3	6	7	5	23	0	11	8	10	1	1	2	3	2	2	6	6	4	0	1	1	0.30	0.29
0	2	1	-1	-3	2	0	0	-1	-2	0	-1	0	-1	1	0	0	0	-2	-1	8	14	7	2	0	14	5	6	1	2	8	1	3	3	8	5	5	2	1	3	0.15	0.21
3	0	0	-2	-3	0	-2	0	1	-1	-1	-2	1	0	1	0	0	-1	-2	-1	30	4	4	1	0	5	1	7	3	3	6	1	4	4	9	6	6	1	1	4	0.22	0.26
0	-2	-2	-2	-2	-1	-3	-1	-1	1	2	-2	4	2	0	-1	0	0	1	0	9	2	2	2	1	3	1	4	2	7	19	1	14	8	5	3	5	1	5	5	0.20	0.22
0	0	0	0	-2	1	0	0	1	0	0	0	1	0	1	0	0	-3	-1	0	6	6	6	6	0	6	6	6	6	6	6	6	6	6	6	6	6	0	0	6	0.04	0.07
0	2	4	-1	-6	1	-2	1	1	-2	-2	-1	1	-1	-1	-1	-1	2	0	-2	7	12	16	3	0	6	3	10	3	3	5	3	3	3	3	5	4	3	3	3	0.23	0.21
0	-3	-1	-1	-3	-1	-2	-1	0	2	3	-3	3	-1	1	-1	0	-3	0	0	6	0	3	3	0	3	3	5	2	11	28	0	8	3	7	3	6	0	3	6	0.22	0.23
0	-1	-1	0	-4	2	3	-1	0	-2	-2	0	0	-1	0	1	0	-4	-3	-2	8	3	3	5	0	9	26	4	2	2	5	4	2	3	5	10	6	0	0	3	0.27	0.27
1	-1	3	-1	-4	1	-1	0	-1	-2	-3	-2	0	-2	1	2	1	2	-2	-2	12	3	16	2	0	6	2	7	1	1	2	1	3	2	6	17	8	3	1	3	0.23	0.28
0	-1	1	-1	0	0	-1	-1	2	1	0	-2	2	0	1	0	0	-3	-1	1	8	4	8	2	2	6	2	5	5	10	7	0	6	4	6	7	7	0	1	11	0.07	0.12
0	-5	-2	-3	-5	1	-3	-1	-5	-1	-2	-4	-1	-2	7	-1	0	-1	-1	-3	8	0	2	1	0	6	2	6	0	3	5	0	1	2	50	4	5	1	3	2	1.11	0.66
0	-2	0	-1	-4	0	1	4	-3	-2	-2	-2	-1	-1	1	0	-2	-4	-2	-2	6	2	4	3	0	4	12	38	0	3	3	2	1	3	6	6	2	0	1	2	0.46	0.35
0	-2	1	-1	0	1	-1	4	0	-3	-4	-3	-1	-2	0	0	0	-1	-2	-2	7	2	8	3	2	7	4	37	2	2	1	0	1	2	5	7	5	1	2	2	0.46	0.35
0	0	0	0	-2	0	0	0	1	0	-1	0	1	0	1	0	0	-2	1	0	6	6	5	6	0	5	6	6	5	6	6	6	5	5	6	6	6	0	5	6	0.03	0.06
0	0	3	1	-3	1	0	-1	1	-1	-1	0	1	-3	0	1	0	-4	-3	-1	7	5	19	6	0	7	7	5	5	3	7	4	4	0	5	9	4	0	0	4	0.17	0.19
2	-1	0	0	-3	1	-1	-1	1	0	-1	-1	2	-1	0	0	1	-3	-1	1	20	3	4	4	0	6	3	4	4	5	6	3	6	2	5	5	7	0	2	9	0.08	0.14
0	-1	0	-2	-3	0	-1	-1	0	1	2	-1	2	0	1	0	0	-3	-1	0	6	3	5	2	0	4	3	4	2	6	30	3	5	4	6	5	5	0	2	5	0.12	0.16
1	2	0	-1	0	2	0	1	0	-2	-2	-1	-1	-1	0	0	0	0	-2	-1	11	12	3	3	2	11	7	12	3	3	3	1	1	2	4	7	7	1	1	3	0.12	0.17
-1	3	1	-1	-2	3	0	-1	0	-4	-3	-1	0	-1	1	0	0	-4	0	-2	5	18	7	3	1	18	5	4	2	0	3	2	2	2	9	7	6	0	3	2	0.32	0.32
0	-1	0	-1	-3	0	-1	0	0	0	1	-1	3	0	0	0	0	-3	0	1	5	3	6	4	0	5	3	7	3	5	11	3	10	3	4	5	7	0	4	12	0.06	0.11
-1	-1	0	-1	2	0	-1	-1	1	0	-1	-1	1	0	1	1	0	-3	4	-1	5	3	5	3	4	5	3	4	3	6	6	3	4	4	6	11	6	0	16	3	0.14	0.18
0	0	1	0	-3	1	1	0	2	-1	-2	-1	-1	-1	0	1	1	-3	0	-1	9	6	8	3	0	6	9	7	5	3	4	3	2	3	4	12	10	0	3	3	0.10	0.13
-1	-1	2	3	0	2	1	1	1	-4	-2	0	-1	-4	-1	-1	0	-4	-1	-2	5	4	12	21	3	9	8	9	3	0	3	5	2	0	3	4	5	0	2	2	0.31	0.28
-1	0	0	-1	-1	0	-1	-2	0	2	1	-1	2	1	0	-1	0	-3	-1	1	4	5	6	4	1	4	3	3	2	15	11	3	7	6	4	4	6	0	2	10	0.06	0.10
0	0	0	0	-3	1	0	0	2	0	-1	0	1	0	1	0	0	-2	1	-1	6	6	6	6	0	6	6	6	6	6	6	6	6	6	6	6	6	0	6	0	0.05	0.09
0	0	1	2	-3	1	2	-1	2	-1	-2	0	1	-1	0	0	0	-3	0	-1	6	4	6	15	0	8	14	4	5	3	4	4	4	3	3	4	5	0	4	4	0.14	0.16
0	-1	0	0	0	1	0	-2	0	-1	-1	-3	0	0	5	0	-1	-4	-1	-3	6	3	4	6	2	6	5	3	3	3	5	0	2	4	35	7	3	0	2	0	0.56	0.40
-1	-1	0	-1	-3	1	-1	-1	-3	0	1	-2	5	2	0	-1	0	-3	1	-1	5	2	5	3	0	6	4	4	0	4	13	2	21	9	4	3	6	0	4	3	0.26	0.28
0	-1	-1	-1	-3	0	1	0	-1	-1	2	-1	2	1	0	-1	0	1	-1	-1	8	3	2	3	0	5	10	6	2	2	20	2	8	8	5	5	5	2	2	3	0.09	0.16
0	0	3	1	-3	1	0	0	1	-1	-2	0	0	-1	0	0	0	-3	0	-1	8	6	19	7	0	5	6	6	3	3	1	3	4	3	4	8	5	0	3	5	0.14	0.17
2	0	0	-1	-3	1	-1	-1	-2	-1	-1	0	1	0	2	1	0	-3	0	-1	22	4	6	4	0	8	3	4	0	3	4	4	4	4	10	8	5	0	3	4	0.14	0.18
0	0	0	0	-2	0	0	0	1	0	-1	0	1	0	1	0	0	-2	1	0	6	6	5	6	0	5	6	6	5	6	6	6	5	5	6	6	6	0	5	6	0.03	0.06
0	0	0	0	-3	2	0	-1	1	-1	-1	0	1	-1	0	0	0	-3	0	0	9	6	5	4	0	12	6	5	4	4	6	3	4	3	5	8	6	0	3	5	0.06	0.10
0	0	2	2	-4	2	1	0	0	-2	-2	-1	1	-3	2	0	0	-4	-1	-2	7	4	9	10	0	10	11	8	2	3	3	2	5	0	11	4	5	0	2	3	0.20	0.21
0	-1	1	0	-3	2	-1	0	1	-1	-1	-1	0	-2	3	0	0	-4	-3	-1	9	3	7	5	0	11	3	8	4	3	5	4	3	2	17	7	5	0	0	4	0.21	0.20
0	-1	1	-1	-1	0	-1	0	-1	0	0	-1	0	2	1	-1	0	0	0	0	8	2	8	4	1	4	3	8	2	5	12	2	3	14	6	3	5	1	3	8	0.05	0.09
2	0	-1	-1	-1	0	0	3	0	-2	-2	-1	-1	-2	1	0	-1	-1	-2	-2	16	4	3	3	2	5	7	23	3	2	3	2	2	2	7	7	4	1	1	3	0.22	0.21
1	0	1	-1	-3	1	-1	3	0	-2	-2	0	-1	-2	0	1	0	-4	0	-2	12	6	8	3	0	7	2	20	2	2	3	4	1	1	5	12	6	0	3	3	0.20	0.21
-1	-2	6	0	-1	2	0	0	-3	-2	-4	-2	-1	-2	0	1	-1	-5	-2	-3	5	1	38	4	1	8	5	6	0	2	2	2	2	2	4	9	4	0	1	2	0.63	0.48
0	0	-1	-2	-5	0	-2	0	-2	-3	-1	-2	-4	-3	6	1	0	0	-1	-2	6	4	2	2	0	4	3	7	1	1	6	2	0	1	40	9	5	1	2	3	0.73	0.51
0	-2	1	-1	-4	0	-1	0	-1	-2	-1	-2	1	4	1	1	-1	-1	1	-2	9	2	7	3	0	4	4	7	1	1	4	1	5	23	8	10	3	1	4	3	0.27	0.27
3	-1	0	-2	0	1	-1	0	-2	-2	-2	0	1	-3	1	1	1	-4	-4	-1	26	3	4	1	2	7	3	8	1	2	2	4	4	1	7	10	11	0	0	4	0.25	0.28
2	-2	2	-1	-3	0	0	0	0	-1	-2	-1	-1	-1	0	2	1	-4	-3	-1	20	2	9	3	0	3	5	7	2	3	3	2	2	2	5	16	11	0	0	5	0.21	0.25
0	0	0	0	-2	0	0	0	1	0	-1	0	1	0	1	0	0	-2	1	0	6	6	5	6	0	5	6	6	5	6	6	6	5	5	6	6	6	0	5	6	0.03	0.06
0	0	1	0	0	1	0	0	1	-1	-1	0	0	0	1	0	1	-3	0	-1	6	4	7	5	3	7	6	9	3	4	6	3	3	3	6	8	8	0	3	5	0.04	0.06
1	0	1	-1	-4	1	0	1	-1	-2	-2	-1	1	-2	2	1	2	-4	0	-2	12	4	6	2	0	5	5	11	2	3	3	3	3	2	9	12	11	0	4	3	0.16	0.19
1	-1	3	1	-1	1	-1	0	-1	-2	-2	-1	-1	-2	1	1	0	0	-1	-2	10	3	17	8	1	7	4	8	1	2	3	3	2	2	8	11	6	1	2	2	0.21	0.23
-1	0	3	-1	-4	2	0	1	0	-2	-1	-1	1	-2	1	1	1	-4	-3	-2	5	5	16	3	0	8	4	10	2	3	5	4	3	2	8	10	8	0	0	2	0.20	0.23
1	-1	1	-1	0	1	-1	0	0	-2	-2	-1	0	-4	3	2	0	-4	0	-1	12	3	7	3	2	7	3	7	2	2	3	3	3	0	14	16	6	0	3	4	0.23	0.25
1	-1	2	0	-3	1	0	0	1	-2	-1	-1	0	-2	2	1	1	-4	-1	-2	11	2	9	6	0	6	4	6	3	2	6	4	2	2	10	12	10	0	2	3	0.14	0.18
1	-1	1	0	-2	1	0	1	-1	-1	-1	-1	-1	-2	1	2	1	-1	-2	-2	12	4	8	4	1	6	5	9	1	4	5	2	2	2	8	17	7	1	1	2	0.14	0.18
1	-1	0	-1	-1	1	0	1	-3	-2	-2	-1	-1	-3	1	2	1	-4	-1	-1	13	2	4	3	1	6	6	10	0	3	3	2	2	1	7	21	9	0	2	4	0.20	0.25
1	-1	2	-2	-3	0	-1	1	1	-1	-2	-2	0	-1	0	1	2	-4	-2	-1	13	4	10	2	0	4	3	10	4	3	3	1	3	2	6	12	14	0	1	5	0.17	0.21
0	0	0	0	-2	1	0	0	-1	0	0	-1	1	1	1	0	0	-2	1	0	6	6	6	6	0	6	6	6	0	6	6	0	6	6	6	6	6	0	6	6	0.04	0.08
0	1	1	1	-3	2	0	-1	1	-1	-1	-1	1	-1	1	0	0	1	0	-1	8	7	8	7	0	13	4	4	4	2	5	2	4	3	7	7	7	2	4	3	0.10	0.14
-1	0	0	-1	-4	1	-1	0	0	-2	-2	-1	1	-1	5	0	0	-4	-4	-4	5	5	4	2	0	8	2	6	3	2	3	3	4	3	36	6	5	0	0	0	0.61	0.44
1	-1	1	-1	-3	2	-1	0	0	-1	-1	-1	-1	-2	0	2	1	-4	-1	-1	13	3	8	2	0	12	4	8	2	3	5	2	2	2	4	18	7	0	2	4	0.16	0.21
0	1	0	-1	0	1	0	1	0	-1	-2	-1	-1	-3	2	0	0	-4	-3	-1	10	11	4	2	2	7	6	14	2	4	4	2	2	0	10	7	7	0	0	4	0.13	0.17
1	0	0	-1	-1	1	0	1	-1	-1	-1	-1	1	-1	1	0	2	0	-1	0	13	4	4	3	1	7	4	11	1	3	5	1	4	3	6	8	13	1	1	5	0.09	0.13
0	-2	-1	-1	-1	1	3	-2	-1	-1	-1	-1	-1	-2	4	0	-1	-4	-4	-2	7	2	2	3	1	6	21	4	1	3	7	3	2	1	25	6	3	0	0	2	0.45	0.36
0	-1	6	0	-4	1	-1	0	0	-3	-3	-2	-3	-1	0	0	1	-4	-1	-1	8	3	37	4	0	5	3	6	2	1	3	2	0	2	4	6	7	0	3	4	0.55	0.40
1	2	1	-1	0	0	-1	-1	-1	-1	-2	0	-1	-1	0	1	2	-3	-3	-1	11	16	8	2	3	5	3	5	1	3	4	4	2	3	4	9	14	0	0	5	0.15	0.18
0	0	2	2	-2	2	3	-1	0	-4	-2	-2	0	-2	1	0	-1	-1	-1	-3	8	5	11	13	1	9	18	4	2	1	4	1	3	2	6	6	4	1	2	1	0.28	0.26
3	0	-1	-2	-4	-1	-3	-3	-1	-4	-3	-3	-2	-5	6	-1	-2	-5	-4	-1	23	5	3	2	0	3	2	2	1	1	3	1	1	0	43	5	2	0	0	4	1.04	0.60
-1	-2	-2	-3	-3	0	-2	-2	-2	-1	4	-3	3	1	-2	-1	0	-3	-1	0	5	2	2	1	0	4	2	3	1	2	45	1	8	5	2	5	5	0	2	5	0.45	0.32
0	0	0	0	-2	1	0	0	1	0	0	0	1	0	1	0	0	-3	-1	0	6	6	6	6	0	6	6	6	6	6	6	6	6	6	6	6	6	0	0	6	0.04	0.07
-1	1	5	1	-4	0	0	0	-2	-3	-1	-2	-3	0	0	0	0	-4	-3	-1	5	8	31	7	0	4	6	6	0	0	5	0	0	6	4	7	5	0	0	4	0.36	0.29
0	-3	-3	-1	-3	0	-1	0	-3	-1	0	-1	0	-3	5	0	0	-4	-3	-1	8	0	0	3	0	5	4	8	0	4	12	3	3	0	35	5	5	0	0	3	0.55	0.32
-1	-2	0	-3	1	1	-1	0	-3	-1	-1	-1	2	1	2	0	0	6	0	0	4	0	4	0	3	7	4	8	0	2	4	3	7	6	10	6	7	12	3	9	0.24	0.21
0	0	0	0	2	1	0	0	2	-2	-1	0	1	0	1	0	0	-3	-2	-1	6	6	6	6	6	6	6	6	6	0	6	6	6	6	6	6	6	0	0	6	0.05	0.10
0	1	1	0	1	1	0	0	1	0	-1	-1	-2	-1	1	1	1	-3	-2	-1	8	8	7	3	4	8	6	5	3	5	5	0	0	4	6	15	8	0	0	5	0.09	0.14
0	0	2	0	-3	1	-1	0	0	-1	-1	-1	0	0	1	1	2	-4	-1	-1	8	4	11	4	0	7	3	6	3	2	7	3	3	4	6	11	13	0	2	2	0.11	0.16
0	-1	0	-1	-1	2	0	0	0	-1	0	-1	-1	0	2	1	1	1	0	-1	7	3	4	3	1	10	5	6	3	2	9	2	2	5	13	9	8	2	4	3	0.12	0.15
1	-2	2	0	-4	-1	-1	2	-1	-2	-2	-1	0	-1	2	0	1	0	-1	-2	13	2	12	4	0	2	3	18	1	2	4	3	2	3	11	6	8	1	2	3	0.22	0.22
0	0	0	0	-3	0	0	0	2	0	-1	-1	1	1	0	0	0	3	1	0	6	6	5	6	0	5	6	6	5	6	6	0	5	5	6	6	6	5	5	6	0.07	0.11
0	0	0	-1	-3	0	0	0	0	-2	-1	0	1	-1	1	1	1	2	0	-1	10	4	5	3	0	5	8	8	3	0	5	4	5	3	6	11	12	3	3	5	0.09	0.14
0	-1	1	-1	-4	2	-1	3	-3	-2	-1	-3	0	-1	1	1	1	-4	-1	-2	8	2	8	4	0	9	2	25	0	2	6	0	3	2	6	10	7	0	2	2	0.26	0.27
1	-1	2	-1	0	0	0	1	-1	-2	-2	-1	0	-1	1	2	1	-4	0	-1	9	3	9	3	2	3	5	10	1	2	3	2	2	2	8	19	7	0	4	3	0.14	0.20
0	2	2	-2	-1	3	-2	1	0	-2	-2	-2	-1	-2	1	0	1	-4	-1	-1	9	12	10	2	1	13	2	11	3	2	4	0	2	2	9	5	9	0	2	4	0.20	0.25
1	0	0	-2	-1	2	-1	1	0	-2	-2	-2	0	-2	2	1	1	0	-2	-1	12	4	4	2	1	11	3	11	2	3	4	1	2	1	12	10	11	1	1	3	0.19	0.23
0	-1	2	-1	-4	2	0	3	0	-4	-2	-3	-1	-2	1	1	0	-5	-4	-2	8	3	13	3	0	9	5	23	3	0	4	0	2	2	7	10	7	0	0	2	0.33	0.31
0	2	2	0	-3	0	-1	0	-1	-1	-1	-1	0	-2	0	1	1	0	-3	-1	9	12	9	4	0	4	3	8	1	4	5	2	3	2	5	12	11	1	0	4	0.12	0.17
0	0	1	-2	-2	2	-1	0	-1	-2	0	-2	0	-2	0	2	2	0	-2	-3	7	5	8	2	1	11	3	6	1	2	10	1	3	2	5	14	16	1	1	1	0.21	0.26
0	0	0	0	2	0	0	0	1	0	-1	-1	1	0	0	0	0	-2	1	0	6	6	5	6	5	5	6	6	5	6	6	0	5	5	6	6	6	0	5	6	0.03	0.09
0	-1	1	-1	1	1	-2	2	1	-2	-2	-2	0	0	1	1	0	2	-1	-2	9	4	6	3	3	6	3	15	3	3	3	3	3	5	8	10	7	2	3	3	0.14	0.14
0	-1	1	1	-4	1	-1	1	0	-2	-1	-2	1	-1	2	2	1	-4	-1	-2	6	3	9	7	0	6	4	9	3	2	6	0	5	2	11	14	7	0	2	3	0.17	0.21
-1	1	2	-1	-4	3	-1	0	0	-2	-1	-1	0	-1	2	1	0	-4	-1	-1	5	8	9	4	0	16	3	8	2	2	7	2	3	3	9	10	5	0	2	3	0.17	0.22
0	-1	2	2	-1	1	-1	0	-2	-2	-1	-2	-1	-1	1	1	1	-1	-1	-1	8	3	13	11	1	7	3	8	0	2	6	1	1	3	8	9	9	1	2	3	0.14	0.18
1	-1	0	-1	-3	0	-2	2	0	-1	-1	-2	0	-2	-1	1	1	-4	-1	-1	15	3	5	3	0	5	2	19	2	4	7	1	3	2	3	12	7	0	2	4	0.16	0.19
1	0	0	-2	-4	0	-1	1	1	-2	-1	-3	-1	-1	3	2	0	-4	-1	-1	11	4	4	2	0	4	2	9	4	2	7	0	2	3	18	17	4	0	2	4	0.27	0.27
1	-1	1	1	-3	2	0	1	0	-2	-2	-1	-2	-1	1	2	0	-4	-1	-2	12	3	6	7	0	9	7	11	3	2	3	2	1	3	9	16	5	0	2	2	0.19	0.21
1	-2	1	-1	-1	0	-1	1	0	0	-1	-1	1	0	1	1	0	0	-2	0	13	1	6	3	1	6	2	10	2	4	6	2	5	6	9	10	7	1	0	6	0.09	0.13
1	2	-2	-2	-4	2	-1	1	2	-2	-1	-1	0	-1	3	1	-1	0	-2	-1	10	12	2	1	0	8	2	12	5	2	5	2	2	2	15	10	2	1	1	4	0.24	0.25
0	-1	4	0	-2	2	-1	1	0	-2	-1	-2	-1	-2	0	1	1	-4	-4	-2	8	4	20	5	1	10	2	10	2	2	7	1	1	2	4	11	8	0	0	2	0.26	0.27
0	1	-1	-1	-4	2	-2	1	-1	-1	0	-2	0	-2	3	0	0	-4	-1	-2	8	9	3	3	0	12	2	9	1	3	12	1	2	2	16	7	5	0	2	3	0.23	0.25
0	0	0	-2	-1	0	-1	1	0	-1	1	-1	2	2	-1	0	0	0	0	0	6	5	4	2	1	5	2	14	2	2	12	2	8	10	4	5	5	1	2	6	0.08	0.13
0	-1	1	-2	-4	1	-2	1	-2	-3	-1	-3	-2	0	5	1	-1	-2	-4	-2	9	3	7	2	0	5	3	11	1	1	8	0	1	4	27	11	4	1	0	2	0.45	0.37
0	-2	3	-1	-2	1	-1	3	1	-3	-3	-2	0	-2	0	2	0	-4	-4	-2	7	2	16	3	1	7	4	20	3	1	3	1	3	2	6	14	6	0	0	3	0.32	0.30
0	0	0	0	-2	0	0	0	2	0	0	-1	1	1	1	0	0	-2	1	0	6	6	6	6	0	6	6	6	6	6	6	0	6	6	6	6	6	0	6	6	0.04	0.08
-1	0	0	-1	1	0	-1	-1	1	-1	1	-2	1	1	2	0	1	-3	0	-1	4	4	5	3	3	6	4	5	4	4	13	0	4	8	12	6	8	0	3	4	0.09	0.13
0	-1	3	0	-3	1	0	2	1	-1	-1	-1	1	-1	0	1	0	-3	-2	-1	7	2	16	4	0	7	4	16	5	3	5	2	4	3	5	9	4	0	0	3	0.16	0.18
0	-1	2	0	-3	0	-1	1	0	-2	-1	-2	0	-1	2	2	0	1	0	-1	7	3	12	4	0	4	3	10	2	2	7	0	3	3	10	15	7	2	3	3	0.14	0.18
0	-1	0	-1	-3	1	-1	1	0	-1	0	-2	0	0	4	0	-1	-4	-1	-1	8	2	4	2	0	6	2	9	2	4	9	2	3	4	25	7	4	0	2	4	0.30	0.25
1	0	0	-1	-3	2	0	2	0	-3	-2	-1	0	-2	1	0	0	-3	-1	-1	11	6	5	3	0	13	6	17	2	0	4	3	2	1	6	8	5	0	2	5	0.16	0.19
-1	-2	-1	0	-3	0	-2	-1	0	0	2	-1	4	1	0	-1	0	-3	0	0	4	2	3	5	0	4	2	5	2	6	21	3	17	6	4	4	5	0	3	5	0.19	0.22
1	0	0	0	-2	4	-1	0	0	-2	-1	-2	0	-1	2	0	0	-1	0	-2	10	5	5	4	1	26	3	6	2	2	5	0	2	3	10	5	5	1	3	2	0.30	0.32
0	-1	2	2	-4	1	1	0	1	-3	-4	-2	-2	-3	1	2	0	-4	-3	-3	9	3	10	13	0	7	9	6	3	1	1	1	1	1	6	20	6	0	0	1	0.31	0.29
0	-2	-1	-1	-3	0	-2	-1	-2	-1	2	-3	4	-1	2	-1	0	0	1	-1	8	2	3	3	0	4	2	5	1	2	23	1	15	1	9	5	5	1	6	2	0.23	0.26
0	0	-2	-3	-3	-1	-2	-2	-3	0	3	-3	4	0	0	-1	1	-3	-1	0	8	5	2	1	0	3	2	3	0	5	30	1	12	3	4	3	9	0	2	7	0.27	0.25
0	-2	3	-1	-4	5	0	0	-1	-2	-2	-2	0	-3	-2	1	-1	-4	-4	-4	7	2	12	2	0	35	6	8	2	2	4	1	3	1	2	9	3	0	0	1	0.61	0.47
0	0	0	-2	-2	5	1	-1	0	-3	-2	-1	1	-2	0	-1	-1	0	-3	-2	9	5	4	2	1	35	8	5	2	1	3	2	3	2	6	5	3	1	0	2	0.51	0.42
0	0	-1	0	-2	1	0	0	2	0	0	-1	1	1	1	0	0	-2	1	0	6	6	0	6	0	6	6	6	6	6	6	0	6	6	6	6	6	0	6	6	0.04	0.10
0	2	0	-1	-3	1	-1	1	2	-1	-1	0	2	-1	0	0	0	1	-1	-1	8	11	4	2	0	6	2	11	6	4	6	3	8	2	5	7	6	2	2	3	0.09	0.14
0	0	0	0	-3	1	0	0	1	0	-1	0	1	0	0	0	0	3	-1	0	6	6	5	6	0	5	6	6	5	6	6	6	5	5	6	6	6	5	0	6	0.06	0.09
-1	-1	4	0	-4	1	-2	-1	1	-1	-2	-1	1	-4	0	1	1	-4	0	-1	5	3	26	4	0	7	0	5	3	3	3	3	4	0	6	10	10	0	3	4	0.32	0.31
-1	-4	-1	-3	-4	0	-1	-1	0	-2	-2	-3	1	-1	6	0	-1	-4	-1	-2	6	0	3	0	0	5	5	5	3	3	4	0	5	3	45	6	3	0	2	3	0.86	0.50
1	0	0	-1	-4	4	1	0	0	-2	-2	0	0	-2	0	1	0	-4	-1	-2	12	5	4	3	0	23	9	7	2	2	3	3	2	2	4	9	5	0	2	2	0.26	0.26
0	0	0	-1	-1	0	-2	-1	1	0	1	-1	3	-1	1	1	1	-3	-1	-1	6	7	5	2	1	6	0	4	3	3	17	3	9	2	6	10	9	0	1	4	0.10	0.16
-1	-1	-1	-4	-4	1	-3	-4	0	1	2	-1	6	0	-1	0	0	0	-3	0	5	3	4	0	0	6	0	0	2	6	23	3	22	4	3	6	6	1	0	5	0.41	0.34
0	0	0	0	-2	1	0	0	1	0	0	0	1	0	1	0	0	-3	-1	0	6	6	6	6	0	6	6	6	6	6	6	6	6	6	6	6	6	0	0	6	0.04	0.07
0	0	2	0	-3	2	0	0	1	-1	-1	0	1	-3	1	1	1	-4	-3	-1	6	3	12	4	0	11	5	7	4	4	4	3	4	0	5	10	13	0	0	4	0.15	0.18
0	0	-1	-3	-3	0	-1	-1	1	1	1	0	4	0	0	-1	0	-3	1	0	6	6	3	0	0	5	4	4	5	8	11	5	17	5	4	3	4	0	4	6	0.13	0.19
-1	-1	0	-1	-3	1	-1	-1	-2	0	1	-2	2	1	1	-1	0	3	-2	0	5	3	4	4	0	7	4	5	0	6	18	0	8	6	7	5	4	5	0	7	0.10	0.15
-1	0	1	0	-4	4	0	-1	1	-1	-2	0	0	-1	0	1	-1	-4	0	-2	4	6	8	6	0	24	5	5	3	3	4	3	3	3	5	9	3	0	3	2	0.24	0.27
0	0	0	0	2	0	0	-1	1	0	-1	0	1	0	0	0	0	-2	1	0	5	5	5	5	5	5	5	5	5	5	5	5	5	5	5	5	5	0	5	5	0.03	0.05
-1	-2	1	-1	-4	1	-1	-1	1	-1	-1	-2	3	-2	4	1	1	0	-1	-2	4	2	7	3	0	8	4	4	3	4	7	2	7	2	20	10	8	1	2	2	0.29	0.30
0	1	-1	0	-1	1	-1	1	0	-1	-1	0	2	-1	2	1	-1	-4	-1	0	9	9	3	6	1	8	4	10	2	2	4	4	6	2	10	9	3	0	2	6	0.11	0.15
0	0	0	-1	1	3	0	-1	1	-2	-2	-1	1	-1	0	2	0	2	-5	-2	7	5	4	4	3	14	6	5	3	3	4	4	4	3	5	14	6	3	0	3	0.20	0.22
1	-1	-1	-1	1	0	-1	0	1	-1	0	-1	3	1	1	0	0	2	0	0	10	3	3	3	3	4	3	6	3	4	7	3	8	7	6	8	7	2	3	8	0.08	0.10
-1	1	0	-2	-4	1	-2	-1	1	0	2	-2	4	-2	0	-1	-1	-4	-1	-1	6	8	4	2	0	6	2	5	3	4	24	2	14	1	4	3	4	0	2	4	0.25	0.26
0	0	2	-1	1	2	0	0	1	-1	-1	-1	0	-1	-1	1	1	-3	-1	-1	6	4	9	2	3	13	5	6	3	4	5	3	3	2	3	14	8	0	2	4	0.11	0.17
0	0	1	-1	0	3	-1	-1	0	-2	-1	-1	2	-1	3	0	0	-4	-3	-1	9	4	7	3	2	17	3	5	3	2	6	3	6	3	13	7	4	0	0	3	0.21	0.25
0	-1	0	-1	-3	0	-1	0	0	1	1	-1	3	-1	0	0	0	1	-2	0	6	2	5	4	0	5	3	6	2	7	18	2	11	2	5	10	4	2	0	6	0.10	0.16
0	0	0	0	-2	1	0	0	1	0	0	0	1	0	1	0	0	-3	-1	0	6	6	6	6	0	6	6	6	6	6	6	6	6	6	6	6	6	0	0	6	0.04	0.07
1	0	0	0	-3	2	1	0	1	-1	-1	0	2	0	0	2	0	-3	0	-1	10	4	5	3	0	9	9	7	3	3	4	3	7	3	4	16	4	0	3	3	0.10	0.16
0	0	0	0	-2	1	0	0	1	0	0	0	1	0	1	0	0	-3	-1	0	6	6	6	6	0	6	6	6	6	6	6	6	6	6	6	6	6	0	0	6	0.04	0.07
0	-1	1	-1	-4	0	0	-1	-3	-1	-2	-2	1	-1	5	0	-1	-4	0	-1	6	3	7	4	0	5	6	5	0	4	4	0	4	3	32	6	4	0	3	4	0.46	0.33
0	0	0	0	-2	0	0	0	1	0	-1	0	1	0	1	0	0	-2	1	0	6	6	5	6	0	5	6	6	5	6	6	6	5	5	6	6	6	0	5	6	0.03	0.06
-1	0	0	0	2	0	0	-1	2	0	-1	0	2	0	0	-1	0	3	1	-1	5	5	5	5	5	5	5	5	5	5	5	5	5	5	5	5	5	5	5	5	0.08	0.08
2	0	0	-1	-3	0	-1	1	1	-1	-1	-1	1	1	0	0	0	-3	0	-1	17	7	4	3	0	4	3	11	5	3	6	2	5	6	5	7	4	0	3	4	0.09	0.14
0	-1	4	0	-5	1	0	-1	1	-4	-2	-1	0	-2	1	1	0	1	-1	-2	8	3	25	5	0	8	5	4	3	0	4	2	2	2	7	11	4	2	2	2	0.35	0.34
0	2	1	0	-1	3	-1	0	2	-2	-2	-1	2	-2	0	0	-1	-4	-1	-2	9	13	7	4	2	16	2	9	5	3	4	2	5	2	4	6	3	0	1	3	0.19	0.23
0	-1	0	-2	-3	-1	-2	-2	0	2	2	-2	3	0	-1	0	0	-4	-1	1	6	3	4	2	0	3	2	3	2	10	23	1	10	3	4	6	6	0	2	9	0.17	0.19
-2	0	1	-1	1	0	-1	-1	1	1	0	-5	4	0	4	-1	-1	-6	-6	-1	4	5	6	3	3	5	3	5	3	7	10	0	9	3	19	6	4	0	0	5	0.34	0.27
0	1	1	-1	1	0	-1	-1	2	-2	-2	-1	2	-1	2	1	0	2	0	-2	9	8	6	4	3	5	3	6	4	3	4	3	5	3	12	10	6	2	3	3	0.14	0.15
1	-1	1	0	-3	0	0	1	0	-1	-1	-2	2	0	0	1	1	1	-2	0	10	3	6	5	0	4	5	10	2	3	5	0	8	4	4	13	11	2	0	5	0.11	0.18
-1	0	1	0	1	0	0	0	1	-1	-1	-1	1	-1	0	1	0	2	2	-1	4	4	8	5	3	5	5	8	3	3	6	3	3	3	5	11	6	3	8	4	0.08	0.10
-1	1	0	-1	1	1	1	-1	1	-1	-2	-5	1	-1	4	1	0	-6	-6	-2	5	7	5	4	3	5	8	5	4	3	4	0	3	3	22	9	6	0	0	4	0.36	0.30
0	-1	1	0	1	1	-1	0	1	-1	0	-2	1	0	0	1	0	1	-1	-1	6	3	5	6	3	6	4	7	3	2	8	2	5	4	5	13	7	2	2	5	0.07	0.10
1	-1	-1	-2	-5	0	-2	-1	-1	1	1	-5	2	1	0	2	-1	-6	-1	1	10	4	3	2	0	4	2	6	2	9	14	0	5	5	5	16	4	0	2	8	0.18	0.18
0	2	0	-2	0	4	0	-1	2	-2	-2	-3	0	-2	2	0	0	-5	-1	-2	7	13	5	2	2	21	5	6	4	3	3	0	3	2	9	6	6	0	2	2	0.32	0.33
0	1	2	0	-4	3	1	0	0	-2	-1	-1	1	-2	0	1	-1	-4	-2	-1	6	6	12	4	0	14	11	8	2	2	5	2	3	2	5	11	3	0	1	4	0.19	0.22
-1	-2	1	-2	-5	-1	-3	-1	0	-2	-2	-3	3	-2	6	0	0	0	-5	-3	6	2	6	2	0	3	2	4	2	3	5	1	7	2	40	8	5	1	0	2	0.80	0.54
0	0	0	0	-2	0	0	0	1	0	-1	0	1	0	1	0	0	-2	1	0	6	6	5	6	0	5	6	6	5	6	6	6	5	5	6	6	6	0	5	6	0.03	0.06
1	0	0	0	-3	2	0	0	1	-1	-1	0	1	0	0	0	0	-3	0	-1	16	3	5	5	0	10	4	6	3	3	6	4	4	5	5	7	7	0	3	4	0.06	0.11
0	0	0	0	-2	0	0	0	1	0	-1	0	1	0	1	0	0	-2	1	0	6	6	5	6	0	5	6	6	5	6	6	6	5	5	6	6	6	0	5	6	0.03	0.06
-1	1	2	1	-4	3	0	-1	1	-1	-3	0	1	-4	0	0	0	-4	0	-1	5	7	13	8	0	17	6	5	4	3	0	4	3	0	5	7	6	0	3	4	0.24	0.25
0	1	1	1	-2	1	0	0	2	-2	-1	0	1	-2	1	0	0	-3	-2	0	7	7	7	7	0	7	7	7	6	0	7	7	6	0	7	7	7	0	0	7	0.09	0.10
0	0	0	0	-3	2	0	0	1	-1	0	-1	2	0	0	0	0	-3	0	-1	5	5	4	5	0	12	4	6	4	3	13	3	6	5	4	7	7	0	3	3	0.06	0.11
0	0	0	0	-2	0	0	0	1	0	-1	0	1	0	1	0	0	-2	1	0	6	6	5	6	0	5	6	6	5	6	6	6	5	5	6	6	6	0	5	6	0.03	0.06
0	2	1	0	-3	2	0	0	1	-1	-1	0	1	0	0	0	0	-3	-2	-1	5	11	6	4	0	14	5	8	3	3	6	4	5	4	5	7	5	0	0	4	0.11	0.16
-1	-1	1	1	-3	2	2	0	1	-1	-2	-1	0	-1	1	0	0	-3	-1	-1	5	3	9	7	0	11	17	6	4	3	4	2	3	3	8	7	4	0	2	3	0.16	0.19
0	-1	0	-1	-3	2	0	-1	0	-1	-1	0	2	-1	2	1	0	0	-1	-1	6	3	4	2	0	13	5	3	2	2	7	5	7	2	13	13	6	2	2	4	0.18	0.22
0	-2	-1	-1	1	0	-1	0	-1	-1	1	-2	3	1	1	0	0	0	0	0	7	1	2	2	3	4	5	7	2	3	13	0	12	6	8	6	7	1	4	7	0.10	0.16
3	0	0	-1	-3	0	-1	1	1	-2	-1	-1	-1	-2	1	1	1	-4	-3	-1	25	6	4	2	0	4	4	9	5	2	5	3	1	2	6	9	8	0	0	4	0.17	0.20
0	-1	0	-1	-1	1	-1	0	-1	1	0	-1	1	0	1	0	0	-3	-1	0	8	4	5	3	1	7	3	6	1	12	11	1	4	4	8	6	5	0	2	6	0.05	0.09
0	0	0	0	-2	0	0	0	1	0	-1	0	1	0	1	0	0	-2	1	0	6	6	5	6	0	5	6	6	5	6	6	6	5	5	6	6	6	0	5	6	0.03	0.06
-1	0	0	0	2	0	0	-1	2	0	-1	-2	1	0	0	0	0	3	1	0	5	5	5	5	5	5	5	5	5	5	5	0	5	5	5	5	5	5	5	5	0.07	0.11
1	1	2	-1	-3	2	0	-1	1	-2	-1	0	1	-1	0	1	0	-4	-3	-2	11	9	10	3	0	12	4	5	4	2	7	5	4	2	5	9	6	0	0	2	0.14	0.18
1	-1	0	-1	-4	2	0	0	0	-2	-2	-1	0	-2	2	2	0	-4	-1	-2	12	3	4	3	0	12	6	6	2	2	4	2	3	2	12	19	4	0	2	2	0.24	0.27
0	0	1	-1	-1	1	-1	0	0	-1	-1	-1	2	-1	0	2	1	-3	0	-1	9	6	7	2	1	7	4	8	2	2	6	2	6	3	5	15	8	0	3	3	0.09	0.15
0	0	1	-1	2	1	0	-1	0	0	0	-2	3	0	0	0	0	-3	-1	-1	7	7	6	3	5	8	7	5	3	5	8	0	10	3	5	6	6	0	2	4	0.07	0.14
0	-1	0	0	-5	0	-1	1	1	-2	-2	-1	-1	-2	5	0	-1	-5	-4	-2	7	3	4	5	0	4	3	10	3	2	4	3	2	2	35	7	4	0	0	2	0.60	0.43
0	0	0	0	2	0	0	-1	1	0	-1	0	1	0	0	0	0	-2	1	0	5	5	5	5	5	5	5	5	5	5	5	5	5	5	5	5	5	0	5	5	0.03	0.05
0	-1	1	-1	-2	0	-1	-1	1	-1	0	-2	0	4	0	0	0	1	0	-1	6	4	8	2	1	5	5	5	3	3	8	1	3	19	6	7	6	2	3	4	0.13	0.16
-1	-2	2	-1	-3	0	-2	0	-3	0	2	-2	2	-1	0	0	0	-4	-3	0	4	2	14	2	0	5	2	8	0	5	23	1	7	2	4	7	7	0	0	7	0.19	0.22
-1	2	1	0	-4	4	-1	0	-1	-2	-2	-1	0	-2	0	1	0	-4	-4	-3	6	12	7	5	0	25	2	7	1	2	4	2	2	2	5	10	7	0	0	1	0.37	0.34
0	0	2	-1	-3	2	0	0	2	-1	-1	-1	0	0	0	0	0	-3	1	-1	9	4	13	3	0	10	5	6	6	4	7	2	3	3	4	5	7	0	5	4	0.10	0.14
-1	-3	-1	-3	-3	1	-3	0	-3	-3	-2	-3	2	-3	6	0	-2	-6	-4	-3	4	1	3	2	1	6	1	8	1	1	5	1	5	1	48	7	2	0	1	2	1.07	0.66
0	0	0	-3	-3	2	-2	-1	-2	-2	1	-2	2	-1	-1	2	2	-1	-2	-1	8	4	4	1	0	11	2	5	1	1	16	1	6	3	2	15	14	1	1	3	0.20	0.26
0	-1	2	-1	-4	1	0	0	-2	-2	-2	-2	0	-4	4	0	2	-2	-4	-1	8	4	11	2	0	8	5	6	1	3	3	1	3	0	20	8	12	1	0	4	0.34	0.31
-1	-1	4	0	-4	1	-1	0	-1	0	-2	-2	0	-3	1	2	0	-1	-4	-3	4	3	25	5	0	6	4	7	2	6	3	1	3	1	7	14	6	1	0	1	0.35	0.32
0	-1	0	-1	-4	1	0	-1	0	-3	-2	-2	1	-3	4	2	0	-5	-4	-2	8	3	5	2	0	8	5	5	2	1	4	1	4	1	25	18	5	0	0	2	0.47	0.39
1	-1	1	-2	-1	0	-1	-1	-2	-1	-2	-3	0	0	1	1	2	5	-1	0	13	3	6	1	1	4	3	5	1	3	3	0	3	5	7	10	14	10	2	6	0.25	0.26
2	1	1	-2	-4	1	-1	3	-2	-3	-2	-2	1	-2	-1	0	0	-4	-4	-1	15	8	8	2	0	6	3	24	1	1	5	1	4	1	3	8	5	0	0	3	0.28	0.27
1	-1	-1	-3	-5	4	-1	-1	-1	-3	-2	-2	1	-5	4	1	0	-5	-5	-2	12	3	3	1	0	21	4	4	1	1	4	2	4	0	21	11	5	0	0	2	0.55	0.46
1	-1	2	1	-4	2	-1	3	-2	-2	-2	-2	0	-3	1	0	0	-1	-4	-2	10	4	9	8	0	11	3	20	1	2	4	1	3	1	7	4	7	1	0	2	0.25	0.26
2	-1	0	-2	-2	1	-2	3	-1	-2	-2	-1	2	-3	1	1	0	-5	-4	-2	16	3	4	2	1	7	2	23	1	2	4	2	5	1	8	12	5	0	0	2	0.31	0.29
0	0	2	1	-3	0	-1	2	-2	-2	-2	-2	0	-1	1	0	1	-2	-2	-1	10	6	11	8	0	4	4	16	1	2	3	1	2	3	6	8	8	1	1	4	0.16	0.17
0	0	3	-1	-3	2	0	0	-2	-1	-1	-1	1	-1	0	0	1	-1	-2	-1	9	4	14	2	0	11	5	7	0	3	7	3	5	3	6	8	9	1	1	3	0.14	0.19
-1	-2	2	1	-4	0	0	1	0	-2	0	-2	1	-2	2	0	2	-2	-2	-2	5	1	11	7	0	4	5	11	3	2	8	1	4	2	11	5	15	1	1	2	0.19	0.22
1	0	1	-2	-3	2	-1	1	-1	-1	-1	-2	0	-2	2	1	1	-1	-2	-1	11	5	9	2	0	10	2	13	1	3	7	1	2	1	10	9	7	1	1	4	0.16	0.19
3	-1	0	-1	-3	1	-2	0	-3	0	-2	-3	1	-1	1	2	2	-4	-2	-1	23	2	4	3	0	6	1	6	0	5	4	0	3	2	7	14	13	0	1	3	0.25	0.28
1	-1	2	-1	-1	2	-1	2	0	-1	-2	-3	3	-3	0	0	0	-4	-4	-1	12	3	9	3	1	11	2	19	2	3	2	0	8	1	5	7	7	0	0	5	0.24	0.26
0	1	1	1	-3	2	0	0	-1	-2	-1	-1	0	-2	0	1	1	-1	-2	-2	9	8	6	8	0	13	6	8	1	2	6	2	3	1	5	9	8	1	1	2	0.13	0.17
1	-1	0	-2	-1	1	-1	2	-1	-1	-1	-2	1	-2	1	1	1	-4	-2	-1	11	4	5	2	1	8	3	18	1	3	6	1	4	1	7	11	8	0	1	4	0.16	0.19
0	-2	1	-1	-4	0	-1	2	-2	-2	-1	-3	2	-2	1	2	2	-4	-2	-2	7	2	6	2	0	5	3	14	1	2	5	0	7	2	8	20	12	0	2	3	0.25	0.29
1	-1	0	-2	-3	1	0	0	0	-1	0	-1	2	-2	1	1	2	-4	-1	-1	13	4	5	2	0	6	6	7	2	4	9	1	6	2	7	9	16	0	2	3	0.12	0.18
0	-1	1	0	-4	2	-1	3	0	-2	-2	-1	0	-2	1	0	0	1	-4	-2	7	3	7	5	0	10	3	23	2	2	3	2	3	2	8	7	6	2	0	3	0.24	0.24
-1	0	1	-1	0	2	-1	1	2	-1	-1	-1	1	0	1	0	0	-3	1	-1	4	4	7	3	2	13	3	11	6	3	6	2	5	4	9	6	4	0	6	3	0.13	0.17
1	1	1	0	-3	1	-1	0	0	-1	-1	-1	0	-1	0	2	0	0	-1	-1	11	7	9	4	0	6	2	7	3	3	6	3	2	2	3	18	6	1	2	3	0.11	0.16
0	0	1	0	-2	1	0	0	-2	0	0	-1	1	0	1	0	0	-2	-1	0	7	7	7	7	0	7	7	7	0	7	7	0	6	6	7	7	7	0	0	7	0.05	0.08
0	0	0	0	-3	0	0	-1	1	0	-1	0	1	0	0	0	0	3	1	0	5	5	5	5	0	5	5	5	5	5	5	5	5	5	5	5	5	5	5	5	0.06	0.08
1	0	0	-1	-3	1	-1	0	0	0	0	0	2	-1	1	0	0	-3	0	0	14	6	5	3	0	7	2	8	2	6	6	4	9	3	7	5	5	0	3	7	0.06	0.11
0	-1	-1	-1	-4	1	-1	-2	0	-4	-2	-1	0	-1	5	0	0	1	-1	-2	8	4	3	3	0	7	3	3	2	0	4	2	2	2	36	7	5	2	2	2	0.61	0.43
0	0	3	1	-3	1	0	0	1	-2	-1	0	0	0	0	1	0	-3	0	-1	9	4	16	7	0	5	5	8	3	0	6	3	3	4	5	8	6	0	3	3	0.11	0.14
0	-1	-1	-1	1	0	-1	0	-2	0	1	-2	1	0	2	0	1	-3	0	0	5	4	3	4	4	5	4	6	0	4	17	0	6	4	12	6	8	0	3	5	0.09	0.13
-1	0	0	0	2	0	0	-1	2	0	-1	-2	1	0	0	0	0	3	1	0	5	5	5	5	5	5	5	5	5	5	5	0	5	5	5	5	5	5	5	5	0.07	0.11
1	-1	0	-1	-4	1	-1	1	-1	-3	-2	-3	1	-2	4	3	0	-4	-4	-3	9	3	5	3	0	6	3	10	1	1	5	1	4	2	18	23	5	0	0	2	0.39	0.35
0	-2	1	-1	-1	1	-1	4	-1	-4	-2	-2	1	-2	0	1	0	1	-4	-3	8	2	6	3	1	8	4	29	1	0	4	1	3	1	5	12	5	2	0	2	0.36	0.31
-1	-2	0	-2	-1	2	-1	0	-1	-1	2	-2	3	0	1	0	-1	-1	-3	0	6	1	4	2	1	11	3	7	1	2	22	2	9	4	7	6	4	1	0	5	0.19	0.23
1	-2	1	0	-4	0	-1	3	-1	-3	-1	-2	2	0	0	-1	0	-4	-2	-2	10	2	8	6	0	5	3	25	1	1	6	2	6	5	6	5	5	0	1	3	0.25	0.24
1	-1	2	1	-4	0	-1	2	-3	-2	0	-3	0	-1	3	0	0	-4	-2	-2	10	3	10	8	0	5	3	14	0	2	9	0	2	3	16	7	5	0	1	2	0.26	0.25
0	-2	2	-1	0	0	-2	2	1	-2	-2	-3	1	-1	1	2	0	1	-1	-2	9	2	10	4	2	4	2	14	4	2	4	0	3	3	6	20	5	2	2	2	0.22	0.25
1	-1	-1	-1	-4	1	-2	1	-1	-1	0	-2	3	-1	2	0	1	-4	-4	-1	13	3	3	3	0	7	2	13	2	2	9	2	8	3	11	6	8	0	0	5	0.18	0.22
0	-1	2	-1	0	1	-1	1	1	-2	0	-1	1	0	2	0	0	1	-1	-1	7	3	10	2	2	8	3	12	4	2	8	3	4	5	9	6	5	2	2	4	0.09	0.13
0	1	2	0	0	1	0	0	0	-2	0	-1	2	-1	0	0	0	-4	0	-1	6	7	11	5	2	7	7	9	2	2	8	3	7	3	4	8	5	0	3	3	0.09	0.13
0	-1	2	-1	-3	1	-1	1	-1	-1	-1	-2	0	-1	2	0	1	0	-2	0	9	3	9	3	0	8	3	11	1	2	7	1	2	3	11	8	8	1	1	7	0.13	0.17
0	0	0	0	-2	0	0	0	2	0	0	-1	1	1	1	0	0	-2	1	0	6	6	6	6	0	6	6	6	6	6	6	0	6	6	6	6	6	0	6	6	0.04	0.08
-1	-1	0	-1	-3	1	-1	1	0	0	1	-2	2	1	1	0	-1	-1	0	-1	5	3	5	2	0	6	4	13	3	4	14	1	8	9	6	6	4	1	4	2	0.08	0.14
1	-1	0	-1	-3	0	-1	0	1	-1	1	-2	4	0	1	-1	0	0	-1	0	12	2	5	2	0	6	2	8	3	3	12	2	15	3	6	3	5	1	1	8	0.12	0.19
0	-1	0	0	-4	3	0	1	0	-2	-2	-2	0	-2	4	1	-1	-4	-3	-2	8	2	4	4	0	15	5	11	2	2	3	0	3	2	23	9	4	0	0	2	0.38	0.32
0	-1	1	-1	-3	2	0	1	0	-2	0	-2	2	-1	-1	2	0	-3	-1	-1	7	2	6	3	0	10	6	11	3	2	9	0	7	3	3	20	5	0	1	2	0.15	0.21
0	-2	0	0	-3	1	-1	1	-1	-1	0	-2	3	-1	3	1	0	-4	-3	-1	5	2	6	4	0	8	2	9	2	4	9	0	12	2	13	14	4	0	0	2	0.20	0.24
0	-3	0	0	-3	2	0	1	-3	-1	0	-2	2	0	2	0	0	2	-2	0	7	0	4	4	0	11	4	11	0	4	7	0	8	5	12	6	6	3	0	6	0.17	0.21
0	0	1	0	-3	1	1	1	0	-1	-1	0	0	-1	0	1	1	-3	0	-1	6	4	8	6	0	8	7	10	3	4	4	3	4	3	5	12	8	0	3	4	0.08	0.10
-1	-1	2	0	0	2	-1	0	0	-2	-2	-1	1	-1	3	1	0	-4	-3	-1	5	3	10	4	2	13	3	7	2	2	4	2	5	2	16	10	6	0	0	3	0.24	0.24
-1	-1	0	-2	-4	2	-2	0	-1	0	0	-2	4	-1	3	0	1	-4	-2	-1	5	2	4	1	0	13	2	7	1	5	7	1	15	2	16	6	8	0	1	4	0.30	0.33
1	-1	0	-1	-3	2	1	0	-1	-2	-2	-1	2	0	3	1	0	-4	-1	-2	10	3	3	2	0	10	8	8	2	2	3	2	8	4	13	13	5	0	2	2	0.20	0.24
1	-1	0	0	-3	0	1	1	0	0	0	-1	1	0	-1	0	1	-3	-1	-1	12	2	5	3	0	4	9	14	2	4	8	2	6	5	2	7	8	0	2	4	0.06	0.10
-1	0	1	0	0	1	0	1	0	0	0	-1	2	0	0	-1	0	-3	-2	-1	4	4	9	5	2	8	5	11	2	8	8	3	9	4	4	4	5	0	0	3	0.06	0.12
0	0	0	-1	-4	2	0	0	0	-2	-2	0	0	0	4	0	0	-4	-3	-2	6	5	4	4	0	11	5	6	2	2	4	4	3	4	26	5	5	0	0	3	0.38	0.31
0	-1	1	-1	0	2	0	2	-2	-1	-1	-1	1	-1	0	0	0	-3	-1	-1	8	3	7	3	2	14	5	19	0	3	4	2	4	3	5	8	6	0	2	3	0.16	0.20
0	-2	0	-2	-4	0	-3	0	-1	0	1	-2	4	0	0	-1	1	-4	-1	0	9	1	6	2	0	3	1	9	1	5	12	1	16	4	5	4	11	0	1	7	0.21	0.24
-1	-2	0	-3	-5	1	-2	-1	-4	-2	0	-4	5	-1	4	0	1	-5	-2	-2	5	2	4	1	0	5	3	5	0	2	11	0	16	3	23	7	8	0	1	3	0.49	0.42
1	-1	2	0	-4	3	2	0	1	-3	-1	-1	0	-1	-2	1	0	-1	0	-2	10	3	10	3	0	14	12	8	4	1	6	2	3	3	2	9	6	1	4	1	0.18	0.23
1	-2	3	-1	-2	2	-2	0	1	-3	-2	-2	-1	-2	3	1	0	-2	-4	-2	12	2	18	3	1	9	1	8	3	1	5	1	2	2	15	11	4	1	0	2	0.34	0.32
-1	0	-2	-2	0	1	-1	-1	-1	-2	0	-1	2	-1	5	0	-1	-5	-2	-2	6	5	2	2	2	7	4	4	2	2	11	3	5	3	26	7	4	0	2	3	0.36	0.29
0	-1	-1	-1	0	1	0	0	0	0	0	-1	1	0	0	0	0	2	1	0	9	3	2	4	2	9	5	8	2	5	10	2	5	5	5	6	4	3	6	6	0.03	0.06
-1	-1	0	-1	-3	0	-1	-1	0	0	2	-1	4	0	1	0	0	-4	-3	0	3	3	4	3	0	4	3	5	2	6	18	2	15	5	7	9	6	0	0	5	0.18	0.22
0	0	1	-1	-4	2	-1	-1	0	-1	-1	-3	2	-1	4	2	0	-4	-4	-2	7	4	7	3	0	9	3	4	3	3	5	0	7	3	22	14	5	0	0	3	0.36	0.33
0	0	1	0	-2	1	0	0	2	-1	-1	-1	1	0	1	0	0	-3	-1	0	7	7	7	7	0	7	7	7	6	0	7	0	6	6	7	7	7	0	0	7	0.06	0.11
0	-3	-2	-1	-2	1	-1	-1	-1	-1	0	-3	3	-2	4	1	0	-4	-2	-2	7	0	1	3	1	8	3	6	2	3	10	0	10	1	26	10	5	0	1	2	0.44	0.36
1	-1	0	-2	-3	0	-1	0	-1	-1	1	-2	4	-1	2	0	0	-3	-1	0	11	3	4	2	0	4	4	7	1	2	13	0	16	2	12	7	4	0	2	5	0.20	0.24
-1	-1	0	-1	-3	3	-1	0	1	0	1	-2	2	1	-1	0	-1	-3	1	0	5	2	5	2	0	15	3	6	3	4	17	0	7	6	3	7	3	0	7	5	0.13	0.20
1	1	1	0	0	1	-1	0	0	-1	-1	-1	1	-2	2	1	0	-4	-3	-1	11	7	9	4	2	8	3	5	3	3	6	1	5	1	13	12	3	0	0	3	0.15	0.18
0	2	1	-1	-3	1	0	0	0	-1	0	-1	3	-1	2	0	0	-1	-1	-1	6	13	8	2	0	6	5	6	2	4	7	1	10	3	9	7	4	1	1	3	0.13	0.18
2	-2	0	-1	-3	2	-1	0	-1	-1	0	-2	2	-1	1	2	1	-3	-2	-1	18	1	4	2	0	11	3	9	1	3	8	0	6	2	6	15	7	0	1	4	0.16	0.22
-1	-2	-1	-1	-1	2	-1	0	-3	0	1	-2	4	0	0	2	-1	-1	-3	-1	4	2	3	4	1	10	2	8	0	4	14	0	16	3	4	16	4	1	0	4	0.21	0.27
-1	1	3	1	-3	1	-1	-1	2	-1	-1	-1	3	-2	0	1	-1	-4	-2	-2	4	9	19	7	0	7	2	5	5	3	7	1	9	1	5	9	3	0	1	2	0.22	0.25
0	-2	-1	0	-4	0	-1	0	-3	0	-1	-3	1	-1	5	0	0	-4	-2	0	7	1	2	6	0	4	4	6	0	6	6	1	4	2	31	6	6	0	1	5	0.44	0.32
1	-1	0	0	-3	3	0	0	-1	-1	1	-2	1	-1	0	0	0	-3	-1	-1	11	3	4	5	0	17	6	6	1	4	14	0	3	2	4	6	7	0	2	3	0.12	0.19
0	-2	-1	-1	-3	2	-2	1	0	-1	0	-2	4	-1	-1	1	0	-1	0	-1	5	1	2	3	0	13	1	11	2	2	10	1	15	2	3	12	7	1	3	5	0.21	0.26
0	0	0	-1	-3	3	-1	0	-1	0	0	-1	3	-1	0	-1	1	-3	-3	0	8	6	5	3	0	17	2	7	1	7	11	1	9	2	4	4	8	0	0	5	0.14	0.20
-1	-2	5	1	-4	2	-1	-1	0	-4	-3	-2	0	-3	-1	1	0	-4	-2	-3	6	2	33	7	0	10	4	5	2	0	3	1	3	1	4	12	6	0	1	1	0.51	0.40
-1	-2	0	-2	-5	5	-2	-2	0	-4	-3	-3	4	-2	5	0	-2	-5	-4	-2	5	2	4	2	0	25	1	3	2	0	2	0	10	2	29	6	2	0	0	2	0.84	0.57
1	0	1	0	-3	1	0	0	1	-1	-1	-1	2	0	-1	0	1	2	-2	-1	11	3	9	5	0	7	7	6	4	4	5	2	7	4	3	8	8	3	0	4	0.08	0.13
-1	-1	0	-1	-4	1	0	-1	1	0	0	-3	2	0	4	-1	0	-4	-3	-1	5	3	4	3	0	7	5	4	3	5	10	0	6	4	27	4	5	0	0	4	0.36	0.29
0	0	0	0	2	0	0	0	1	0	-1	-1	1	0	0	0	0	-2	1	0	6	6	5	6	5	5	6	6	5	6	6	0	5	5	6	6	6	0	5	6	0.03	0.09
-1	-2	-1	-1	-3	0	-2	-1	1	0	2	-3	4	1	-1	0	-1	-3	-1	0	5	2	3	3	0	6	1	4	5	5	25	0	13	7	4	6	3	0	2	7	0.20	0.23
1	1	1	-2	-4	5	-1	-1	0	-2	-1	0	1	-3	-1	1	-1	-4	-2	-2	10	7	8	1	0	28	3	4	2	2	5	3	4	1	3	11	4	0	1	3	0.37	0.37
0	-1	0	1	-4	2	3	-1	1	-2	-2	-1	1	-4	2	0	0	-4	-1	-2	10	4	5	7	0	9	20	3	3	2	5	2	4	0	12	6	5	0	2	2	0.26	0.26
0	0	0	-2	-5	5	2	-1	0	-2	-3	-2	2	-2	2	-1	-2	-4	-2	-2	7	4	5	2	0	33	12	4	2	2	2	1	6	2	10	4	2	0	1	2	0.54	0.47
-1	-2	-2	-2	-4	0	-2	-3	-4	1	1	-2	6	1	-1	-1	-1	2	-1	0	6	2	2	2	0	5	3	2	0	7	15	1	27	6	3	4	4	3	1	5	0.45	0.38
0	4	0	-2	-4	2	-1	-1	1	-2	-1	-1	2	-2	-1	-1	0	0	-3	-2	9	25	5	2	0	12	3	5	4	2	5	2	6	2	3	4	7	1	0	2	0.29	0.30
1	2	2	-2	-4	4	-1	-1	0	-2	-2	-1	0	-3	2	1	0	0	-3	-3	10	10	9	1	0	22	3	3	2	2	5	2	2	1	9	9	7	1	0	1	0.32	0.34
0	0	0	0	-2	0	0	0	2	0	0	-1	1	1	1	0	0	-2	1	0	6	6	6	6	0	6	6	6	6	6	6	0	6	6	6	6	6	0	6	6	0.04	0.08
-1	-1	0	-1	-2	0	0	-1	-2	0	1	-1	2	1	0	1	0	-2	0	0	4	3	6	3	0	4	4	4	0	6	16	3	9	5	5	12	4	0	4	5	0.06	0.12
0	0	0	0	-4	2	-1	-1	-3	-2	-2	-1	0	-4	5	-1	-1	-4	-4	-2	9	5	4	5	0	8	3	4	0	2	4	3	3	0	37	4	4	0	0	3	0.66	0.41
0	-1	1	-1	-3	2	0	-1	1	-1	0	-1	1	1	0	1	0	-3	-1	-1	10	3	6	3	0	12	4	4	3	3	9	0	6	7	4	14	6	0	2	4	0.09	0.16
0	0	0	-1	-3	0	-1	-2	0	0	1	-1	2	3	1	0	-2	-2	0	0	6	5	6	3	0	5	4	2	3	3	13	3	9	17	6	8	1	0	1	5	0.12	0.17
0	0	-1	-1	-3	1	0	-1	1	-1	1	-1	3	-1	2	0	-1	-3	-2	0	6	5	3	2	0	8	6	4	5	3	20	2	9	2	9	6	3	0	0	5	0.11	0.16
-1	0	2	0	-4	5	1	-1	2	-1	-3	-1	0	-2	1	0	-1	-4	-1	-4	4	4	10	4	0	30	9	4	5	3	2	1	3	2	7	6	3	0	2	0	0.44	0.39
-1	-2	-2	-4	-3	2	-2	-2	0	1	2	-3	6	2	0	-2	0	0	-2	1	4	1	1	0	0	9	2	2	2	8	17	0	23	8	5	2	5	1	0	8	0.40	0.36
-1	1	0	-2	-3	2	0	-1	1	0	1	0	2	0	-1	0	-1	-3	0	-1	5	9	3	0	0	15	5	4	3	3	17	4	8	3	3	6	3	0	3	3	0.12	0.18
1	0	1	0	-3	1	0	-1	1	-1	-1	0	1	-3	2	1	0	-3	-3	-1	13	6	6	4	0	9	5	4	3	4	5	4	4	0	10	13	7	0	0	4	0.14	0.16
2	-1	-1	-3	-2	0	-1	-1	0	1	0	-2	3	1	0	0	0	-3	-2	0	24	3	3	0	0	4	3	4	2	8	10	0	12	6	4	4	5	0	0	7	0.16	0.22
-1	-1	0	-2	-3	0	-2	-2	-1	0	3	-2	6	1	-4	-1	0	-3	-2	-1	4	3	4	2	0	4	2	2	2	4	26	2	26	6	0	4	5	0	0	2	0.42	0.33
0	0	0	-1	-3	1	-1	0	-3	-3	-1	-2	2	-1	0	3	3	-4	-3	-3	8	5	4	2	0	7	3	6	0	0	4	0	7	3	5	25	18	0	0	0	0.30	0.30
-2	0	7	1	-5	0	-1	-2	-3	-5	-5	-1	-4	-2	-1	-1	0	-5	-4	-5	3	6	58	7	0	3	2	2	0	0	0	4	0	2	3	4	6	0	0	0	1.15	0.60
-2	-4	-4	-4	-5	-1	-4	-3	-4	-3	-5	-4	-1	-5	8	-2	-2	-5	-5	-3	3	0	0	0	0	3	1	2	0	2	1	1	2	0	78	2	3	0	0	2	2.16	0.83
0	3	0	1	-3	3	2	0	-2	-2	-2	0	0	-1	-1	0	-2	-3	-3	-2	6	16	4	8	0	17	14	7	0	1	3	5	2	3	3	5	1	0	0	3	0.27	0.22
3	-1	-1	-2	-2	-1	-2	-1	-1	-1	0	-2	2	2	0	-1	0	-3	-1	1	32	2	2	2	0	3	1	2	1	2	8	2	6	9	5	3	7	0	1	11	0.20	0.22
-1	-1	-2	-3	-3	-1	-3	-2	-3	1	2	-2	5	0	0	1	0	-3	-2	0	4	2	2	0	0	3	0	2	0	10	23	2	20	3	5	11	6	0	0	4	0.31	0.28
0	2	2	-1	-1	5	1	0	1	-3	-4	-1	0	-4	-1	0	-2	-4	-3	-3	6	13	9	2	1	38	6	6	3	2	1	2	2	0	3	4	2	0	0	1	0.60	0.42
3	-1	1	-1	-3	3	-1	0	-2	-3	-2	-1	2	-2	-1	1	-1	-3	-1	-1	35	3	7	2	0	15	2	6	0	0	2	2	7	2	2	8	3	0	1	3	0.32	0.31
-1	-3	-1	-1	-2	-1	-3	-2	-1	2	2	-3	4	1	0	-1	-1	1	0	1	4	0	2	3	0	2	1	3	2	11	24	1	17	6	6	3	2	2	3	8	0.24	0.22
-1	1	-2	0	-2	1	-1	0	-1	0	1	-1	4	0	0	0	0	-3	-2	-1	3	10	1	5	0	6	3	9	2	6	17	1	16	4	4	8	4	0	0	3	0.12	0.18
-1	0	1	-1	-4	6	0	-2	0	-4	-1	-1	-3	-4	-1	0	-1	-4	-3	-2	4	3	6	3	0	52	4	2	2	1	6	2	0	0	3	5	4	0	0	2	0.85	0.52
-1	-2	-1	-2	-2	0	-2	-2	-3	3	1	-2	4	1	1	-1	-1	-3	-2	0	5	1	4	2	0	6	1	3	0	24	9	1	17	7	7	6	2	0	0	5	0.28	0.25
-1	0	1	-1	-3	5	2	0	0	-2	-2	-1	0	-2	0	0	-1	-3	-3	-3	4	3	6	2	0	35	12	6	2	2	3	2	3	2	5	8	4	0	0	1	0.45	0.35
-1	1	1	-1	-3	4	0	0	1	-3	-2	0	0	-1	2	0	-1	-3	-3	-2	5	9	6	2	0	28	4	8	3	0	2	3	3	3	9	9	3	0	0	2	0.33	0.28
1	-1	1	-2	-3	0	-1	4	-3	-2	-2	-2	2	-2	-2	0	-1	-3	-3	-1	12	3	9	2	0	5	2	38	0	2	2	1	7	1	2	7	3	0	0	3	0.43	0.30
-1	0	-1	-3	-3	0	-3	-1	0	0	2	-2	5	2	1	-1	-1	-3	-2	-1	6	5	3	0	0	3	1	4	2	3	26	1	20	10	8	4	2	0	0	2	0.32	0.29
-1	1	2	0	-3	4	1	0	0	-3	-2	-1	1	-1	0	0	-1	-3	-2	-1	5	6	10	4	0	24	8	7	3	0	4	0	4	3	5	7	4	0	0	4	0.24	0.24
0	-1	0	-1	-2	2	0	0	0	0	-1	-1	1	-1	0	0	1	-3	-2	0	6	3	5	2	0	17	4	9	2	8	6	0	5	3	5	6	12	0	0	6	0.10	0.15
0	-2	0	-1	-2	0	-1	1	-2	0	2	-2	2	0	-1	0	0	-3	-2	0	7	0	6	3	0	5	4	12	0	4	30	1	7	3	3	6	4	0	0	4	0.13	0.17
1	2	0	-1	-3	2	-1	1	0	-3	-2	0	0	-2	0	2	0	-3	-2	-2	15	15	5	3	0	9	2	11	2	0	4	3	3	1	4	15	4	0	1	3	0.19	0.20
0	1	1	-1	-3	1	-1	0	-1	-1	-1	0	3	-1	1	0	2	-3	-2	-1	7	8	6	3	0	8	3	7	2	3	4	3	10	4	7	7	15	0	0	2	0.12	0.17
0	-2	2	0	-3	2	3	0	-2	-2	-2	-2	2	-4	0	1	0	-4	-3	-1	7	1	9	5	0	12	24	7	0	2	3	1	6	0	4	11	5	0	0	3	0.32	0.29
3	-1	1	-1	-3	0	-1	0	-2	-1	-2	-1	0	0	0	0	0	-3	0	0	33	2	9	3	0	4	2	7	0	3	2	2	3	5	4	5	4	0	4	6	0.22	0.24
0	-1	0	-3	-4	0	-1	0	-3	-2	-1	-3	0	-1	6	-1	-1	-4	0	-3	7	3	5	0	0	4	3	8	0	3	5	0	3	3	43	4	3	0	4	1	0.81	0.46
0	0	0	0	-3	1	1	2	1	-1	-1	0	1	0	0	0	0	-3	0	-1	6	5	6	4	0	9	8	16	3	3	4	3	4	4	5	6	6	0	3	4	0.09	0.11
0	0	0	0	-2	1	0	0	-1	0	0	-1	1	1	1	0	0	-2	1	0	6	6	6	6	0	6	6	6	0	6	6	0	6	6	6	6	6	0	6	6	0.04	0.08
0	0	0	-2	-3	0	-1	-1	0	1	2	-2	3	0	0	-1	0	-3	0	0	9	5	4	2	0	5	3	5	2	7	19	0	10	4	5	3	5	0	4	8	0.11	0.15
-1	-1	3	-2	-6	1	-2	-1	2	-6	-1	-2	2	-1	5	0	-1	-7	-6	-2	5	3	13	3	0	7	3	5	4	0	7	2	5	3	24	7	4	0	0	4	0.52	0.39
-2	-2	1	-5	1	2	-5	2	1	-2	-2	-1	2	1	0	0	0	4	-1	-1	3	3	6	0	3	8	0	17	3	2	4	4	6	5	5	8	7	6	2	5	0.28	0.26
0	-1	0	-1	1	0	0	0	0	-1	0	-1	3	2	0	-1	1	2	1	-1	8	3	4	3	3	5	6	7	3	4	7	3	8	10	5	4	9	3	4	4	0.11	0.12
-1	0	0	0	2	0	0	-1	2	0	-1	0	2	1	0	-1	0	3	1	-1	5	5	5	5	5	5	5	5	5	5	5	5	5	5	5	5	5	5	5	5	0.08	0.08
0	-3	0	-2	-5	1	-1	1	-2	-5	-3	-4	-2	-2	6	1	-1	-5	-5	-3	8	1	4	2	0	7	5	11	1	0	3	0	1	2	40	9	4	0	0	1	0.85	0.54
0	-1	0	-2	2	-1	-1	1	-1	-1	-1	-1	1	1	2	0	1	-3	1	-1	7	4	4	1	5	3	4	13	2	3	7	2	4	6	11	8	8	0	4	4	0.10	0.13
1	-1	0	-2	-3	2	-2	0	-3	-1	2	-3	2	0	2	0	0	-4	-3	0	11	3	5	2	0	9	2	9	0	2	22	1	6	3	9	6	5	0	0	5	0.19	0.22
1	-1	0	-1	-3	1	-1	2	1	-2	-1	-1	1	-2	1	0	0	5	-1	-2	12	4	4	3	0	8	3	15	3	2	6	4	4	1	6	7	5	8	2	3	0.20	0.20
1	-1	2	0	0	1	-2	3	-1	-4	-3	-1	-1	-2	1	1	0	-4	-2	-2	10	4	10	5	3	6	2	25	2	0	3	3	2	2	6	9	6	0	1	3	0.27	0.24
0	-1	0	-1	-1	1	-2	1	-3	-1	1	-1	1	-1	3	1	0	-4	-3	-1	6	4	4	4	1	7	2	9	0	3	18	3	3	3	13	10	7	0	0	3	0.15	0.18
1	0	0	-2	-4	0	-2	4	-4	-2	-1	-3	1	-1	1	0	0	-4	-1	-2	13	4	5	2	0	5	2	28	0	2	7	0	3	3	7	8	6	0	2	2	0.31	0.28
0	0	1	-1	-1	1	-2	1	-1	-2	-2	-1	2	-1	0	2	1	2	0	-2	8	6	8	4	1	8	2	9	2	3	4	2	5	2	4	18	7	3	3	2	0.15	0.20
0	-1	0	-2	-4	1	-2	0	-1	-2	0	-1	1	-1	4	0	0	0	-2	-1	7	3	6	2	0	7	2	9	2	2	11	2	4	2	20	6	7	1	2	5	0.23	0.23
0	-1	0	0	0	0	0	0	2	-1	-1	-1	1	-1	2	0	1	-3	0	-1	8	4	4	6	3	5	5	7	6	4	4	3	4	3	12	8	8	0	3	4	0.11	0.12
1	0	1	0	-3	0	-1	2	0	-1	-1	-1	1	0	1	0	0	-3	0	-1	12	4	7	4	0	5	4	18	3	4	4	3	4	4	7	6	5	0	3	3	0.11	0.14
1	-2	1	-1	-2	0	-1	3	-3	-2	-2	-3	0	-2	3	1	0	-4	-3	-3	13	1	6	3	1	4	3	21	0	2	4	0	2	2	17	12	7	0	1	1	0.36	0.31
1	-1	2	-1	-3	2	0	0	-1	-2	0	-1	1	-1	1	1	1	-4	-2	-2	11	3	10	2	0	10	5	8	1	1	9	1	4	3	8	11	8	0	1	2	0.15	0.20
1	-1	1	-2	1	2	1	2	-1	-2	-2	-2	1	-1	1	0	1	-4	-3	-2	11	3	6	2	3	13	8	18	1	2	3	0	3	3	6	7	9	0	0	2	0.23	0.25
1	-2	2	-2	-4	0	-2	1	0	-1	-2	-2	-1	-1	2	2	2	-4	-2	-2	10	2	9	1	0	4	1	9	2	3	5	2	2	3	11	21	11	0	1	3	0.26	0.28
0	1	0	-2	-4	0	-2	1	-2	-3	-1	-3	2	-1	4	0	1	-4	1	-2	9	8	5	1	0	4	2	10	1	0	5	0	6	3	19	8	11	0	4	2	0.31	0.30
1	-1	0	-1	-4	2	2	1	-3	-3	-2	-2	0	-1	3	1	1	-4	-2	-2	10	3	5	2	0	11	12	11	0	1	4	1	3	2	14	9	9	0	1	3	0.25	0.27
0	-1	2	2	-2	1	-1	1	-1	-2	-2	-1	0	-2	0	1	2	-4	-3	-2	9	3	11	11	1	6	3	12	1	2	4	3	3	2	6	12	12	0	0	1	0.20	0.22
0	-1	-1	-3	-4	1	-2	-1	-4	-3	-2	-2	2	-2	5	2	1	-5	-4	-2	9	4	3	1	0	7	2	5	0	2	4	1	6	2	27	15	10	0	0	2	0.51	0.43
1	-1	1	-2	-2	1	-1	1	-2	-1	-1	-1	0	1	0	0	1	-3	-1	0	14	2	7	2	1	8	3	14	1	3	7	2	2	6	4	6	11	0	2	7	0.11	0.16
1	-2	2	-1	-4	2	-1	1	-1	-1	-1	-3	2	-1	2	1	1	-4	-3	-2	13	2	9	3	0	9	2	9	2	3	6	0	5	3	11	10	9	0	0	3	0.21	0.25
1	0	1	-3	-4	0	-2	1	-1	-4	-1	-2	0	-1	3	2	1	3	-2	-2	12	4	8	1	0	4	2	11	1	0	5	1	2	3	14	15	9	4	1	3	0.26	0.28
1	-2	2	0	-2	2	1	0	0	-3	-1	-2	0	-1	1	1	1	-1	-2	-2	10	2	11	5	1	10	9	8	2	1	5	0	2	2	7	11	11	1	1	2	0.18	0.23
0	-1	1	1	-4	1	-1	2	-1	-3	-1	-2	0	-1	1	1	1	2	-2	-2	8	2	8	7	0	8	3	17	2	1	6	0	3	2	7	10	9	3	1	3	0.19	0.22
0	-2	1	0	-4	-1	-2	1	1	-3	-2	-2	1	-1	4	1	1	0	-4	-3	8	2	6	4	0	3	2	11	3	1	4	2	3	3	22	10	11	1	0	2	0.35	0.33
0	0	1	-1	-1	1	-1	1	-1	-1	0	-2	1	0	1	1	1	-3	-1	0	6	4	7	3	1	6	3	11	1	3	8	1	4	5	9	11	9	0	1	8	0.08	0.13
1	-1	0	-2	-1	2	0	1	-1	-4	-2	-3	1	-1	3	1	0	-1	-4	-2	13	4	4	2	1	10	5	12	1	0	4	0	4	2	18	9	6	1	0	2	0.30	0.32
0	-1	2	1	-4	1	0	1	0	-1	-2	-1	2	-1	0	1	1	0	-1	-2	8	3	13	7	0	8	4	11	2	3	3	3	5	2	5	8	9	1	2	2	0.15	0.18
0	-1	1	-1	-4	2	-1	0	-3	-1	-1	-3	2	0	4	0	0	-5	-4	-1	8	4	8	3	0	10	4	8	0	3	5	0	5	4	22	7	5	0	0	4	0.33	0.30
1	-1	0	-1	0	1	-1	0	0	-1	-1	-1	0	0	2	1	0	1	-1	-1	15	3	6	2	2	9	3	8	2	4	4	2	3	4	11	9	6	2	2	3	0.12	0.15
0	-1	0	-1	-3	1	0	0	0	-2	-1	-1	2	-1	3	0	0	-4	-1	-2	9	3	5	3	0	6	6	9	2	2	5	4	7	3	16	8	7	0	2	2	0.17	0.18
0	-1	1	0	-4	2	0	1	0	-2	-2	-3	2	-1	2	0	1	-4	0	-1	8	3	7	4	0	8	6	10	3	2	3	0	6	3	12	6	10	0	4	3	0.18	0.22
0	-1	0	-1	0	1	-1	1	-3	-1	-1	-1	2	0	0	0	1	1	0	0	8	3	4	3	2	9	4	12	0	3	6	2	7	3	6	8	8	2	4	7	0.08	0.14
0	-2	1	-1	0	0	0	1	0	-1	-1	-1	2	1	1	1	0	1	0	-2	8	2	7	4	2	5	5	12	2	2	5	2	8	6	6	11	5	2	3	3	0.09	0.14
0	-1	1	-2	-4	2	-2	1	1	-3	-2	-2	0	-3	5	0	0	-5	-4	-2	7	3	7	2	0	10	2	12	3	1	5	2	3	1	26	7	5	0	0	3	0.45	0.38
0	-1	1	-1	-3	1	0	1	-1	-2	-1	-1	0	-1	2	1	1	0	-3	-1	10	2	9	3	0	9	6	9	1	2	6	2	3	3	12	9	9	2	0	3	0.15	0.18
0	-1	0	-1	-3	2	-1	0	-1	-1	0	-1	2	0	2	0	0	-1	0	-1	8	2	4	4	0	12	3	9	1	3	9	3	6	3	10	9	6	1	3	4	0.10	0.15
1	-1	2	-1	-3	1	-1	2	0	-2	-1	-2	1	-1	1	1	0	-4	-2	-2	12	3	9	4	0	8	2	16	2	2	6	2	5	3	8	10	5	0	1	2	0.17	0.20
0	-1	1	0	-3	1	-1	2	-1	-2	0	-1	1	-1	1	1	0	-3	-1	-2	9	3	6	4	0	8	4	16	1	2	8	2	5	3	7	10	7	0	2	2	0.12	0.16
0	0	0	0	-2	0	0	0	1	0	-1	0	1	0	1	0	0	-2	1	0	6	6	5	6	0	5	6	6	5	6	6	6	5	5	6	6	6	0	5	6	0.03	0.06
1	-1	1	0	-3	1	1	1	-1	-2	-2	-2	0	0	2	0	0	-1	-2	-1	10	2	8	5	0	7	12	13	1	2	3	0	4	5	10	7	4	1	1	3	0.16	0.19
0	-1	-1	-1	0	0	-1	0	-3	-1	0	-2	1	1	2	1	1	-3	-1	-1	8	2	3	2	2	5	3	9	0	2	12	1	5	6	13	11	9	0	1	4	0.13	0.17
0	-2	1	-1	1	1	-1	3	-3	-2	-1	-2	2	-2	1	0	-1	-4	-1	-2	8	2	6	4	3	9	3	29	0	2	5	2	6	2	8	5	4	0	2	2	0.28	0.27
0	-1	0	-2	-1	1	-2	1	2	-2	0	-2	2	2	2	0	-1	-3	0	-1	6	2	4	1	1	8	2	13	6	2	10	0	7	12	9	6	3	0	3	3	0.15	0.21
0	-1	1	-1	-3	2	-1	0	1	-1	0	-1	2	1	2	-1	-1	-3	-1	-1	8	2	6	4	0	13	2	8	5	4	10	3	7	8	10	4	3	0	1	3	0.12	0.18
1	-1	1	0	-1	2	-2	1	-1	-3	-1	-2	1	-2	3	2	0	-4	-2	-2	9	2	6	5	1	12	0	10	1	0	5	1	5	2	13	18	5	0	1	3	0.26	0.29
0	-1	1	-1	0	1	-1	1	-1	-1	0	-2	1	-2	4	0	0	-1	-3	-2	8	3	7	3	2	8	4	12	1	3	9	0	4	2	21	5	5	1	0	2	0.26	0.25
1	-2	0	-1	-3	0	-1	0	-3	-1	0	-2	2	2	2	0	0	0	0	-1	14	2	6	3	0	4	2	9	0	2	12	0	7	10	12	6	5	1	2	3	0.14	0.19
0	-1	-1	-1	-3	0	-1	1	-1	1	0	-2	3	3	0	-1	-1	0	0	0	7	2	4	3	0	4	3	11	1	7	10	0	10	15	4	5	2	1	3	8	0.12	0.16
0	-1	-1	-2	-3	2	-1	1	0	-1	1	-1	1	-1	1	0	-1	-1	-3	-1	9	2	3	2	0	13	3	13	2	2	18	2	4	2	8	7	4	1	0	4	0.15	0.20
1	0	1	-2	-2	5	-1	1	0	-3	-2	-1	1	-1	0	0	-1	-1	-2	-2	12	5	6	2	1	27	4	10	2	1	4	2	4	3	4	6	4	1	1	2	0.32	0.33
0	1	-1	-2	1	0	-2	0	-1	0	0	-1	5	0	0	-1	0	-3	-3	-1	7	8	2	1	3	4	1	9	2	4	10	3	21	5	5	5	6	0	0	3	0.24	0.26
0	0	0	0	-2	0	0	0	1	0	-1	0	1	0	1	0	0	-2	1	0	6	6	5	6	0	5	6	6	5	6	6	6	5	5	6	6	6	0	5	6	0.03	0.06
0	0	1	0	-3	2	0	1	1	-1	-1	-1	0	0	1	0	0	-3	0	-1	8	4	7	3	0	14	5	11	5	4	5	3	3	4	8	6	4	0	3	4	0.10	0.15
2	-2	0	0	-1	2	-2	2	-1	-2	-2	-2	1	-1	1	1	0	-4	-1	-2	19	2	4	5	1	9	0	18	1	2	3	0	5	2	6	14	4	0	2	2	0.23	0.26
0	-1	-1	-3	-1	0	-2	1	-1	0	1	-1	2	-1	1	0	0	-3	-1	0	8	3	3	0	1	4	0	12	1	5	20	2	8	2	9	8	5	0	2	5	0.12	0.16
2	-1	0	-1	-2	0	-1	1	-2	-1	-1	-2	0	0	2	1	0	1	-2	-1	19	4	4	3	0	5	3	12	0	3	7	0	4	5	10	10	5	2	0	4	0.13	0.15
1	0	1	-1	-3	1	-1	2	-2	-1	-1	-1	0	-1	1	1	0	-3	-1	-1	12	4	8	3	0	6	3	17	0	2	4	0	2	2	8	16	6	0	2	5	0.15	0.17
0	-1	1	0	-2	1	0	0	2	0	0	0	1	-2	1	0	0	-3	-2	0	7	0	7	7	0	7	7	7	6	7	7	7	6	0	7	7	7	0	0	7	0.07	0.10
0	-1	2	-1	1	1	-1	1	-2	-1	-1	-2	-1	-1	3	1	0	-4	0	-1	9	3	14	2	4	6	2	10	0	2	6	0	2	2	16	9	5	0	3	4	0.22	0.22
0	-1	1	0	-3	0	-1	1	0	-2	-2	-2	0	-1	3	2	0	1	-3	-1	9	4	7	5	0	5	3	10	3	2	3	0	2	2	18	15	5	2	0	3	0.25	0.22
0	-3	1	2	-4	3	0	0	2	-1	-1	-2	1	-4	2	1	0	-4	-3	-1	7	0	7	10	0	14	5	6	6	4	5	0	4	0	10	14	4	0	0	4	0.24	0.25
0	0	0	0	-2	0	0	0	1	0	-1	0	1	0	1	0	0	-2	1	0	6	6	5	6	0	5	6	6	5	6	6	6	5	5	6	6	6	0	5	6	0.03	0.06
0	0	-1	-2	-2	1	0	0	2	0	0	0	1	0	1	0	0	-2	-1	0	7	7	0	0	0	7	7	7	6	7	7	7	6	6	7	7	7	0	0	7	0.05	0.09
0	0	1	0	-2	1	0	0	2	0	0	-1	1	0	1	0	0	-3	-1	0	6	6	6	6	0	6	6	6	6	6	6	0	6	6	6	6	6	0	0	6	0.04	0.09
0	-2	1	1	-2	1	0	0	-1	0	0	-1	-1	-1	1	0	0	-2	1	0	8	0	7	8	0	7	8	8	0	8	8	0	0	0	8	8	8	0	7	8	0.07	0.09
0	1	-1	1	-2	1	1	0	2	-1	-1	1	1	-2	1	0	0	-3	-2	0	7	7	0	7	0	7	7	7	7	0	7	7	7	0	7	7	7	0	0	7	0.09	0.11
0	1	1	1	-2	1	0	0	-1	0	0	0	1	-2	-2	0	0	-3	-2	0	7	7	7	7	0	7	7	7	0	7	7	7	7	0	0	7	7	0	0	7	0.06	0.08
-1	3	0	-1	1	1	0	0	2	0	-1	1	0	-1	-1	-2	-1	-3	-2	0	4	22	3	3	3	5	5	7	7	4	5	7	3	3	3	0	4	0	0	10	0.15	0.18
-2	-1	1	-2	-2	-1	-1	-2	3	-1	0	1	-1	2	-2	-1	-1	5	3	0	1	1	12	1	0	0	1	1	11	1	12	12	0	12	1	1	1	11	11	12	0.23	0.11
1	1	0	-1	-3	3	1	-1	1	-2	0	0	-2	-3	0	1	0	-3	-2	-1	13	9	4	1	0	20	9	4	3	1	9	4	0	0	3	14	4	0	0	3	0.21	0.16
0	0	0	0	-2	2	0	-1	0	-1	-1	0	-1	-1	2	1	1	-2	0	1	4	4	4	4	0	11	7	3	3	1	3	4	0	3	9	13	7	0	5	14	0.12	0.11
0	-2	-2	-2	-4	7	2	0	-2	-4	-4	-1	-3	-4	1	-2	-3	-4	-4	-4	6	1	0	1	0	60	13	6	0	1	1	1	0	0	7	1	1	0	0	1	1.20	0.51
1	-2	-1	-2	-1	-1	-2	1	-2	1	1	-1	2	-1	-2	1	0	-2	-1	1	13	1	1	1	0	1	1	13	0	13	14	1	13	0	1	13	1	0	0	13	0.10	0.05
-1	0	1	2	-3	2	3	-1	-1	-2	-2	0	-2	-3	0	0	0	-3	-2	-1	5	6	8	11	0	13	23	4	0	1	5	4	0	0	4	7	4	0	0	4	0.25	0.13
-1	0	-1	-2	0	6	0	-3	2	-1	-1	0	0	-1	-3	0	-1	-3	0	-2	4	3	2	0	2	45	3	1	5	4	8	2	2	2	0	8	3	0	2	3	0.56	0.35
-3	-3	-4	-5	-3	-1	-4	-5	-4	-1	5	-4	4	-2	-4	-4	-3	-3	-3	-1	1	0	0	0	0	4	0	1	0	0	76	0	14	0	0	1	0	0	0	0	1.15	0.34
0	2	3	-1	0	3	1	-2	2	-2	-3	1	0	-3	-2	0	-1	-3	-1	-1	6	16	16	0	3	19	7	2	5	2	1	7	3	0	0	5	3	0	2	4	0.30	0.14
3	-2	0	3	-1	1	3	-1	-2	-3	-4	-2	-1	-4	-3	1	0	-4	-3	-2	31	0	3	17	1	6	22	3	0	0	0	0	1	0	0	10	4	0	0	2	0.46	0.21
-4	-5	-5	-6	-5	-4	-5	-6	-5	0	0	-5	10	-3	0	-5	-4	-5	-4	-2	0	0	0	0	0	0	0	0	0	4	6	0	85	0	5	0	0	0	0	0	2.44	0.62
-3	-5	-3	-4	-5	-5	-5	7	-5	-7	-7	-4	-6	-6	-5	-3	-4	-5	-6	-6	0	0	0	0	0	0	0	100	0	0	0	0	0	0	0	0	0	0	0	0	2.35	0.53
-5	-5	-6	-6	-5	-6	-6	-6	0	0	0	-6	-2	8	-6	-5	-5	-2	2	-1	0	0	0	0	0	0	0	0	2	5	7	0	0	77	0	0	0	0	4	5	1.92	0.51
-1	0	-1	-2	-2	0	-1	-2	-1	0	1	-2	1	2	-1	0	2	0	1	0	4	6	1	1	0	5	3	2	1	5	13	0	5	12	2	6	20	1	6	6	0.13	0.11
-4	-4	6	6	-6	-3	0	-4	-3	-6	-6	-3	-5	-6	-4	-1	-3	-7	-5	-6	0	0	44	50	0	0	5	0	0	0	0	0	0	0	0	2	0	0	0	0	1.69	0.50
-1	3	-1	0	-4	0	2	-2	3	-3	-3	0	1	2	1	-1	0	-3	-1	-2	5	23	2	6	0	4	13	1	8	0	0	5	5	10	6	3	7	0	1	1	0.27	0.16
0	-1	0	3	-4	3	4	-3	0	-4	-4	0	-2	-4	-3	0	-1	-4	-3	-2	9	2	3	18	0	19	31	0	2	0	0	3	1	0	0	6	2	0	0	3	0.60	0.25
4	2	-2	-1	-3	1	1	-2	-1	-2	-1	1	-1	-3	-3	0	-1	-4	-3	0	41	12	1	2	0	5	9	0	1	0	6	8	1	0	0	6	2	0	0	6	0.35	0.20
-3	-3	8	-2	2	0	-3	-3	-1	-4	-5	-3	-2	-5	-5	-1	-1	-6	-5	-2	1	0	78	0	5	5	0	0	1	1	0	0	1	0	0	2	2	0	0	3	1.74	0.52
-3	-4	-5	-5	-3	-4	-4	-5	-4	4	4	-3	0	-2	-4	-4	-3	-3	1	2	0	0	0	0	0	0	0	0	0	28	48	1	0	0	0	0	0	0	5	15	0.85	0.29
0	4	-1	-2	0	5	1	-3	-2	-4	-3	1	-3	-5	-3	-1	-2	-4	-3	-4	9	30	1	1	2	37	7	0	0	0	1	5	0	0	0	3	2	0	0	0	0.83	0.33
6	-4	-4	-4	-3	-3	-2	-2	-4	-2	-4	-3	-3	-4	-3	-1	-1	-5	-2	-2	90	0	0	0	0	0	1	0	0	2	0	0	0	0	0	0	2	0	1	2	1.48	0.46
-4	-5	-6	-6	-4	-5	-5	-6	-5	1	6	-5	0	-2	-5	-5	-4	-4	-4	-2	0	0	0	0	0	0	0	0	0	5	95	0	0	0	0	0	0	0	0	0	1.65	0.46
-1	2	-2	-3	-3	3	0	-3	-2	3	1	0	1	-3	-2	-1	1	-4	-3	0	4	15	1	0	0	16	4	1	0	24	10	4	5	0	1	1	11	0	0	3	0.27	0.17
4	2	-3	-1	-3	1	0	-2	-3	-2	-2	-1	1	-2	-3	0	-1	-4	-2	-1	52	15	0	2	0	6	5	0	0	1	3	1	4	1	0	3	3	0	1	2	0.51	0.26
2	-3	-2	-3	1	-3	-3	-2	-4	-3	-4	-3	-3	-4	-3	3	6	-5	-4	-1	16	0	0	0	3	0	0	1	0	0	0	0	0	0	0	20	56	0	0	3	1.01	0.38
-1	-2	2	1	-4	0	0	5	2	-4	-4	-1	-2	1	-3	-1	-2	-4	-3	-4	3	1	12	9	0	3	5	46	6	0	1	2	1	7	0	3	0	0	0	0	0.62	0.21
-2	-2	-3	-4	-5	-4	-5	7	-5	-6	-6	-4	-5	-6	-5	-3	-4	-5	-6	-6	0	2	0	0	0	0	0	98	0	0	0	0	0	0	0	0	0	0	0	0	2.20	0.50
-3	-2	5	6	-5	-2	-1	-3	-2	-5	-5	-3	-5	-3	-4	1	-2	-6	-5	-5	0	1	35	48	0	0	2	0	0	0	0	0	0	1	0	13	0	0	0	0	1.30	0.37
-2	-4	-5	-5	-3	-4	-4	-5	-5	4	1	-4	-1	-2	-4	-2	0	-5	-3	5	0	0	0	0	0	0	0	0	0	29	9	0	0	0	0	2	6	0	0	54	0.95	0.31
-2	-2	5	1	-3	3	2	-3	4	-4	-4	-2	-3	-4	-3	0	-2	-5	-2	-3	1	0	35	8	1	19	12	0	12	0	0	0	0	0	1	8	1	0	1	2	0.76	0.28
5	0	-2	-2	-3	-2	-2	2	-1	-3	-2	-2	0	-2	-3	0	0	-4	-2	-2	58	5	1	1	0	0	2	14	1	1	2	0	2	2	0	4	5	0	1	1	0.58	0.25
6	-4	-4	-4	-3	-3	-3	-2	-4	-4	-4	-3	-4	-5	-3	-1	-1	-5	-4	-3	96	0	0	0	0	0	0	0	0	0	0	0	0	0	0	1	3	0	0	0	1.66	0.48
-2	-5	-5	-5	-3	-4	-5	-5	-5	5	1	-4	0	-2	-5	-4	-2	-4	-3	4	1	0	0	0	0	0	0	0	0	50	13	0	1	0	0	0	1	0	0	34	1.06	0.31
-2	-1	0	4	-5	0	5	-2	0	-5	-4	-1	-4	-5	-3	-1	-1	-5	-4	-4	1	2	4	23	0	3	54	1	2	0	1	2	0	0	0	3	3	0	0	0	0.97	0.31
-1	5	-2	-3	-4	-1	-2	-4	2	1	0	2	-1	0	-4	-2	-3	1	3	-2	4	43	1	0	0	1	1	0	5	9	8	11	1	2	0	1	0	2	12	0	0.60	0.24
-4	-4	-6	-6	-3	-4	-5	-6	-5	1	6	-5	2	-2	-5	-5	-3	-4	-3	-1	0	0	0	0	0	0	0	0	0	7	90	0	3	0	0	0	0	0	0	0	1.43	0.39
-2	-1	-4	-5	-3	-2	-2	-5	-4	-1	5	0	2	-1	-4	-3	-1	-4	-3	-1	2	4	0	0	0	1	3	0	0	0	75	7	4	1	0	0	3	0	0	0	0.85	0.29
-2	2	4	-1	-4	3	1	2	-1	-4	-4	1	-3	-4	-3	0	-1	-4	-3	-4	1	14	29	0	0	17	11	14	0	0	0	6	0	0	0	7	0	0	0	0	0.55	0.19
2	-2	3	-1	-2	-1	-1	-1	-2	-3	-4	-1	-3	-4	-2	5	0	-4	-3	-3	17	0	21	0	0	0	0	0	0	0	0	0	0	0	0	63	0	0	0	0	0.74	0.21
