-1	-2	-3	-4	-1	-1	-2	-3	-2	1	3	-2	5	0	-3	-2	-1	-2	-1	1	0	0	0	0	0	0	0	0	0	0	38	0	62	0	0	0	0	0	0	0	0.35	inf
3	-1	0	-1	-1	0	0	0	-1	-2	-2	0	-1	-2	-1	3	1	-3	-2	-1	38	0	0	0	0	0	0	0	0	0	0	0	0	0	0	62	0	0	0	0	0.36	inf
-2	-2	-3	-3	-2	-2	-3	-4	1	2	0	-2	0	2	-3	-2	-1	1	6	0	0	0	0	0	0	0	0	0	0	30	0	0	0	0	0	0	0	0	70	0	0.55	inf
-1	-2	-2	-2	-3	-2	-1	2	-2	-3	-3	-1	-3	-4	7	-1	-1	-4	-3	-3	0	0	0	0	0	0	0	25	0	0	0	0	0	0	75	0	0	0	0	0	1.46	inf
3	-2	-2	-2	-1	-1	-2	2	-2	0	-1	-1	-1	-2	-2	0	0	-3	-2	1	54	0	0	0	0	0	0	21	0	0	0	0	0	0	0	0	0	0	0	25	0.25	inf
-2	-1	1	5	-4	3	2	-2	-1	-3	-3	0	-2	-4	-2	0	-1	-4	-3	-3	0	0	0	62	0	25	13	0	0	0	0	0	0	0	0	0	0	0	0	0	0.67	inf
-1	-1	3	4	-3	0	2	-1	0	-3	-3	0	-2	-3	-1	0	-1	-3	-2	-3	1	1	26	45	0	1	18	1	0	1	1	1	0	0	1	1	1	0	0	1	0.51	inf
-2	-2	-2	-3	-2	-1	-2	-3	2	-1	-1	-2	-1	3	-2	-2	-2	2	7	-1	1	1	1	1	0	1	1	1	0	1	1	1	0	0	1	1	1	0	88	1	0.74	inf
-1	0	0	3	-3	3	3	2	0	-3	-3	0	-2	-4	-2	0	-1	-3	-2	-3	0	0	0	18	0	25	37	21	0	0	0	0	0	0	0	0	0	0	0	0	0.45	inf
0	-1	2	0	-2	0	1	2	-1	-3	-3	0	-2	-3	4	2	0	-3	-3	-3	0	0	21	0	0	0	13	18	0	0	0	0	0	0	25	24	0	0	0	0	0.48	inf
-1	-1	2	2	-3	0	3	1	-1	-1	0	0	-1	-2	-2	0	-1	-3	-2	-2	0	0	15	11	0	0	35	15	0	0	23	0	0	0	0	0	0	0	0	0	0.21	inf
2	-2	0	2	-1	-1	0	2	-2	-1	-2	-1	-1	-3	-1	2	0	-3	-2	0	36	0	0	15	0	0	0	15	0	0	0	0	0	0	0	23	0	0	0	11	0.22	inf
2	-1	1	0	-2	0	3	2	-1	-3	-3	0	-2	-3	-1	0	-1	-3	-2	-2	36	0	11	0	0	0	38	15	0	0	0	0	0	0	0	0	0	0	0	0	0.31	inf
-1	-2	-1	-2	-2	-1	-2	2	1	-2	-1	-2	-1	2	-2	-1	-1	1	6	-2	1	1	1	1	0	1	1	24	0	1	1	1	0	1	1	1	1	0	62	1	0.47	inf
-2	-1	1	6	-3	0	1	-1	-1	-3	-3	-1	-3	-3	-1	0	-1	-3	-3	-3	1	1	1	86	0	1	1	1	0	1	1	1	0	1	1	1	1	0	0	1	0.75	inf
-1	-1	-1	1	-3	1	4	-2	-1	-3	-2	0	-2	-3	5	0	-1	-3	-2	-2	1	1	1	1	0	1	54	1	0	1	1	1	0	1	33	1	1	0	0	1	0.68	inf
-2	-2	-2	-3	-2	-1	-2	-3	1	-1	-1	-2	-1	3	-2	-2	-1	2	7	-1	1	1	1	1	0	1	1	1	0	1	1	1	0	1	1	1	1	0	85	1	0.72	inf
2	2	-1	-2	-2	0	-1	3	-1	-3	-2	0	-2	-3	-2	1	-1	-3	-2	-2	36	23	0	0	0	0	0	30	0	0	0	0	0	0	0	11	0	0	0	0	0.33	inf
-1	2	-1	-2	-2	-1	-1	-2	1	-2	-1	0	-1	2	-2	-1	-1	1	6	-1	1	24	1	1	0	1	1	1	0	1	1	1	0	1	1	1	1	0	62	1	0.47	inf
-1	-1	-1	-1	-2	0	1	-2	-1	-1	1	-1	0	-1	5	-1	-1	-2	-1	-1	2	2	1	2	1	1	17	2	1	2	26	2	1	1	33	2	2	0	1	2	0.40	inf
0	0	2	2	-2	2	1	-1	0	-2	-2	0	-1	-2	-1	2	0	-2	-1	-2	2	2	12	17	1	24	2	2	1	2	3	2	1	1	2	23	2	0	1	2	0.22	inf
-1	0	1	4	-2	2	1	-1	0	-2	-2	0	-1	-2	-1	0	-1	-2	-2	-2	2	2	1	49	1	24	2	2	1	2	3	2	1	1	2	2	2	0	1	2	0.38	inf
-1	-1	-2	-2	-2	-1	-1	-2	1	0	1	-1	0	2	-2	-1	-1	1	5	0	2	2	1	2	1	1	2	2	1	2	26	2	1	1	2	2	2	0	48	2	0.28	inf
0	-1	1	4	-2	1	3	-1	-1	-2	-2	0	-2	-2	-1	1	0	-2	-2	-2	2	2	1	34	1	1	25	2	1	2	3	2	1	1	2	17	2	0	1	2	0.31	inf
-1	0	-1	-1	-2	2	0	1	0	-1	0	0	2	0	-1	0	-1	-1	2	-1	2	2	1	2	1	24	2	17	1	2	3	2	22	1	2	2	2	0	12	2	0.10	inf
-2	-1	0	-1	-3	0	1	-3	8	-3	-3	-1	-2	-1	-2	-1	-2	-2	3	-3	0	0	0	0	0	0	10	0	78	0	0	0	0	0	0	0	0	0	12	0	0.81	inf
1	-1	-1	-1	-1	1	-1	-1	-2	-1	-1	-1	1	-2	-1	1	4	-3	-2	0	18	0	0	0	0	12	0	0	0	0	0	0	10	0	0	0	60	0	0	0	0.29	inf
0	-2	-1	-2	-3	-2	-2	6	-1	-3	-3	-2	-3	-1	-3	-1	-2	-1	3	-3	0	0	0	0	0	0	0	82	0	0	0	0	0	0	0	0	0	0	18	0	0.82	inf
1	-2	1	5	-3	-1	1	-1	-1	-2	-2	-1	1	-3	-2	0	-1	-4	-3	-2	18	0	0	71	0	0	0	0	0	0	0	0	10	0	0	0	0	0	0	0	0.57	inf
-1	-2	-2	-1	-3	2	-1	1	-2	-3	-3	-1	-2	-4	7	-1	-1	-4	-3	-3	0	0	0	0	0	18	0	12	0	0	0	0	0	0	70	0	0	0	0	0	1.32	inf
0	1	0	2	-3	3	2	-1	0	-3	-2	2	-1	-3	-1	0	-1	-2	-2	-2	10	1	0	12	0	28	17	1	0	1	1	25	0	0	1	1	1	0	0	1	0.33	inf
0	2	0	1	-2	2	1	-2	-1	-1	0	0	0	-2	-2	0	1	-3	-2	-1	8	17	0	12	0	16	10	0	0	0	18	0	0	0	0	0	18	0	0	0	0.15	inf
1	-2	1	5	-3	-1	1	-1	-1	-3	-3	-1	-3	-3	-1	1	-1	-4	-3	-2	18	0	0	70	0	0	0	0	0	0	0	0	0	0	0	12	0	0	0	0	0.62	inf
-1	-2	-3	-3	-2	-2	-3	0	-3	1	3	-2	4	0	-3	-2	-1	-2	-1	1	0	0	0	0	0	0	0	10	0	0	41	0	37	0	0	0	0	0	0	12	0.27	inf
3	-1	-1	-1	-1	0	1	1	-2	-2	-1	-1	1	-2	-1	1	-1	-3	-2	-1	60	0	0	0	0	0	18	12	0	0	0	0	10	0	0	0	0	0	0	0	0.26	inf
-2	-1	-2	-2	-2	2	-1	-3	1	-2	-1	-1	-1	2	-2	-1	-1	1	6	-1	1	1	1	1	0	19	1	1	0	1	1	1	0	0	1	1	1	0	70	1	0.58	inf
-1	0	0	2	-3	2	5	-2	0	-3	-3	0	-2	-3	-1	0	-1	-3	-2	-2	1	1	1	11	0	0	79	1	0	1	1	1	0	0	1	1	1	0	0	1	0.62	inf
-1	5	0	-1	-3	3	0	-2	0	-3	-2	2	-1	-3	-2	-1	-1	-2	-2	-2	1	71	1	1	0	19	1	1	0	1	1	1	0	0	1	1	1	0	0	1	0.57	inf
-1	0	2	1	-2	3	3	-1	0	-2	-2	1	-1	-2	-1	0	-1	-2	-2	-2	2	1	19	1	0	25	36	2	0	1	2	1	0	1	1	2	1	0	1	1	0.36	inf
-1	-1	-1	-2	-2	-1	-1	-2	4	-1	0	-1	2	2	-2	-1	-1	1	5	-1	2	1	1	1	0	1	1	2	17	1	2	1	19	1	1	2	1	0	44	1	0.32	inf
-1	-1	0	3	-3	1	3	-2	0	-2	-2	0	-2	0	-1	0	-1	-1	3	-2	2	1	1	18	0	1	44	2	0	1	2	1	0	1	1	2	1	0	19	1	0.32	inf
1	0	0	-1	-1	4	1	-1	0	-2	-1	0	-1	-2	-1	0	1	-2	-1	-1	20	1	1	1	0	44	1	2	0	1	2	1	0	1	1	2	18	0	1	1	0.25	inf
1	0	0	-1	-1	3	0	-1	-1	-1	-1	0	2	-2	-1	1	0	-2	-1	-1	20	1	1	1	0	25	1	2	0	1	2	1	17	1	1	20	1	0	1	1	0.15	inf
0	2	0	-1	-2	-1	-1	1	-2	-1	-1	0	-1	-2	-2	2	2	-3	-2	1	0	18	0	0	0	0	0	10	0	0	0	0	0	0	0	28	24	0	0	18	0.18	inf
-1	-2	-1	2	-2	-1	-1	-2	0	-1	1	-1	0	2	-2	-1	-1	1	5	-1	1	1	1	18	0	1	1	1	0	1	20	1	0	1	1	1	1	0	47	1	0.29	inf
-1	0	2	0	-3	2	3	-2	2	-2	-2	0	-1	1	-1	0	-1	-2	0	-2	1	1	12	1	0	17	36	1	9	1	2	1	0	11	1	1	1	0	1	1	0.26	inf
1	-2	-2	-2	-1	-2	-2	-2	-2	1	1	-2	0	-1	2	-1	0	-2	-1	3	16	1	1	1	0	1	1	1	0	1	17	1	0	1	10	1	1	0	1	46	0.16	inf
-1	-2	-3	-3	-1	-2	-3	-3	-3	4	1	-2	3	0	-2	-2	-1	-2	-1	3	1	0	0	0	0	0	1	1	0	44	1	0	21	0	0	1	0	0	0	27	0.30	inf
-1	-2	-2	-2	-3	-2	-1	-3	2	-3	-3	-1	-3	-4	8	-1	-2	-4	-3	-3	0	0	0	0	0	0	0	0	8	0	0	0	0	0	92	0	0	0	0	0	1.96	inf
-1	0	0	2	-3	3	5	-2	-1	-3	-3	0	-2	-3	-1	0	1	-3	-2	-2	0	0	0	12	0	14	61	0	0	0	0	0	0	0	0	0	13	0	0	0	0.57	inf
-1	-1	2	4	-3	0	2	-2	-1	0	-2	-1	-1	-3	-2	-1	-1	-4	-2	1	0	0	14	33	0	0	23	0	0	0	0	0	0	0	0	0	0	0	0	31	0.30	inf
-1	-3	-3	-4	-1	-3	-3	-4	-4	3	1	-3	1	-1	-3	-2	0	-3	-2	4	0	0	0	0	0	0	0	0	0	26	0	0	0	0	0	0	0	0	0	74	0.44	inf
1	2	-1	-1	-3	2	1	-2	-1	-3	-3	5	-1	-3	-1	0	-1	-3	-2	-2	12	0	0	0	0	14	0	0	0	0	0	73	0	0	0	0	0	0	0	0	0.49	inf
-2	3	4	2	-3	2	0	-2	0	-3	-3	1	-2	-1	-2	0	-1	-2	2	-3	0	21	33	13	0	12	0	0	0	0	0	8	0	0	0	0	0	0	14	0	0.35	inf
-3	-3	-3	-4	-3	-3	-3	-4	0	-1	0	-3	-1	6	-4	-3	-2	1	5	-1	0	0	0	0	0	0	0	0	0	0	0	0	0	73	0	0	0	0	27	0	0.86	inf
-2	-3	-4	-4	-2	-3	-3	-4	-3	3	4	-3	2	0	-3	-3	-1	-2	-1	1	0	0	0	0	0	0	0	0	0	33	67	0	0	0	0	0	0	0	0	0	0.46	inf
-1	2	-1	-2	-2	3	0	-3	2	1	0	0	2	-2	-2	-1	-1	-3	-1	1	0	14	0	0	0	31	0	0	8	19	0	0	14	0	0	0	0	0	0	13	0.18	inf
-1	-2	1	-2	-2	-1	-2	-2	1	-1	-1	-2	2	3	-3	1	-1	1	6	-1	0	0	14	0	0	0	0	0	0	0	0	0	13	8	0	14	0	0	51	0	0.42	inf
-3	-3	-4	-4	-3	-4	-4	-4	-2	-1	0	-4	0	7	-4	-3	-3	1	3	-1	0	0	0	0	0	0	0	0	0	0	0	0	0	100	0	0	0	0	0	0	1.00	inf
-2	-1	2	-1	5	0	-1	-2	7	-3	-3	1	-2	-2	-3	-1	-1	-3	0	-3	0	0	14	0	21	0	0	0	52	0	0	12	0	0	0	0	0	0	0	0	0.59	inf
-1	3	0	-1	-3	4	1	-2	0	-3	-3	3	-1	-3	-2	0	0	-3	-2	-2	0	25	0	0	0	35	0	0	0	0	0	33	0	0	0	0	8	0	0	0	0.49	inf
3	-2	-1	-2	4	-1	-1	-1	-2	0	-1	-1	2	-2	-1	0	2	-2	-2	0	42	0	0	0	13	0	1	1	0	0	1	0	13	0	0	1	19	0	0	8	0.20	inf
-1	-3	-3	-3	-1	-2	-3	-3	-3	4	2	-3	1	0	-3	-2	-1	-2	-1	3	1	0	0	0	0	0	1	1	0	61	13	0	0	0	0	1	0	0	0	19	0.34	inf
0	0	0	2	-2	2	1	-1	-1	-2	-2	2	-1	-2	-1	2	0	-2	-2	-2	2	1	1	13	0	15	1	2	0	1	2	22	0	1	1	32	1	0	1	1	0.23	inf
-1	-1	0	4	-3	1	4	-1	-1	-3	-3	0	-2	-3	-1	0	-1	-3	-2	-2	2	1	1	40	0	1	42	2	0	1	2	1	0	1	1	2	1	0	1	1	0.51	inf
0	0	0	0	-1	0	0	1	-1	0	1	0	0	0	0	0	0	0	0	0	6	4	3	4	1	3	5	13	2	4	25	4	2	3	4	5	4	1	2	5	0.01	inf
0	0	-1	0	-1	0	0	-1	-1	1	0	0	0	0	0	0	0	-1	0	1	6	4	3	4	1	3	5	5	2	22	7	4	2	3	4	5	4	1	2	12	0.01	inf
0	0	0	2	-1	0	1	0	0	-1	-1	0	-1	-1	0	0	0	0	0	-1	6	4	4	23	2	3	5	6	2	4	7	5	2	3	4	6	5	1	3	5	0.07	inf
0	0	0	0	-1	2	1	0	0	-1	-1	0	0	-1	0	0	0	0	0	-1	6	4	4	4	2	22	5	6	2	4	7	5	2	3	4	6	5	1	3	5	0.06	inf
0	1	0	0	-1	0	0	0	0	-1	-1	2	0	-1	0	0	0	0	0	-1	6	4	4	4	2	3	5	6	2	4	7	23	2	3	4	6	5	1	3	5	0.05	inf
0	0	0	0	0	0	0	0	-1	1	0	0	0	0	0	0	0	0	0	1	6	4	4	4	2	3	5	6	2	4	7	5	2	3	4	6	5	1	3	23	0.01	inf
0	0	0	0	-1	0	0	0	0	0	0	0	0	1	0	0	0	1	3	0	6	4	4	4	2	3	5	6	2	4	7	5	2	3	4	6	5	1	21	5	0.05	inf
0	0	0	0	-1	1	2	0	0	-1	-1	0	0	-1	0	0	0	0	0	-1	6	4	4	4	2	3	23	6	2	4	7	5	2	3	4	6	5	1	3	5	0.07	inf
0	0	0	0	-1	0	0	0	0	0	1	0	0	0	0	0	0	0	0	0	6	4	4	4	2	3	5	6	2	4	26	5	2	3	4	6	5	1	3	5	0.01	inf
0	0	0	0	-1	2	1	0	0	-1	-1	0	0	-1	0	0	0	0	0	-1	6	4	4	4	2	22	5	6	2	4	7	5	2	3	4	6	5	1	3	5	0.06	inf
1	0	0	0	0	0	0	0	0	0	0	0	0	-1	0	0	0	0	0	0	25	4	4	4	2	3	5	6	2	4	7	5	2	3	4	6	5	1	3	5	0.04	inf
0	0	1	0	-1	0	0	0	0	-1	-1	0	0	-1	0	1	0	0	0	0	6	4	10	4	2	3	5	6	2	4	7	5	2	3	4	18	5	1	3	5	0.05	inf
0	2	0	0	-1	0	0	0	0	-1	-1	1	0	-1	0	0	0	0	0	-1	6	22	4	4	2	3	5	6	2	4	7	5	2	3	4	6	5	1	3	5	0.06	inf
0	0	0	0	0	0	0	0	-1	1	0	0	0	0	0	0	0	0	0	1	6	4	4	4	2	3	5	6	2	4	7	5	2	3	4	6	5	1	3	23	0.01	inf
0	0	0	0	0	0	0	0	0	-1	-1	0	0	-1	0	2	0	0	0	0	6	4	3	4	1	3	5	6	2	4	7	4	2	3	4	28	5	1	3	5	0.06	inf
0	0	0	0	-1	0	0	0	0	-1	-1	0	-1	-1	0	2	1	-1	-1	-1	5	4	3	4	1	3	4	5	2	4	6	4	2	3	4	35	4	1	2	5	0.09	inf
0	1	0	1	-1	0	1	-1	2	-1	-1	0	-1	-1	0	0	0	-1	0	0	5	13	3	13	1	3	9	5	8	3	6	4	1	2	3	5	4	1	2	10	0.05	inf
0	-1	-1	-1	-1	0	0	-1	-1	1	0	0	1	0	0	0	0	-1	-1	1	5	3	3	3	1	3	4	5	1	9	6	4	11	2	3	10	4	1	2	21	0.01	inf
-1	-1	-1	-1	-1	-1	-1	-1	-1	2	2	0	1	0	-1	-1	0	-1	-1	1	4	3	2	3	1	2	3	4	1	27	24	8	1	2	3	4	3	1	2	3	0.04	inf
-1	0	1	3	-2	1	3	-1	0	-1	-1	0	-1	-1	0	0	0	-1	-1	-1	4	3	8	22	1	2	28	4	1	3	5	3	1	2	3	4	3	1	2	3	0.20	inf
-1	0	3	0	-3	3	1	2	0	-3	-3	2	-2	-3	-2	0	-1	-3	-2	-3	0	0	25	0	0	31	9	17	0	0	0	14	0	0	0	0	0	0	0	0	0.37	inf
0	0	4	2	-2	0	0	-1	-1	-2	-3	1	-2	-3	-1	2	1	-3	-2	-1	0	0	31	13	0	0	0	0	0	0	0	15	0	0	0	26	6	0	0	6	0.30	inf
-1	-3	-4	-4	-1	-3	-3	-4	-3	2	3	-3	1	-1	-3	-2	-1	-3	-1	4	0	0	0	0	0	0	0	0	0	4	40	0	0	0	0	0	0	0	0	55	0.40	inf
-2	-1	-2	-2	-3	1	-1	-3	0	-2	-2	1	-1	1	3	-2	-2	0	6	0	0	0	0	0	0	9	0	0	0	0	0	13	0	0	20	0	0	0	51	8	0.54	inf
-1	-1	0	3	-4	1	5	-2	-1	-3	-3	0	-2	-4	-2	0	1	-4	-3	-3	0	0	0	19	0	0	70	0	0	0	0	0	0	0	0	0	11	0	0	0	0.69	inf
-2	-3	-4	-4	-2	-3	-4	-4	-4	5	2	-3	1	0	-3	-3	-1	-3	-2	2	0	0	0	0	0	0	0	0	0	89	11	0	0	0	0	0	0	0	0	0	0.57	inf
-1	0	0	-1	-3	4	2	-2	4	-2	-1	0	-1	-2	-2	1	1	-3	-1	-2	0	0	0	0	0	40	13	0	19	0	9	0	0	0	0	9	11	0	0	0	0.36	inf
-1	-1	4	2	-3	0	1	1	-1	-3	-3	0	-2	-3	-2	2	1	-4	-3	-3	0	0	37	13	0	0	13	11	0	0	0	0	0	0	0	17	9	0	0	0	0.40	inf
0	-2	-2	-3	3	-2	-2	-3	3	2	2	-2	3	-1	-3	-2	-1	-2	-1	1	9	0	0	0	11	0	0	0	13	15	27	0	21	0	0	0	0	0	0	4	0.21	inf
-2	-2	-3	-4	-3	-2	-3	-4	1	-2	-2	-3	-2	3	-4	-2	-2	2	8	-2	0	0	0	0	0	0	0	0	0	0	0	0	0	0	0	0	0	0	100	0	1.29	inf
-1	-1	-1	2	-4	1	6	-3	-1	-4	-4	0	-3	-4	-2	-1	-1	-4	-3	-3	0	0	0	9	0	0	91	0	0	0	0	0	0	0	0	0	0	0	0	0	0.90	inf
-1	-1	5	2	-3	1	0	1	2	-3	-3	-1	-2	-2	-2	1	-1	-2	2	-3	0	0	44	12	0	8	0	8	7	0	0	0	0	0	0	10	0	0	11	0	0.41	inf
1	-1	0	-1	-2	-1	-1	2	-2	-2	-3	1	-2	-3	-1	3	2	-3	-2	-2	8	0	0	0	0	0	0	22	0	0	0	11	0	0	0	33	26	0	0	0	0.33	inf
-3	-3	-4	-5	-3	-3	-4	-4	-2	-2	-1	-4	-1	6	-4	-3	-3	9	2	-2	0	0	0	0	0	0	0	0	0	0	0	0	0	60	0	0	0	40	0	0	1.41	inf
-1	1	3	-1	-3	-1	-1	1	-1	-3	-3	-1	-2	1	5	0	0	-3	-1	-2	0	11	27	0	0	0	0	10	0	0	0	0	0	12	33	0	8	0	0	0	0.52	inf
-1	3	0	2	-4	2	1	-2	-1	-3	-3	4	-2	-4	-2	-1	-1	-3	-2	-3	0	19	0	15	0	9	0	0	0	0	0	57	0	0	0	0	0	0	0	0	0.53	inf
-1	-2	-2	-3	-2	-2	-3	-3	-3	2	4	-2	1	0	-3	0	1	-2	-2	1	0	0	0	0	0	0	0	0	0	9	68	0	0	0	0	12	11	0	0	0	0.33	inf
0	-2	-1	-2	4	-1	-1	-2	-2	-1	-2	-1	-1	-3	-2	2	5	-3	-2	-1	0	0	0	0	12	0	0	0	0	0	0	0	0	0	0	18	70	0	0	0	0.55	inf
-2	-1	0	5	-4	2	4	-2	-1	-4	-4	0	-3	-4	-2	-1	-1	-4	-3	-3	0	0	0	47	0	10	43	0	0	0	0	0	0	0	0	0	0	0	0	0	0.77	inf
0	4	0	-1	-3	3	0	-2	2	-3	-2	2	-1	-3	-2	0	1	-3	-1	-2	10	32	0	0	0	20	0	0	9	0	0	17	0	0	0	0	12	0	0	0	0.37	inf
-2	-2	-2	-3	-3	-2	-2	-3	5	-2	-1	-2	-1	5	-4	-2	-2	1	5	-2	0	0	0	0	0	0	0	0	27	0	0	0	0	37	0	0	0	0	36	0	0.76	inf
-3	-3	-3	-4	-3	-3	-3	-4	0	-1	-1	-3	-1	6	-4	-3	-3	1	6	-2	0	0	0	0	0	0	0	0	0	0	0	0	0	61	0	0	0	0	39	0	0.97	inf
0	2	1	1	-3	1	1	-2	-1	-2	-1	3	-1	-3	2	0	-1	-3	-2	-2	8	8	6	9	0	7	9	0	0	0	10	32	0	0	12	0	0	0	0	0	0.27	inf
-2	1	3	3	-3	1	0	-2	3	-3	-3	2	-2	-3	-2	0	0	-4	-2	-3	0	8	27	19	0	7	0	0	12	0	0	23	0	0	0	0	4	0	0	0	0.39	inf
0	2	1	-1	4	0	-1	-1	-1	-2	-3	1	-2	-3	-2	3	2	-3	-2	-2	0	15	10	0	12	0	0	0	0	0	0	9	0	0	0	41	13	0	0	0	0.31	inf
2	1	-1	-1	-2	0	2	-2	2	-2	-1	0	1	-2	3	0	-1	-3	-2	-1	25	11	0	0	0	0	17	0	10	0	7	0	8	0	17	5	0	0	0	0	0.25	inf
-3	-4	-5	-5	-3	-3	-4	-4	-3	-3	0	-4	-2	0	-5	-4	-3	12	1	-3	0	0	0	0	0	0	0	0	0	0	12	0	0	0	0	0	0	88	0	0	2.48	inf
-1	-3	-3	-2	-4	-2	-2	-3	-3	-4	-4	-2	-3	-4	8	-1	-2	-5	-4	-3	0	0	0	0	0	0	0	0	0	0	0	0	0	0	100	0	0	0	0	0	2.30	inf
-1	-1	1	2	-3	1	4	-2	3	-3	-3	0	-2	-3	-2	1	1	-3	-2	-3	0	0	7	12	0	0	50	0	10	0	0	0	0	0	0	9	12	0	0	0	0.47	inf
2	-2	-2	-1	-2	0	3	-2	-2	0	-2	-1	-1	-3	4	0	-1	-3	-2	-1	34	0	0	0	0	0	33	0	0	12	0	0	0	0	21	0	0	0	0	0	0.40	inf
-1	0	1	1	-3	3	5	-2	-1	-2	-3	0	-2	-3	-2	0	0	-3	-2	-1	0	0	8	0	0	16	62	0	0	0	0	0	0	0	0	0	5	0	0	10	0.53	inf
2	-1	1	-1	-2	0	1	-1	-1	-1	0	-1	-1	0	-2	0	1	-3	-1	0	40	0	12	0	0	0	18	0	0	0	10	0	0	6	0	0	8	0	0	8	0.14	inf
-1	-3	-3	-4	-1	-3	-3	-4	-3	4	2	-3	3	-1	-3	-2	-1	-3	-2	3	0	0	0	0	0	0	0	0	0	34	12	0	11	0	0	0	0	0	0	43	0.40	inf
3	-2	-2	-1	-2	-1	1	1	-2	0	-1	-1	-1	1	-2	0	-1	-2	-1	0	53	0	0	0	0	0	15	9	0	12	0	0	0	11	0	0	0	0	0	0	0.20	inf
0	0	1	-1	-3	-1	1	-2	2	-3	-3	-1	-3	-4	6	0	-1	-4	-2	-3	5	8	7	0	0	0	11	0	9	0	0	0	0	0	57	4	0	0	0	0	1.02	inf
-2	-2	-3	-3	-2	2	-2	-4	-2	3	3	-2	1	0	-3	-2	-1	-2	-2	1	0	0	0	0	0	19	0	0	0	32	50	0	0	0	0	0	0	0	0	0	0.32	inf
-1	-3	-3	-3	-2	-2	0	-4	-3	2	1	-2	0	-1	-3	-2	-1	-3	-2	4	0	0	0	0	0	0	11	0	0	8	12	0	0	0	0	0	0	0	0	69	0.34	inf
0	-1	1	2	-3	-1	0	5	-2	-4	-4	0	-3	-4	-2	0	-1	-3	-3	-3	0	0	8	13	0	0	5	59	0	0	0	10	0	0	0	6	0	0	0	0	0.61	inf
-2	-1	5	4	-3	1	0	1	0	-4	-4	-1	-3	-4	-2	0	-1	-4	-3	-3	0	0	48	27	0	11	0	13	0	0	0	0	0	0	0	0	0	0	0	0	0.60	inf
-2	-2	2	6	-4	-1	1	-2	-1	-4	-4	-1	-4	-4	-2	0	-1	-5	-4	-4	0	0	8	85	0	0	0	0	0	0	0	0	0	0	0	7	0	0	0	0	1.00	inf
1	3	0	-1	-3	3	0	-2	-1	-3	-3	2	-1	-3	2	1	0	-3	-2	-2	12	19	4	0	0	23	0	0	0	0	0	17	0	0	10	15	0	0	0	0	0.35	inf
-1	-2	-3	-3	-2	-2	-3	-4	-2	2	1	-1	1	2	-3	-2	-1	-1	2	3	0	0	0	0	0	0	0	0	0	7	16	8	0	12	0	0	0	0	11	45	0.24	inf
-3	-4	-4	-4	-3	-4	-4	-4	-2	-1	0	-4	-1	7	-4	-3	-3	0	3	-1	0	0	0	0	0	0	0	0	0	0	0	0	0	100	0	0	0	0	0	0	1.17	inf
-1	-3	-4	-4	-1	-2	-3	-4	-3	3	3	-3	3	0	-3	-3	-1	-2	-1	2	0	0	0	0	0	0	0	0	0	15	53	0	9	0	0	0	0	0	0	23	0.41	inf
-1	-2	-2	-3	-2	-2	-2	-3	-2	3	1	-2	0	0	-3	0	2	-2	1	1	0	0	0	0	0	0	0	0	0	50	12	0	0	0	0	11	17	0	10	0	0.23	inf
-2	-3	-4	-4	-2	-3	-3	-4	-3	1	5	-3	2	2	-4	-3	-2	-2	-1	0	0	0	0	0	0	0	0	0	0	0	90	0	0	10	0	0	0	0	0	0	0.59	inf
-3	-2	-3	-4	-3	-2	-3	-4	1	-2	-2	-3	-2	3	-4	-2	-2	2	8	-2	0	0	0	0	0	0	0	0	0	0	0	0	0	0	0	0	0	0	100	0	1.37	inf
-1	3	-1	-1	-3	1	0	-2	-1	-3	-3	4	-2	-4	2	1	-1	-4	-2	-3	0	17	0	0	0	0	0	0	0	0	0	62	0	0	11	10	0	0	0	0	0.55	inf
-1	-1	-1	1	-4	1	6	-3	-1	-4	-4	0	-3	-4	-2	-1	-1	-4	-3	-3	0	0	0	0	0	0	100	0	0	0	0	0	0	0	0	0	0	0	0	0	1.02	inf
-2	-3	-4	-4	-2	-3	-3	-4	-3	2	4	-3	2	0	-3	-3	-2	-2	-2	1	0	0	0	0	0	0	0	0	0	12	88	0	0	0	0	0	0	0	0	0	0.59	inf
-3	-3	-3	-4	-3	-2	-3	-4	1	-2	-2	-3	-2	2	-4	-2	-2	5	8	-2	0	0	0	0	0	0	0	0	0	0	0	0	0	0	0	0	0	8	92	0	1.31	inf
-3	-3	-3	-4	-3	-2	-3	-4	1	-2	-1	-3	-1	4	-4	-2	-2	2	8	-2	0	0	0	0	0	0	0	0	0	0	0	0	0	17	0	0	0	0	83	0	1.16	inf
-2	7	-1	-2	-4	1	-1	-3	-1	-4	-3	2	-2	-4	-3	-1	-2	-3	-2	-3	0	100	0	0	0	0	0	0	0	0	0	0	0	0	0	0	0	0	0	0	1.10	inf
-2	-1	0	1	-4	1	0	-3	8	-4	-3	-1	-2	-1	-3	-1	-2	-2	3	-3	0	0	0	11	0	8	0	0	69	0	0	0	0	0	0	0	0	0	12	0	0.90	inf
-1	-3	-3	-4	-2	-3	-3	-4	-2	3	2	-3	1	0	-3	-2	-1	-2	2	3	0	0	0	0	0	0	0	0	0	26	26	0	0	0	0	0	0	0	12	36	0.34	inf
-2	-2	-2	-3	-3	-2	-2	-4	5	-2	-2	-2	-2	2	-4	-2	-2	1	8	-2	0	0	0	0	0	0	0	0	18	0	0	0	0	0	0	0	0	0	82	0	1.12	inf
4	-2	0	-2	-1	-1	-1	-1	-1	-2	-2	-1	-1	-1	-1	1	1	-2	2	-1	68	0	6	0	0	0	0	0	0	0	0	0	0	0	0	8	7	0	11	0	0.35	inf
-2	5	-1	-2	-4	1	0	-3	-1	-2	0	3	-1	-3	-2	-1	-1	-3	-2	-2	0	61	0	0	0	0	0	0	0	0	12	27	0	0	0	0	0	0	0	0	0.61	inf
-1	-2	0	-2	-1	-2	-2	-3	-2	2	2	-2	2	-1	-3	0	0	-3	-2	2	0	0	8	0	0	0	0	0	0	18	32	0	7	0	0	11	0	0	0	23	0.20	inf
1	0	0	-1	-2	3	0	-1	-1	-2	-2	1	-1	-3	2	2	1	-2	-2	-2	9	1	1	1	0	26	1	1	0	1	1	6	0	0	10	31	10	0	0	1	0.30	inf
-1	2	1	-1	-2	0	-1	3	-1	-2	-1	0	-1	1	-1	0	-1	-1	0	-2	3	17	13	2	1	1	2	27	1	2	3	6	1	13	2	2	2	0	1	2	0.15	inf
0	-1	0	-1	-2	1	-1	4	-1	-2	-2	-1	-1	-2	-1	0	1	-2	-2	-2	3	2	1	2	1	13	2	47	1	2	3	2	1	1	2	2	13	0	1	2	0.33	inf
-2	-3	1	-2	-4	-2	-2	-3	-2	-4	-4	-2	-3	-4	8	-1	-2	-4	-4	-3	0	0	11	0	0	0	0	0	0	0	0	0	0	0	89	0	0	0	0	0	1.94	inf
0	-1	2	1	-2	-1	-1	-1	-2	-2	-1	0	-1	-3	-2	2	4	-3	-2	-1	0	0	10	6	0	0	0	4	0	0	6	8	0	0	0	19	47	0	0	0	0.30	inf
-1	-3	-3	-4	-2	-3	-3	-1	-3	2	3	-3	1	0	1	-2	-1	-3	-2	2	0	0	0	0	0	0	0	6	0	18	56	0	0	0	7	0	0	0	0	14	0.33	inf
0	-1	1	3	-3	1	4	-2	-1	-2	-1	0	-2	-3	-2	-1	-1	-4	-3	-1	6	0	10	18	0	0	53	0	0	0	7	0	0	0	0	0	0	0	0	6	0.45	inf
-1	-1	0	3	-3	3	1	-2	3	-2	-2	0	-1	-3	-2	0	2	-3	-1	0	0	0	0	23	0	27	7	0	12	0	0	0	0	0	0	0	22	0	0	9	0.33	inf
-2	6	-1	-2	3	0	-1	-3	-1	-3	-3	3	-2	-3	-3	-1	-2	-3	-2	-3	0	69	0	0	10	0	0	0	0	0	0	21	0	0	0	0	0	0	0	0	0.76	inf
-2	-3	-3	-4	-3	-3	-3	-4	2	1	1	-3	0	6	-4	-3	-2	0	3	1	0	0	0	0	0	0	0	0	9	7	7	0	0	60	0	0	0	0	6	10	0.58	inf
2	-1	2	1	-3	2	3	-1	2	-3	-3	0	-2	-3	-2	0	-1	-3	-2	-2	24	0	14	6	0	11	36	0	6	0	0	0	0	0	0	3	0	0	0	0	0.37	inf
1	-1	0	-1	-2	-1	-1	-1	-2	-3	-3	-1	-2	-3	-1	5	1	-4	-2	-2	0	0	0	0	0	0	0	0	0	0	0	0	0	0	0	100	0	0	0	0	0.76	inf
-3	-3	-3	-4	-3	-2	-3	-4	1	-2	-1	-3	-1	4	-4	-3	-2	5	7	-2	0	0	0	0	0	0	0	0	0	0	0	0	0	20	0	0	0	10	70	0	1.13	inf
-2	-1	0	4	-3	2	1	-2	0	-2	-2	-1	0	1	-2	0	-1	-1	3	-2	0	0	0	36	0	16	8	0	0	0	0	0	6	7	0	7	0	0	20	0	0.36	inf
-2	-1	7	1	-3	0	-1	-1	3	-4	-4	-1	-3	-4	-3	0	-1	-4	-2	-4	0	0	85	0	0	3	0	0	9	0	0	0	0	0	0	3	0	0	0	0	0.93	inf
-3	-3	-3	-4	-3	-2	-3	-4	1	0	-1	-3	-1	2	-4	-3	-2	1	8	-1	0	0	0	0	0	0	0	0	0	8	0	0	0	0	0	0	0	0	92	0	1.23	inf
-1	-3	-3	-4	9	1	-3	-3	-2	0	-2	-3	-2	-2	-3	-2	-2	-2	2	-1	0	0	0	0	68	12	0	0	0	9	0	0	0	0	0	0	0	0	10	0	1.04	inf
-1	-1	3	3	-3	2	3	-1	0	-3	-3	0	-2	-4	-2	1	0	-4	-3	-3	3	0	25	17	0	10	30	0	0	0	0	0	0	0	0	15	0	0	0	0	0.47	inf
-2	-3	-4	-4	-2	-3	-4	-4	-3	2	4	-3	1	3	-4	-3	-2	-1	0	0	0	0	0	0	0	0	0	0	0	10	71	0	0	20	0	0	0	0	0	0	0.51	inf
-3	-4	-4	-4	-3	-4	-4	-4	-2	1	0	-4	0	7	-4	-3	-3	0	2	-1	0	0	0	0	0	0	0	0	0	9	0	0	0	91	0	0	0	0	0	0	1.05	inf
-2	-1	5	0	2	0	-1	-1	6	-4	-4	-1	-3	-3	-3	0	-1	-4	-1	-3	0	0	57	0	6	0	0	0	31	0	0	0	0	0	0	6	0	0	0	0	0.72	inf
-2	-2	-2	-2	-3	-1	1	-3	1	-1	0	-2	2	3	-3	-1	0	0	6	-1	0	0	0	0	0	0	12	0	3	0	7	0	9	14	0	0	10	0	43	0	0.42	inf
-2	-3	-4	-4	-2	-3	-4	-4	-3	4	2	-3	1	2	-3	-3	-1	-2	-1	2	0	0	0	0	0	0	0	0	0	55	24	0	0	9	0	0	0	0	0	12	0.43	inf
-2	-3	-4	-4	-2	-3	-3	-4	-3	2	4	-3	2	0	-3	-3	-2	-2	-2	1	0	0	0	0	0	0	0	0	0	7	83	0	0	0	0	0	0	0	0	9	0.57	inf
-1	-1	5	0	-3	0	1	-1	0	-3	-3	-1	-2	-3	1	2	1	-4	-3	-3	0	0	54	0	0	0	9	0	0	0	0	0	0	0	7	23	6	0	0	0	0.55	inf
2	-2	-1	-1	-1	-1	-1	-1	-2	-3	-3	-1	-2	-3	3	4	1	-3	-2	-2	22	0	0	0	0	0	0	0	0	0	0	0	0	0	16	58	4	0	0	0	0.51	inf
-2	-1	2	5	-4	1	3	-2	-1	-4	-4	1	-3	-4	0	0	-1	-4	-3	-3	0	0	10	47	0	4	23	0	0	0	0	13	0	0	4	0	0	0	0	0	0.62	inf
1	-1	1	1	-3	-1	1	4	-2	-4	-4	0	-3	-3	-2	1	-1	-3	-3	-3	9	0	7	6	0	0	11	50	0	0	0	6	0	0	0	10	0	0	0	0	0.49	inf
-2	-3	-3	-2	-4	-2	-2	-3	-3	-4	-4	-2	-3	-5	8	-2	-2	-5	-4	-3	0	0	0	0	0	0	0	0	0	0	0	0	0	0	100	0	0	0	0	0	2.34	inf
0	-3	0	-3	-1	-2	-3	-3	-3	2	1	-2	0	-1	-3	-2	-1	-3	-2	4	9	0	10	0	0	0	0	0	0	6	16	0	0	0	0	0	0	0	0	60	0.28	inf
-1	-2	0	4	-3	2	1	-2	-2	-3	-3	-1	0	-4	4	0	-1	-4	-3	-3	0	0	0	44	0	12	3	0	0	0	0	0	7	0	28	6	0	0	0	0	0.68	inf
-2	-3	-4	-4	-2	-3	-3	-4	-3	1	5	-3	2	0	-3	-3	-2	-2	-2	1	0	0	0	0	0	0	0	0	0	0	90	0	0	0	0	0	0	0	0	10	0.61	inf
-1	-1	0	2	-4	2	5	-2	-1	-4	-3	0	-2	-4	-2	0	0	-4	-3	-3	0	0	0	8	0	6	75	0	0	0	0	0	0	0	0	6	4	0	0	0	0.74	inf
-2	-3	-4	-4	-2	-3	-3	-4	-3	1	4	-3	1	0	2	-3	-2	-2	-2	1	0	0	0	0	0	0	0	0	0	0	79	0	0	0	12	0	0	0	0	9	0.51	inf
-2	-3	-3	-2	-4	-2	-2	-3	-3	-4	-4	-2	-3	-5	8	-2	-2	-5	-4	-3	0	0	0	0	0	0	0	0	0	0	0	0	0	0	100	0	0	0	0	0	2.34	inf
0	-1	5	2	-2	-1	0	-1	-1	-1	-3	-1	-2	-3	-2	1	1	-4	-2	-2	6	0	48	14	0	0	0	0	0	8	0	0	0	0	0	15	10	0	0	0	0.42	inf
0	-1	-1	-2	-2	3	0	-2	0	1	-1	1	-1	0	-2	0	-1	-1	3	1	10	0	0	0	0	27	0	0	0	14	0	9	0	0	0	7	0	0	21	12	0.17	inf
-4	-4	-5	-5	-3	-3	-4	-4	-3	-4	-3	-4	-2	0	-5	-4	-4	12	1	-4	0	0	0	0	0	0	0	0	0	0	0	0	0	0	0	0	0	100	0	0	3.12	inf
2	-2	-3	-4	-1	-2	-3	-3	-3	1	4	-2	1	0	-3	-1	-1	-2	-2	0	27	0	0	0	0	0	0	0	0	0	73	0	0	0	0	0	0	0	0	0	0.40	inf
-4	-4	-5	-5	-3	-3	-4	-4	-3	-4	-3	-4	-2	0	-5	-4	-4	12	1	-4	0	0	0	0	0	0	0	0	0	0	0	0	0	0	0	0	0	100	0	0	3.12	inf
-2	-2	1	6	-4	0	2	0	-2	-4	-4	-1	-4	-4	-2	-1	-2	-5	-4	-4	0	0	0	79	0	0	14	7	0	0	0	0	0	0	0	0	0	0	0	0	0.98	inf
-1	-3	-3	-4	-2	-2	-3	-4	-3	4	2	-3	3	0	-3	-2	-1	-3	-2	3	0	0	0	0	0	0	0	0	0	38	24	0	18	0	0	0	0	0	0	21	0.40	inf
-1	-3	-4	-4	-2	-3	-4	-4	-4	5	2	-3	1	-1	-3	-3	-1	-3	-2	3	0	0	0	0	0	0	0	0	0	68	8	0	0	0	0	0	0	0	0	24	0.53	inf
-3	-2	1	7	-4	-1	1	-2	-2	-4	-5	-1	-4	-4	-2	-1	-2	-5	-4	-4	0	0	0	100	0	0	0	0	0	0	0	0	0	0	0	0	0	0	0	0	1.31	inf
-2	-1	-1	1	-5	1	6	-3	-1	-4	-4	0	-3	-4	-2	-1	-2	-4	-3	-3	0	0	0	0	0	0	100	0	0	0	0	0	0	0	0	0	0	0	0	0	1.07	inf
-3	-4	-4	-4	-3	-4	-4	-4	-2	-1	0	-4	-1	8	-5	-3	-3	0	3	-2	0	0	0	0	0	0	0	0	0	0	0	0	0	100	0	0	0	0	0	0	1.25	inf
-1	-3	-4	-4	-1	-3	-3	-4	-4	4	2	-3	1	-1	-3	-3	-1	-3	-2	4	0	0	0	0	0	0	0	0	0	46	9	0	0	0	0	0	0	0	0	44	0.48	inf
-3	-3	-3	-4	-3	-2	-3	-4	1	-2	-2	-3	-2	2	-4	-3	-2	2	8	-2	0	0	0	0	0	0	0	0	0	0	0	0	0	0	0	0	0	0	100	0	1.45	inf
-2	0	-1	-1	-4	7	1	-3	0	-4	-3	1	-1	-4	-2	-1	-1	-3	-2	-3	0	0	0	0	0	100	0	0	0	0	0	0	0	0	0	0	0	0	0	0	1.13	inf
-3	-3	-3	-4	-3	-3	-3	-3	-1	-1	0	-3	-1	7	-4	-3	-2	1	4	-1	0	0	0	0	0	0	0	0	0	0	1	0	0	78	0	0	0	0	17	0	0.93	inf
-1	0	3	0	-3	5	1	-2	3	-3	-3	0	-1	-3	-2	0	1	-3	-1	-2	0	0	22	0	0	49	6	0	10	0	1	0	0	0	0	0	9	0	0	0	0.49	inf
1	-1	2	1	-2	-1	0	-1	-1	-3	-3	-1	-2	-3	1	3	2	-3	-2	-2	11	0	14	9	0	0	0	0	0	0	0	0	0	0	6	47	13	0	0	0	0.37	inf
-3	-4	-4	-4	-3	-4	-4	-4	-2	-1	0	-4	-1	7	-4	-3	-3	0	3	-2	0	0	0	0	0	0	0	0	0	0	0	0	0	93	0	0	0	0	7	0	1.16	inf
2	-2	-1	-2	6	-1	-2	-1	-2	-1	-2	-1	-1	-2	-2	2	0	-3	-2	0	24	0	0	0	27	0	0	0	0	0	1	0	0	0	0	33	0	0	0	10	0.38	inf
-1	1	-1	-1	-2	3	0	-2	2	0	0	1	0	-2	-2	1	0	-2	-1	-1	1	6	0	0	0	33	0	0	8	10	13	10	0	0	0	12	3	0	0	0	0.19	inf
-3	-3	-3	-4	-3	-3	-3	-4	0	-2	-1	-3	-1	4	-4	-3	-3	7	7	-2	0	0	0	0	0	0	0	0	0	0	0	0	0	24	0	0	0	20	56	0	1.16	inf
-2	6	-1	-2	-4	1	0	-3	-1	-3	-2	3	1	-3	-2	-1	-2	-3	-2	-3	0	71	0	0	0	0	0	0	0	0	0	22	7	0	0	0	0	0	0	0	0.78	inf
2	-1	2	-1	3	0	-1	-1	-1	-1	0	-1	0	-2	-2	2	1	-3	-2	-1	32	0	14	0	9	3	0	0	0	0	10	0	3	0	0	22	7	0	0	0	0.20	inf
-1	4	2	-1	-3	1	0	-2	-1	-3	-3	4	-2	-3	-2	0	-1	-3	-2	-3	0	41	12	0	0	0	0	0	0	0	0	38	0	0	0	8	0	0	0	0	0.56	inf
-1	-2	-2	-2	-2	-1	0	-3	-2	1	1	-2	0	-1	4	-1	1	-3	-2	2	1	1	0	1	0	0	7	1	0	9	19	1	0	0	21	1	9	0	0	27	0.27	inf
2	-1	0	1	-1	0	0	1	-1	-2	-2	1	-1	-3	-1	1	1	-3	-2	-1	37	1	0	10	0	5	1	13	0	1	1	9	0	0	1	10	11	0	0	1	0.21	inf
1	2	1	2	-2	0	0	-1	2	-2	-2	2	-1	-3	-1	0	-1	-3	-2	-2	18	18	10	15	0	0	1	1	7	1	4	22	0	0	1	1	1	0	0	1	0.21	inf
-1	3	1	-1	-3	2	0	-2	-1	-3	-3	4	-2	-3	-1	0	-1	-3	-2	-2	1	13	7	1	0	12	1	1	0	1	1	54	0	0	1	7	1	0	0	1	0.43	inf
1	-1	3	0	-1	-1	-1	-1	-1	-2	-2	-1	-2	-3	1	3	2	-3	-2	-2	7	1	21	1	0	0	1	1	0	1	1	1	0	0	5	38	22	0	0	1	0.33	inf
0	0	-1	2	-4	2	5	-2	-1	-4	-3	1	-2	-4	1	0	-1	-4	-3	-3	6	0	0	10	0	7	60	0	0	0	0	10	0	0	6	0	0	0	0	0	0.60	inf
-1	-1	0	3	-4	2	4	0	-1	-4	-3	0	-2	-4	-2	1	-1	-4	-3	-3	0	0	0	20	0	10	54	7	0	0	0	0	0	0	0	9	0	0	0	0	0.59	inf
-1	-1	0	3	-4	1	5	-2	-1	-3	-3	0	-3	-4	-2	-1	-1	-3	-3	-3	1	0	0	20	0	0	74	0	0	0	1	0	0	0	0	0	0	0	0	0	0.78	inf
0	-2	-3	-3	-1	-2	-2	-3	-2	3	1	-2	2	0	-2	-2	-1	-1	3	2	13	0	0	0	0	0	0	0	0	35	9	0	7	0	0	0	0	0	16	17	0.21	inf
0	0	0	3	-3	4	3	-2	-1	-3	-3	0	-2	-3	-1	0	0	-3	-2	-2	9	0	0	27	0	32	24	0	0	0	1	0	0	0	0	0	3	0	0	0	0.47	inf
-1	-2	-1	1	-2	0	1	-3	-2	1	2	-1	2	3	-2	-1	-1	-1	0	0	1	0	0	13	0	8	10	0	0	9	22	0	11	19	0	0	0	0	0	5	0.12	inf
-2	-2	-3	-4	-2	-2	-3	-4	-3	2	4	-3	2	0	-3	-3	-1	-2	-1	1	1	0	0	0	0	0	0	0	0	10	84	0	0	0	0	0	0	0	0	0	0.53	inf
1	3	1	-1	2	1	0	-1	-1	-2	-1	1	-1	-2	-2	1	-1	-3	-2	-2	18	34	7	0	7	6	7	0	0	0	7	0	0	0	0	10	0	0	0	0	0.22	inf
0	-1	1	1	-3	1	4	-2	-1	-1	-2	0	-2	-3	-2	1	-1	-3	-2	0	5	0	10	3	0	0	52	0	0	0	0	0	0	0	0	12	0	0	0	14	0.35	inf
0	1	6	1	-3	0	-1	-1	0	-4	-4	0	-3	-4	-2	1	0	-4	-3	-3	9	9	67	6	0	0	0	0	0	0	0	0	0	0	0	8	0	0	0	0	0.64	inf
-1	-2	-2	-2	-3	1	-1	0	-2	-3	-3	-1	-3	-4	7	1	-1	-4	-3	-3	0	0	0	0	0	12	0	6	0	0	0	0	0	0	64	19	0	0	0	0	1.24	inf
-1	0	5	2	-3	0	1	0	0	-4	-4	2	-2	-4	-2	1	-1	-4	-3	-3	0	0	52	7	0	0	10	6	0	0	0	20	0	0	0	6	0	0	0	0	0.52	inf
1	-2	-2	-3	-1	-2	-2	-2	-3	3	0	-2	0	-2	-2	0	2	-3	-2	2	22	0	0	0	0	0	0	0	0	31	0	0	0	0	0	0	27	0	0	20	0.24	inf
-4	-4	-5	-5	-3	-3	-4	-4	-3	-4	-3	-4	-2	0	-5	-4	-4	12	1	-4	0	0	0	0	0	0	0	0	0	0	0	0	0	0	0	0	0	100	0	0	3.12	inf
-1	-1	4	2	-3	-1	-1	3	-1	-4	-4	-1	-3	-3	-2	2	0	-4	-3	-3	0	0	42	10	0	0	0	27	0	0	0	0	0	0	0	21	0	0	0	0	0.54	inf
-1	-3	-2	-3	5	-2	-2	-3	-3	3	0	-2	0	-2	-2	1	2	-3	-2	2	0	0	0	0	21	0	0	0	0	31	0	0	0	0	0	14	17	0	0	18	0.30	inf
-2	-2	-2	-3	-3	-2	-2	-3	4	-1	0	-2	-1	1	-3	-1	2	0	6	-1	0	0	0	0	0	0	0	0	13	0	14	0	0	0	0	0	19	0	53	0	0.57	inf
0	-2	1	-1	4	-1	-1	-1	-2	0	-2	-1	-2	-3	2	3	0	-3	-2	-1	0	0	10	0	14	0	0	0	0	9	0	0	0	0	12	54	0	0	0	0	0.39	inf
-1	-3	-4	-4	-1	-3	-3	-4	-4	3	0	-3	0	-1	-3	-2	-1	-3	-2	5	0	0	0	0	0	0	0	0	0	14	0	0	0	0	0	0	0	0	0	86	0.59	inf
-2	-3	-4	-4	-2	-3	-4	-4	-3	2	5	-3	2	0	-4	-3	-2	-2	-2	1	0	0	0	0	0	0	0	0	0	10	90	0	0	0	0	0	0	0	0	0	0.63	inf
-2	1	7	1	-4	0	-1	-1	0	-4	-4	0	-3	-4	-3	0	-1	-4	-3	-4	0	10	90	0	0	0	0	0	0	0	0	0	0	0	0	0	0	0	0	0	1.00	inf
0	-3	-3	-4	-1	-3	-3	-3	-3	3	0	-3	0	-1	-3	-2	-1	-2	2	4	9	0	0	0	0	0	0	0	0	12	0	0	0	0	0	0	0	0	10	68	0.38	inf
-2	-3	-4	-4	-2	-3	-4	-4	-3	1	5	-3	2	0	-4	-3	-2	-2	-2	0	0	0	0	0	0	0	0	0	0	0	100	0	0	0	0	0	0	0	0	0	0.71	inf
-2	-2	-2	-3	-3	-1	-2	-4	6	-3	-2	-2	-2	2	-3	-2	-2	1	7	-2	0	0	0	0	0	0	0	0	32	0	0	0	0	0	0	0	0	0	68	0	1.09	inf
0	-1	0	-1	-2	-1	-1	-1	-1	-3	-3	-1	-2	-2	-2	5	1	-2	2	-2	0	0	0	0	0	0	0	0	0	0	0	0	0	0	0	90	0	0	10	0	0.62	inf
-2	-3	-4	-4	-2	-3	-4	-4	-3	2	5	-3	2	0	-4	-3	-2	-2	-2	1	0	0	0	0	0	0	0	0	0	10	90	0	0	0	0	0	0	0	0	0	0.63	inf
-1	-3	-3	-3	-1	-3	-3	-4	-3	4	2	-3	1	-1	-3	-1	-1	-3	-2	3	0	0	0	0	0	0	0	0	0	46	12	0	0	0	0	7	0	0	0	35	0.39	inf
0	0	0	2	-3	4	2	-2	-1	-2	-1	1	-1	-3	-2	1	-1	-3	-2	-2	6	0	0	16	0	34	11	0	0	0	9	10	0	0	0	13	0	0	0	0	0.32	inf
-1	3	-1	-2	-3	1	0	-2	-1	-1	-2	5	1	-3	-2	-1	-1	-3	-2	-2	0	12	0	0	0	0	0	0	0	7	0	74	7	0	0	0	0	0	0	0	0.54	inf
1	-1	0	-1	-2	-1	-1	-1	-2	-3	-3	-1	-2	-3	-1	5	2	-4	-2	-2	0	0	0	0	0	0	0	0	0	0	0	0	0	0	0	93	7	0	0	0	0.69	inf
-1	2	2	0	-3	4	2	-2	0	-3	-3	2	-1	-3	-2	0	-1	-3	-2	-2	1	10	16	1	0	42	10	1	0	1	1	14	0	0	1	1	1	0	0	1	0.44	inf
-2	-3	-3	-3	-2	-3	-3	-4	-3	5	1	-3	1	-1	-3	-3	-1	-3	-2	2	1	1	0	1	0	0	1	1	0	91	1	1	0	0	1	1	1	0	0	1	0.57	inf
-1	1	4	1	-2	0	0	-1	-1	-2	-2	1	-1	-3	-2	0	1	-3	-2	-1	1	7	40	7	0	0	1	1	0	1	4	15	0	0	1	4	12	0	0	7	0.28	inf
-1	1	-1	2	-3	1	5	-2	0	-3	-3	1	-2	-2	-1	-1	-1	-2	0	-3	1	9	0	7	0	0	63	1	0	1	1	8	0	0	1	1	1	0	5	1	0.54	inf
-1	0	-1	-1	-3	7	1	-2	0	-3	-3	1	-1	-3	-2	-1	-1	-2	-2	-3	1	1	0	1	0	91	1	1	0	1	1	1	0	0	1	1	1	0	0	1	0.91	inf
-2	-2	-3	-3	-2	-2	-3	-4	-3	1	5	-3	2	0	-3	-3	-1	-2	-1	0	1	1	0	1	0	0	1	1	0	1	91	1	0	0	1	1	1	0	0	1	0.54	inf
1	1	-1	0	-3	2	3	-2	-1	-2	-1	2	-1	-3	-2	0	-1	-3	-2	-1	18	7	0	0	0	13	37	0	0	0	6	14	0	0	0	0	0	0	0	6	0.30	inf
4	-2	-2	-3	-1	-2	-2	-1	-2	1	-1	-2	1	-2	-2	0	-1	-3	-2	1	77	0	0	0	0	0	0	0	0	10	0	0	4	0	0	0	0	0	0	9	0.41	inf
0	-2	-3	-3	-2	-1	0	-3	-1	2	1	-2	3	2	-3	-2	-1	0	4	0	12	0	0	0	0	0	8	0	0	23	6	0	18	10	0	0	0	0	23	0	0.21	inf
0	3	1	-1	-2	0	0	-2	-1	-3	-3	3	-2	-3	-2	2	1	-3	-2	-2	7	24	4	0	0	0	0	0	0	0	0	34	0	0	0	23	9	0	0	0	0.36	inf
2	2	-1	-1	-2	1	1	0	-1	-2	-2	1	-2	-3	-1	2	0	-3	-2	-2	35	18	0	0	0	4	12	4	0	0	0	6	0	0	0	18	4	0	0	0	0.26	inf
-1	-2	4	-1	-3	-1	-2	5	-1	-4	-4	0	-3	-4	-3	0	-1	-3	-3	-4	0	0	29	0	0	0	0	65	0	0	0	6	0	0	0	0	0	0	0	0	0.81	inf
0	2	-1	0	-3	2	2	1	-1	-1	-1	1	-1	-3	-2	0	0	-3	-2	-2	4	16	0	0	0	9	26	13	0	4	7	12	0	0	0	0	10	0	0	0	0.22	inf
-2	-2	4	5	-4	-1	1	-1	-1	-4	-4	-1	-3	-4	-2	1	-1	-5	-3	-4	0	0	36	53	0	0	3	0	0	0	0	0	0	0	0	8	0	0	0	0	0.78	inf
-1	1	-3	-2	-3	-2	-2	-3	-3	-2	-3	-1	-3	-4	7	-1	-2	-4	-3	-1	3	10	0	0	0	0	0	0	0	0	0	0	0	0	79	0	0	0	0	8	1.60	inf
0	-1	0	3	-3	1	3	-2	-1	-2	-1	0	2	-3	-2	0	1	-3	-2	-2	9	0	4	22	0	4	34	0	0	0	0	0	18	0	0	0	9	0	0	0	0.32	inf
2	-1	0	2	-2	0	3	-1	-1	-2	-2	0	-2	-3	-1	2	1	-3	-2	-2	21	0	0	13	0	0	31	0	0	0	3	0	0	0	0	25	7	0	0	0	0.32	inf
-1	-3	-3	-3	-1	-2	-3	-3	-3	2	0	-2	2	0	-3	0	0	-3	0	4	0	0	0	0	0	0	0	0	0	0	0	0	9	3	0	10	0	0	3	75	0.37	inf
5	-2	-2	-2	-1	-1	-1	0	-2	-2	-2	-1	-2	-3	-1	2	0	-3	-2	-1	82	0	0	0	0	0	0	0	0	0	0	0	0	0	0	18	0	0	0	0	0.56	inf
-1	-2	-1	2	-3	-1	1	6	-2	-4	-4	-2	-3	-4	-3	-1	-2	-3	-4	-4	0	0	0	12	0	0	10	78	0	0	0	0	0	0	0	0	0	0	0	0	0.91	inf
0	-1	0	4	-4	1	4	-2	-1	-3	-3	0	-3	-4	2	0	-1	-4	-3	-3	9	0	0	32	0	0	49	0	0	0	0	0	0	0	10	0	0	0	0	0	0.64	inf
-3	-3	-3	-4	-3	-3	-3	-4	0	-1	-1	-3	-1	6	-4	-3	-3	1	6	-2	0	0	0	0	0	0	0	0	0	0	0	0	0	56	0	0	0	0	44	0	1.02	inf
0	-3	-1	-2	3	-3	-3	6	-3	-4	-4	-2	-3	-4	-3	-1	-2	-3	-4	-4	0	0	0	0	10	0	0	90	0	0	0	0	0	0	0	0	0	0	0	0	1.15	inf
0	3	0	-1	-2	1	0	-1	-1	-2	-3	2	-2	-3	-2	3	0	-3	-2	-2	0	22	3	0	0	6	0	0	0	4	0	17	0	0	0	48	0	0	0	0	0.35	inf
-1	3	0	-1	-3	0	0	-2	5	-3	-1	2	-1	-2	-2	1	-1	-3	-1	-2	0	19	0	0	0	0	0	0	30	0	7	22	0	0	0	22	0	0	0	0	0.37	inf
0	-2	1	1	-2	-1	-1	-1	-2	-3	-3	-1	-3	-4	6	3	0	-4	-3	-2	6	0	6	6	0	0	0	0	0	0	0	0	0	0	44	38	0	0	0	0	0.84	inf
-2	-3	-4	-4	-2	-3	-3	-4	-3	1	4	-3	1	3	-3	-3	-2	-2	0	1	0	0	0	0	0	0	0	0	0	0	76	0	0	14	0	0	0	0	0	10	0.51	inf
-3	-3	-3	-4	-3	-2	-3	-4	1	-2	-2	-3	-2	2	-4	-3	-2	2	8	-2	0	0	0	0	0	0	0	0	0	0	0	0	0	0	0	0	0	0	100	0	1.45	inf
-2	3	-1	-2	-4	1	0	-2	-1	-3	-2	5	-2	1	-2	-1	-1	-3	-1	-3	0	17	0	0	0	0	0	0	0	0	0	70	0	12	0	0	0	0	0	0	0.56	inf
-2	-1	1	-3	-2	-1	-2	-3	-2	0	1	1	7	-1	-3	-2	-1	-2	-2	0	0	0	8	0	0	0	0	0	0	0	0	12	80	0	0	0	0	0	0	0	0.64	inf
-2	-3	-4	-4	-2	-3	-4	-4	-3	1	5	-3	2	0	-4	-3	-2	-2	-2	0	0	0	0	0	0	0	0	0	0	0	100	0	0	0	0	0	0	0	0	0	0.71	inf
0	-3	-1	-2	-3	-2	-3	6	-3	-5	-4	-2	-3	-4	-3	-1	-2	-3	-4	-4	0	0	0	0	0	0	0	100	0	0	0	0	0	0	0	0	0	0	0	0	1.34	inf
-2	-3	-3	-4	3	-2	-3	-4	1	-2	-2	-3	-2	2	-4	-2	-2	1	8	-2	0	0	0	0	9	0	0	0	0	0	0	0	0	0	0	0	0	0	91	0	1.25	inf
-3	-3	-4	-4	-3	-4	-4	-4	-1	-1	0	-4	-1	7	-4	-3	-3	1	4	-2	0	0	0	0	0	0	0	0	0	0	0	0	0	90	0	0	0	0	10	0	1.13	inf
1	-2	0	-1	2	-1	-1	-1	-2	-3	-3	-1	-2	-3	-2	5	1	-3	-2	-2	6	0	0	0	7	0	0	0	0	0	0	0	0	0	0	87	0	0	0	0	0.62	inf
-2	-3	-4	-4	-2	-3	-3	-4	-3	3	4	-3	1	0	-3	-3	-1	-2	-2	2	0	0	0	0	0	0	0	0	0	26	57	0	0	0	0	0	0	0	0	17	0.46	inf
-1	-3	-4	-4	-2	-3	-4	-4	-4	5	1	-3	1	-1	-3	-3	-1	-3	-2	4	0	0	0	0	0	0	0	0	0	68	0	0	0	0	0	0	0	0	0	32	0.57	inf
0	-3	-1	-2	3	-2	-3	6	-3	-4	-4	-2	-3	-4	-3	1	-2	-3	-3	-3	0	0	0	0	8	0	0	82	0	0	0	0	0	0	0	10	0	0	0	0	0.99	inf
-2	-3	-4	-4	-2	-3	-4	-4	-3	1	5	-3	2	0	-4	-3	-2	-2	-2	0	0	0	0	0	0	0	0	0	0	0	100	0	0	0	0	0	0	0	0	0	0.71	inf
-2	-3	-4	-4	-2	-3	-3	-4	-3	1	4	-3	2	0	-3	-3	-1	-2	-2	2	0	0	0	0	0	0	0	0	0	0	81	0	0	0	0	0	0	0	0	19	0.55	inf
-2	7	-1	-2	-4	0	-1	-3	3	-4	-3	2	-2	-3	-3	-1	-2	-3	-2	-3	0	92	0	0	0	0	0	0	8	0	0	0	0	0	0	0	0	0	0	0	1.03	inf
-1	-3	-3	-3	-1	-2	-3	-4	-3	2	2	-3	1	-1	-3	-2	1	-3	-2	4	0	0	0	0	0	0	0	0	0	0	23	0	0	0	0	0	12	0	0	65	0.39	inf
-2	-1	0	-2	-4	3	0	-3	9	-4	-4	-1	-2	-2	-3	-1	-2	-3	1	-4	0	0	0	0	0	19	0	0	81	0	0	0	0	0	0	0	0	0	0	0	1.21	inf
0	-3	-2	-2	7	-2	-2	-2	-3	0	-1	-2	-1	-2	-2	2	1	-3	-2	2	0	0	0	0	37	0	0	0	0	0	0	0	0	0	0	27	9	0	0	26	0.50	inf
-2	-3	-3	-4	-2	-2	-3	-4	2	1	5	-3	1	0	-3	-3	-2	-2	-1	0	0	0	0	0	0	0	0	0	9	0	91	0	0	0	0	0	0	0	0	0	0.58	inf
-2	-3	-4	-4	-2	-3	-4	-4	-3	1	5	-3	2	0	-4	-3	-2	-2	-2	0	0	0	0	0	0	0	0	0	0	0	100	0	0	0	0	0	0	0	0	0	0.71	inf
0	-3	-1	-2	-3	-2	-3	6	-3	-5	-4	-2	-3	-4	-3	-1	-2	-3	-4	-4	0	0	0	0	0	0	0	100	0	0	0	0	0	0	0	0	0	0	0	0	1.34	inf
-3	-2	1	7	-4	-1	1	-2	-2	-4	-5	-1	-4	-4	-2	-1	-2	-5	-4	-4	0	0	0	100	0	0	0	0	0	0	0	0	0	0	0	0	0	0	0	0	1.31	inf
-2	-3	-3	-4	-3	-2	-3	-4	0	-2	-1	-3	-1	5	1	-2	-2	1	7	-2	0	0	0	0	0	0	0	0	0	0	0	0	0	27	8	0	0	0	64	0	0.96	inf
-1	1	0	-2	-2	-1	-1	-2	4	-2	-2	-1	-1	1	-2	2	3	-1	3	-2	0	9	0	0	0	0	0	0	19	0	0	0	0	4	0	18	33	0	16	0	0.31	inf
-2	-1	-2	-2	-3	5	0	-3	-1	0	3	-1	1	-1	-3	-2	-1	-2	-2	-1	0	0	0	0	0	49	0	0	0	0	51	0	0	0	0	0	0	0	0	0	0.44	inf
5	-2	-2	-2	-1	-1	-1	0	-2	-2	-2	-1	-2	-3	-1	1	-1	-3	-2	-1	100	0	0	0	0	0	0	0	0	0	0	0	0	0	0	0	0	0	0	0	0.69	inf
-2	-3	-4	-4	-2	-3	-4	-4	-4	3	4	-3	2	0	-3	-3	-2	-2	-2	1	0	0	0	0	0	0	0	0	0	27	73	0	0	0	0	0	0	0	0	0	0.55	inf
-1	2	-1	-1	-4	3	1	-2	-1	-3	-3	5	-2	-4	-2	-1	-1	-3	-2	-3	0	3	0	0	0	18	0	0	0	0	0	79	0	0	0	0	0	0	0	0	0.71	inf
-1	-2	-1	-2	-1	-2	-2	-3	-3	1	0	-2	1	-2	-2	0	4	-3	-2	2	0	0	0	0	0	0	0	0	0	9	0	0	6	0	0	0	58	0	0	27	0.39	inf
-2	-3	-4	-4	-2	-2	-3	-4	-3	1	4	-3	4	0	-3	-3	-1	-2	-2	2	0	0	0	0	0	0	0	0	0	0	63	0	24	0	0	0	0	0	0	12	0.50	inf
-1	0	0	4	-4	2	4	-2	-1	-4	-4	1	-3	-4	-2	0	-1	-4	-3	-3	0	0	0	26	0	6	54	0	0	0	0	9	0	0	0	4	0	0	0	0	0.66	inf
-2	-1	4	3	-3	-1	0	-2	2	-2	-1	-1	-2	-2	3	0	-1	-3	1	-2	0	0	37	21	0	0	0	0	6	0	10	0	0	0	14	7	0	0	6	0	0.39	inf
-1	-3	-4	-4	-2	-3	-4	-4	-4	5	1	-3	1	-1	-3	-3	-1	-3	-2	3	0	0	0	0	0	0	0	0	0	66	6	0	0	0	0	0	0	0	0	28	0.53	inf
-2	-1	0	4	-4	1	5	-2	-1	-4	-4	0	-3	-4	-2	-1	-1	-4	-3	-3	0	0	0	34	0	0	66	0	0	0	0	0	0	0	0	0	0	0	0	0	0.87	inf
-2	-3	-4	-4	-2	-2	-3	-4	-3	3	4	-3	4	0	-3	-3	-1	-2	-2	1	0	0	0	0	0	0	0	0	0	20	64	0	16	0	0	0	0	0	0	0	0.50	inf
-1	-1	4	3	-3	-1	0	2	3	-3	-4	-1	-3	-3	-2	0	1	-4	-2	-3	0	0	35	22	0	0	0	18	14	0	0	0	0	0	0	0	11	0	0	0	0.47	inf
-1	3	1	-1	-4	1	0	-2	-1	-3	-3	5	-2	-4	2	-1	-1	-4	-3	-3	0	14	8	0	0	0	0	0	0	0	0	66	0	0	12	0	0	0	0	0	0.60	inf
0	3	0	-1	-3	1	0	-2	-1	-3	-3	5	-2	-4	-2	-1	-1	-4	-2	-3	8	9	4	0	0	0	0	0	0	0	0	78	0	0	0	0	0	0	0	0	0.61	inf
3	-2	-1	-2	-1	-1	-1	2	-2	-2	-2	-1	-2	1	-2	2	1	-2	-1	-1	45	0	0	0	0	0	0	12	0	0	0	0	0	9	0	28	4	0	0	0	0.31	inf
0	-2	-3	-3	-2	0	-2	-3	-2	2	2	-2	5	1	-3	-2	-1	-2	-1	1	7	0	0	0	0	7	0	0	0	16	18	0	44	8	0	0	0	0	0	0	0.32	inf
-2	-3	-3	-4	-3	-3	-3	-4	0	0	0	-3	-1	5	-4	-3	-2	1	6	-1	0	0	0	0	0	0	0	0	0	6	8	0	0	37	0	0	0	0	49	0	0.81	inf
2	-1	3	-1	-1	-1	-1	-1	-1	-2	-2	-1	-2	-3	-1	3	2	-3	-2	-1	27	0	18	0	0	0	0	0	0	0	0	0	0	0	0	37	18	0	0	0	0.37	inf
-2	5	-1	-2	-3	0	-1	-3	4	-2	-1	1	-1	-1	-3	-1	1	-2	2	-2	0	54	0	0	0	0	0	0	14	0	9	0	0	0	0	0	12	0	10	0	0.44	inf
-1	-3	-4	-4	-1	-3	-3	-4	-4	4	1	-3	0	-1	-3	-2	-1	-3	-2	5	0	0	0	0	0	0	0	0	0	27	0	0	0	0	0	0	0	0	0	73	0.55	inf
0	-2	-2	-2	-2	-1	-2	-2	-2	-1	-1	-1	3	-3	6	-1	2	-3	-3	-1	7	0	0	0	0	0	0	0	0	0	0	0	21	0	49	0	24	0	0	0	0.88	inf
4	-2	-1	-2	-1	-1	1	-1	-2	-2	-2	-1	-2	-3	1	1	1	-3	-2	-1	69	0	0	0	0	0	9	0	0	0	0	0	0	0	7	9	6	0	0	0	0.42	inf
2	-4	-3	-4	9	-3	-3	-2	-3	-2	-2	-3	-2	-3	-3	-1	-1	-3	-3	-1	27	0	0	0	73	0	0	0	0	0	0	0	0	0	0	0	0	0	0	0	1.25	inf
-2	-1	2	-1	-3	3	0	-3	7	-3	0	-1	-1	-2	-3	-1	-2	-3	0	-3	0	0	9	0	0	27	0	0	51	0	12	0	0	0	0	0	0	0	0	0	0.64	inf
-1	-3	-4	-4	-2	-3	-3	-4	-3	3	1	-3	0	4	-3	-3	-1	-2	0	3	0	0	0	0	0	0	0	0	0	31	0	0	0	27	0	0	0	0	0	41	0.43	inf
1	-2	0	-1	-1	-1	-1	-2	-2	-2	-2	-1	-1	-3	-2	3	5	-3	-2	-1	7	0	0	0	0	0	0	0	0	0	0	0	0	0	0	24	70	0	0	0	0.57	inf
0	-2	-1	-2	-1	-2	-2	-2	-2	0	2	-2	0	1	-2	0	4	-2	-1	0	6	0	0	0	0	0	0	0	0	0	26	0	0	6	0	0	63	0	0	0	0.37	inf
-2	-2	-1	-3	-3	-1	-2	-3	5	-2	-2	-2	-2	2	-3	1	-2	1	7	-2	0	0	0	0	0	0	0	0	22	0	0	0	0	0	0	14	0	0	64	0	0.85	inf
-3	-3	-3	-4	-3	-2	-3	-4	1	-2	-2	-3	-2	2	-4	-3	-2	2	8	-2	0	0	0	0	0	0	0	0	0	0	0	0	0	0	0	0	0	0	100	0	1.45	inf
-3	-2	-2	-3	-3	-2	-2	-4	5	-2	-2	-2	-2	3	-4	-2	-2	1	7	-2	0	0	0	0	0	0	0	0	18	0	0	0	0	12	0	0	0	0	70	0	1.02	inf
-1	-3	-4	-4	-1	-3	-3	-4	-4	2	2	-3	1	-1	-3	-2	-1	-3	-2	5	0	0	0	0	0	0	0	0	0	0	19	0	0	0	0	0	0	0	0	81	0.52	inf
0	-3	-1	-2	-3	-2	-3	6	-3	-5	-4	-2	-3	-4	-3	-1	-2	-3	-4	-4	0	0	0	0	0	0	0	100	0	0	0	0	0	0	0	0	0	0	0	0	1.34	inf
-3	-4	-4	-4	3	-4	-4	-4	-2	0	0	-4	-1	7	-4	-3	-3	0	2	-1	0	0	0	0	8	0	0	0	0	7	0	0	0	85	0	0	0	0	0	0	0.95	inf
3	-2	-1	-2	5	-1	-1	-1	-2	-2	-2	-1	-2	-3	-2	3	0	-3	-2	-1	51	0	0	0	16	0	0	0	0	0	0	0	0	0	0	33	0	0	0	0	0.46	inf
-3	-2	-2	-4	-3	-2	-3	-4	4	-2	-2	-2	-2	2	-4	-2	-2	1	8	-2	0	0	0	0	0	0	0	0	12	0	0	0	0	0	0	0	0	0	88	0	1.25	inf
-2	-2	-3	-4	-2	-2	-3	-4	-3	1	3	-2	6	0	-3	-2	-1	-2	-2	1	0	0	0	0	0	0	0	0	0	0	44	0	49	0	0	0	0	0	0	7	0.56	inf
0	-2	-3	-4	-2	-1	-3	-3	-2	0	1	-2	8	-1	-3	-2	-1	-2	-2	0	8	0	0	0	0	0	0	0	0	0	0	0	89	0	0	0	3	0	0	0	0.81	inf
-1	-2	-2	-3	-2	-1	-2	-3	-2	1	2	-2	6	-1	-3	0	1	-2	-2	0	0	0	0	0	0	0	0	0	0	0	23	0	54	0	0	10	10	0	0	3	0.41	inf
-2	7	-1	-2	-4	0	-1	0	-1	-4	-3	2	-2	-4	-3	-1	-2	-3	-3	-3	0	92	0	0	0	0	0	8	0	0	0	0	0	0	0	0	0	0	0	0	0.98	inf
-2	6	2	-2	-4	0	-1	-3	-1	-4	-3	2	-2	-4	-3	-1	-1	-4	-2	-3	0	78	12	0	0	0	0	0	0	0	0	10	0	0	0	0	0	0	0	0	0.84	inf
-3	-3	-3	-4	-3	-2	-3	-4	1	-2	-2	-3	-2	2	-4	-3	-2	5	8	-2	0	0	0	0	0	0	0	0	0	0	0	0	0	0	0	0	0	8	92	0	1.38	inf
2	-1	1	-1	-2	3	0	2	-1	-3	-3	0	-2	-3	3	1	-1	-3	-2	-2	32	0	10	0	0	23	0	15	0	0	0	0	0	0	14	7	0	0	0	0	0.35	inf
-2	-2	1	6	-4	0	3	-2	-1	-4	-4	-1	-4	-4	-2	-1	-2	-5	-4	-4	0	0	0	78	0	0	22	0	0	0	0	0	0	0	0	0	0	0	0	0	1.03	inf
5	-2	-2	-2	2	-1	-2	0	-2	-2	-2	-1	-2	-3	-1	1	-1	-3	-2	-1	94	0	0	0	6	0	0	0	0	0	0	0	0	0	0	0	0	0	0	0	0.64	inf
-2	-3	-3	-3	-2	-3	-3	-4	-3	5	1	-3	0	2	-3	-2	2	-3	-1	2	0	0	0	0	0	0	0	0	0	68	0	0	0	9	0	0	22	0	0	0	0.40	inf
-2	6	-1	-2	-4	1	0	-3	-1	-4	-3	4	-2	-4	-2	-1	-2	-3	-2	-3	0	64	0	0	0	0	0	0	0	0	0	36	0	0	0	0	0	0	0	0	0.82	inf
0	-2	-2	-3	3	-1	-2	-2	-2	1	1	-2	3	-1	-2	0	2	-3	-2	1	10	0	0	0	11	0	0	0	0	6	9	0	24	0	0	6	25	0	0	9	0.21	inf
-3	-4	-4	-4	-3	-4	-4	-4	-2	-1	1	-4	0	7	-4	-3	-3	0	2	-1	0	0	0	0	0	0	0	0	0	0	10	0	0	90	0	0	0	0	0	0	1.05	inf
1	-1	1	-1	-1	-1	1	-1	-1	-1	-2	-1	-1	-3	-2	3	1	-3	-2	1	9	0	10	0	0	0	9	0	0	0	0	0	0	0	0	46	6	0	0	20	0.24	inf
-1	-1	3	1	-2	0	0	-1	6	-3	-3	-1	-2	-3	-2	2	1	-3	-1	-3	0	0	21	7	0	0	0	0	33	0	0	0	0	0	0	29	10	0	0	0	0.47	inf
-1	-4	-4	-4	4	-3	-4	-4	-4	5	1	-3	0	-1	-3	-3	-1	-3	-2	3	0	0	0	0	12	0	0	0	0	68	0	0	0	0	0	0	0	0	0	19	0.53	inf
-2	-3	-4	-4	-2	-3	-4	-4	-3	1	5	-3	2	0	-4	-3	-2	-2	-2	0	0	0	0	0	0	0	0	0	0	0	100	0	0	0	0	0	0	0	0	0	0.71	inf
-1	-3	-3	-4	-1	-3	-3	-4	-3	3	3	-3	1	0	-3	-2	0	-3	-2	3	0	0	0	0	0	0	0	0	0	23	40	0	0	0	0	0	7	0	0	30	0.37	inf
-2	-2	-2	-3	-3	1	-2	-3	1	-2	-2	-2	-1	4	-3	0	-2	1	7	-2	0	0	0	0	0	9	0	0	0	0	0	0	0	14	0	10	0	0	67	0	0.80	inf
-1	-3	-3	-4	-2	-3	-3	-4	-3	4	1	-3	3	1	-3	-2	-1	-2	-1	3	0	0	0	0	0	0	0	0	0	45	0	0	16	8	0	0	0	0	0	31	0.41	inf
2	-1	-1	-1	-2	4	0	-1	-1	0	-2	0	1	-3	-2	2	0	-3	-2	-1	26	0	0	0	0	40	0	0	0	8	0	0	6	0	0	21	0	0	0	0	0.30	inf
-1	6	-1	-2	-3	0	-1	-2	-1	-3	-2	1	-2	-3	-2	0	-1	-3	-2	-3	1	81	0	1	0	0	1	1	0	1	1	1	0	0	1	10	1	0	0	1	0.77	inf
0	-1	-1	-1	-1	-1	-1	-2	-2	-1	0	-1	2	-2	-1	1	5	-2	-2	0	1	0	0	1	0	0	1	1	0	0	6	1	8	0	0	11	67	0	0	1	0.42	inf
-1	3	-1	-1	-3	1	0	-2	-1	-3	-3	5	-2	-3	-1	-1	-1	-3	-2	-3	1	9	0	1	0	0	1	1	0	0	1	83	0	0	0	1	1	0	0	1	0.65	inf
-1	0	4	0	-2	3	0	-1	0	-3	-3	0	-2	-3	-2	2	1	-3	-2	-2	1	0	35	1	0	28	1	1	0	0	1	1	0	0	0	22	7	0	0	1	0.41	inf
-1	-1	-1	-2	-1	-1	-1	-2	-1	1	1	0	2	0	-1	-1	-1	-1	2	1	2	2	1	2	1	1	2	2	1	2	17	12	14	1	2	2	2	0	15	21	0.08	inf
-1	-1	-1	-2	-2	0	-1	-2	3	-1	0	-1	-1	4	1	0	-1	0	3	-1	1	1	1	1	0	7	1	1	14	1	6	1	0	30	7	11	1	0	15	1	0.25	inf
-1	0	0	-1	-3	5	1	-2	3	-3	-3	0	-1	-3	-2	2	1	-3	-2	-2	0	0	0	0	0	57	0	0	9	0	0	0	0	0	0	20	14	0	0	0	0.53	inf
0	4	1	-1	-3	0	0	0	-1	-3	-3	3	-2	-3	-2	0	1	-3	-2	-2	7	32	10	0	0	0	0	7	0	0	0	33	0	0	0	0	12	0	0	0	0.38	inf
-1	2	2	0	-2	0	0	2	-1	-2	-2	2	-1	-2	1	0	1	-2	-2	-2	2	15	16	1	0	1	1	17	1	1	2	18	1	1	8	2	10	0	1	2	0.21	inf
1	1	2	-1	-2	0	-1	0	-1	-2	-2	0	-2	-3	2	2	1	-3	-2	-2	12	10	13	1	0	0	1	4	0	1	1	1	0	0	10	33	12	0	0	1	0.27	inf
-2	-2	-1	-2	-2	-2	-1	0	0	-1	-1	-2	-1	4	-2	-2	-2	1	6	-2	1	1	4	1	0	1	4	11	0	1	1	1	0	23	1	1	1	0	48	1	0.51	inf
-1	0	0	1	-4	6	1	-2	3	-4	-3	2	-1	-4	-2	0	-1	-3	-2	-3	0	0	0	7	0	69	0	0	9	0	0	9	0	0	0	6	0	0	0	0	0.68	inf
-2	-2	2	-2	-3	-1	-2	-2	1	-2	-2	-2	-2	2	-3	0	-1	1	7	-2	1	0	14	0	0	0	0	0	0	0	1	0	0	0	0	10	0	0	70	0	0.74	inf
-2	-2	1	6	-4	0	2	0	-1	-3	-4	-1	-3	-4	-2	-1	-1	-4	-3	-3	1	0	0	72	0	0	14	9	0	0	1	0	0	0	0	0	0	0	0	0	0.82	inf
0	-1	0	-1	-2	2	0	1	2	-1	-1	0	1	-2	-2	2	0	-2	-1	0	7	0	0	0	0	20	5	10	10	0	1	0	9	0	0	23	0	0	0	13	0.14	inf
-1	-2	1	-2	-2	-2	-2	-3	-2	5	1	-2	0	-1	-2	-2	-1	-2	-2	2	1	1	11	1	0	1	1	1	0	75	1	1	0	1	1	1	1	0	1	1	0.33	inf
1	-1	3	0	-2	-1	1	2	-1	-2	-2	-1	0	-3	-2	1	1	-3	-2	-2	21	0	28	0	0	0	10	22	0	0	0	0	4	0	0	3	12	0	0	0	0.29	inf
-1	3	-1	-1	-4	1	0	-2	-1	-3	-3	6	-2	-4	-2	-1	-1	-4	-3	-3	0	9	0	0	0	0	0	0	0	0	0	91	0	0	0	0	0	0	0	0	0.80	inf
-1	2	-1	-1	-3	3	0	-2	-1	-3	-3	4	-1	-3	-2	0	2	-3	-2	-2	0	7	0	0	0	23	0	0	0	0	0	45	0	0	0	0	26	0	0	0	0.45	inf
1	1	4	0	3	-1	-1	-1	-1	-3	-3	-1	-2	-3	-2	1	2	3	-2	-2	13	9	40	0	8	0	0	0	0	0	0	0	0	0	0	7	17	6	0	0	0.34	inf
-2	-2	0	6	-4	0	4	-2	-1	-4	-4	-1	-3	-4	-2	-1	-2	-4	-3	-4	0	0	0	63	0	0	37	0	0	0	0	0	0	0	0	0	0	0	0	0	0.93	inf
-1	2	-1	-1	-3	6	1	-2	0	-3	-3	2	-1	-4	-2	-1	1	-3	-2	-3	0	14	0	0	0	67	0	0	0	0	0	10	0	0	0	0	9	0	0	0	0.68	inf
-2	-2	-3	-4	-2	-1	-3	-4	-3	2	2	-2	7	-1	-3	-2	-1	-2	-2	0	0	0	0	0	0	0	0	0	0	12	12	0	75	0	0	0	0	0	0	0	0.71	inf
-2	-2	-3	-4	-3	-2	-3	-4	3	-1	0	-2	-1	3	-4	-2	-2	1	7	0	0	0	0	0	0	0	0	0	9	0	9	0	0	6	0	0	0	0	67	9	0.78	inf
3	-2	0	-2	3	-1	-1	0	4	-2	-2	-1	-2	-2	-2	0	-1	-2	1	-1	57	0	4	0	9	0	0	3	20	0	0	0	0	0	0	0	0	0	6	0	0.36	inf
-2	-3	-4	-4	-2	-3	-4	-4	-3	1	5	-3	2	0	-4	-3	-2	-2	-2	0	0	0	0	0	0	0	0	0	0	0	100	0	0	0	0	0	0	0	0	0	0.71	inf
-2	-3	-4	-4	-2	-3	-4	-4	-3	3	4	-3	2	0	-3	-3	-2	-2	-2	1	0	0	0	0	0	0	0	0	0	18	79	0	0	0	0	0	0	0	0	3	0.56	inf
5	-2	-2	-2	-1	-1	-1	0	-2	-2	-2	-1	-1	-3	-1	1	1	-3	-2	-1	85	0	0	0	0	0	0	0	0	0	0	0	0	0	0	6	10	0	0	0	0.54	inf
-2	-3	-4	-4	-2	-3	-4	-4	-4	5	2	-3	2	-1	-3	-3	-1	-3	-2	2	0	0	0	0	0	0	0	0	0	85	9	0	6	0	0	0	0	0	0	0	0.61	inf
2	-4	-3	-4	9	-3	-3	-2	-3	-2	-2	-3	-2	-3	-3	-1	-1	-3	-3	-1	28	0	0	0	72	0	0	0	0	0	0	0	0	0	0	0	0	0	0	0	1.23	inf
-1	-2	-3	-3	2	0	-2	-3	-2	1	3	-2	1	0	-3	-2	0	-2	2	2	0	0	0	0	6	10	0	0	0	0	40	0	0	0	0	0	8	0	9	27	0.21	inf
3	-2	-1	-2	-1	-1	-1	-1	-2	0	-1	-1	-1	-2	-2	2	3	-3	-2	2	39	0	0	0	0	0	0	0	0	0	0	0	0	0	0	12	27	0	0	21	0.28	inf
-2	-3	-4	-4	-2	-3	-3	-4	-3	1	4	-3	3	3	-3	-3	-2	-1	0	1	0	0	0	0	0	0	0	0	0	0	67	0	9	18	0	0	0	0	0	6	0.48	inf
-1	-1	-1	-2	3	2	-1	-2	6	-2	-1	-1	-1	0	-3	1	-1	-1	3	-2	0	0	0	0	10	15	0	0	32	0	9	0	0	0	0	15	0	0	19	0	0.37	inf
-2	-3	-3	-2	-4	-2	-2	-3	-3	-4	-4	-2	-3	-5	8	-2	-2	-5	-4	-3	0	0	0	0	0	0	0	0	0	0	0	0	0	0	100	0	0	0	0	0	2.34	inf
0	0	1	-1	-2	4	0	0	-1	-2	-2	0	1	-3	-2	0	2	-3	-2	-2	7	0	10	0	0	40	0	8	0	0	0	0	9	0	0	0	26	0	0	0	0.32	inf
-2	5	-1	-2	4	1	-1	-3	-1	-3	-3	2	-2	-3	1	-1	-2	-3	-2	-3	0	63	0	0	14	4	0	0	0	0	0	10	0	0	8	0	0	0	0	0	0.66	inf
-2	-3	-3	-4	-2	-3	-3	-4	-3	4	3	-3	1	0	-3	-1	-1	-3	-2	1	0	0	0	0	0	0	0	0	0	45	47	0	0	0	0	8	0	0	0	0	0.40	inf
-2	-2	1	7	-4	-1	2	-2	-2	-4	-4	-1	-4	-4	-2	-1	-2	-5	-4	-4	0	0	0	91	0	0	9	0	0	0	0	0	0	0	0	0	0	0	0	0	1.17	inf
-2	1	0	4	-4	1	5	-2	-1	-4	-4	0	-3	-4	-2	-1	-1	-4	-3	-3	0	9	0	33	0	0	57	0	0	0	0	0	0	0	0	0	0	0	0	0	0.75	inf
0	-1	4	0	-2	-1	-1	-1	-1	-3	-3	-1	-2	-3	-2	4	3	-4	-2	-2	0	0	28	0	0	0	0	0	0	0	0	0	0	0	0	51	21	0	0	0	0.49	inf
-2	-4	-4	-4	-2	-3	-4	-4	-4	5	1	-3	1	-1	-3	-3	-1	-3	-2	3	0	0	0	0	0	0	0	0	0	76	0	0	0	0	0	0	0	0	0	24	0.60	inf
0	0	0	-1	-3	3	1	-2	6	-3	-2	0	1	-2	-2	1	-1	-3	0	-2	6	0	0	0	0	26	9	0	41	0	0	0	8	0	0	10	0	0	0	0	0.50	inf
0	-1	2	-1	-2	2	0	-2	2	-1	-1	-1	-1	-2	-2	2	3	-3	-1	0	0	0	10	0	0	14	0	0	9	0	6	0	0	0	0	23	31	0	0	7	0.24	inf
2	-1	1	-1	-2	3	0	-1	-1	1	0	-1	0	-2	-2	0	-1	-3	-2	1	24	0	10	0	0	31	0	3	0	8	9	0	0	0	0	0	0	0	0	14	0.15	inf
-2	-3	-4	-4	-2	-2	-3	-4	-3	1	4	-3	4	0	-3	-3	-1	-2	-2	1	0	0	0	0	0	0	0	0	0	0	77	0	15	0	0	0	0	0	0	8	0.55	inf
-1	5	1	-2	-4	0	0	-2	-1	-3	-3	3	-2	-2	-2	-1	-1	-3	1	-3	6	60	9	0	0	0	0	0	0	0	0	18	0	0	0	0	0	0	6	0	0.58	inf
-2	-1	-1	3	-4	1	6	-3	-1	-4	-4	0	-3	-4	-2	-1	-2	-4	-3	-3	0	0	0	12	0	0	88	0	0	0	0	0	0	0	0	0	0	0	0	0	0.95	inf
-1	3	-1	-1	-4	1	0	-2	2	-3	-3	5	-2	-4	-2	-1	-1	-4	-2	-3	0	19	0	0	0	0	0	0	8	0	0	73	0	0	0	0	0	0	0	0	0.67	inf
-2	-2	-2	-3	3	-2	0	-3	0	-2	-2	-2	-1	3	-3	-2	0	1	7	-2	0	0	0	0	11	0	9	0	0	0	0	0	0	13	0	0	6	0	61	0	0.71	inf
-1	-2	-1	-2	-3	-2	-2	6	3	-4	-4	-2	-3	-3	-3	-1	-1	-3	-2	-4	0	0	0	0	0	0	0	81	14	0	0	0	0	0	0	0	4	0	0	0	0.98	inf
-2	-2	0	6	-4	0	4	-2	-1	-4	-4	-1	-3	-4	-2	-1	-2	-4	-3	-4	0	0	0	68	0	0	32	0	0	0	0	0	0	0	0	0	0	0	0	0	0.96	inf
0	2	2	-1	-3	4	1	-2	0	-3	-3	3	-1	-4	-2	0	-1	-3	-2	-3	7	12	16	0	0	41	0	0	0	0	0	23	0	0	0	0	0	0	0	0	0.48	inf
-2	-2	-3	-4	-2	-2	-3	-4	-3	2	3	-3	6	2	-3	-3	-1	-2	-1	0	0	0	0	0	0	0	0	0	0	9	33	0	46	12	0	0	0	0	0	0	0.48	inf
0	1	1	-2	-2	0	-1	-2	0	0	2	-1	1	1	-2	0	-1	-1	1	0	15	9	9	0	0	4	0	0	3	3	30	0	6	7	0	6	0	0	7	0	0.08	inf
0	4	-1	-2	-3	1	0	-2	3	-1	-2	4	-1	-3	-2	-1	-1	-3	-1	-2	7	28	0	0	0	0	0	0	12	8	0	45	0	0	0	0	0	0	0	0	0.41	inf
-2	-2	-3	-4	-2	-2	-3	-4	-3	2	3	-2	6	0	-3	-3	-1	-2	-2	1	0	0	0	0	0	0	0	0	0	9	43	0	47	0	0	0	0	0	0	0	0.55	inf
0	0	-1	-1	-3	6	1	-2	0	-3	-3	1	-1	-4	-2	0	0	-3	-2	-3	6	0	0	0	0	82	0	0	0	0	0	0	0	0	0	6	6	0	0	0	0.79	inf
-1	4	2	-1	4	1	0	-2	-1	-3	-3	3	-2	-3	-2	0	-1	-3	-2	-3	0	38	12	0	14	3	0	0	0	0	0	23	0	0	0	9	0	0	0	0	0.44	inf
0	-3	-1	-2	-3	-2	-3	6	-3	-4	-4	-2	-3	-4	0	-1	-2	-3	-4	-4	0	0	0	0	0	0	0	94	0	0	0	0	0	0	6	0	0	0	0	0	1.22	inf
-1	-2	2	5	-4	-1	1	3	-1	-4	-4	-1	-3	-4	-2	0	-1	-4	-3	-4	0	0	12	44	0	0	9	34	0	0	0	0	0	0	0	0	0	0	0	0	0.65	inf
0	-3	-3	-3	-2	-2	-2	0	-3	1	2	-2	0	-1	5	-2	-1	-3	-2	0	6	0	0	0	0	0	0	9	0	6	38	0	0	0	35	0	0	0	0	6	0.52	inf
-1	0	0	4	-4	2	4	-2	-1	-4	-3	1	-2	-4	-2	1	-1	-4	-3	-3	0	0	0	28	0	13	42	0	0	0	0	7	0	0	0	10	0	0	0	0	0.58	inf
1	-2	-2	-2	-1	-1	0	-2	-2	1	1	-2	1	-1	-2	-1	0	-3	-2	2	23	0	0	0	0	0	12	0	0	6	16	0	4	0	0	0	3	0	0	35	0.16	inf
-3	-3	-3	-4	-3	-3	-3	-4	-1	1	1	-3	0	6	-4	-3	-2	1	5	-1	0	0	0	0	0	0	0	0	0	9	8	0	0	58	0	0	0	0	25	0	0.74	inf
-2	3	1	1	-4	1	5	-2	-1	-4	-3	2	-2	-4	-2	-1	-1	-4	-3	-3	0	19	9	0	0	0	64	0	0	0	0	7	0	0	0	0	0	0	0	0	0.65	inf
-1	-1	2	2	-4	1	4	-2	3	-3	-2	0	-2	-3	-2	0	-1	-3	-2	-3	0	0	13	8	0	0	56	0	9	0	6	0	0	0	0	7	0	0	0	0	0.49	inf
0	-3	-4	-4	1	-3	-3	-3	-3	1	4	-3	1	2	-3	-2	-2	-2	0	0	12	0	0	0	4	0	0	0	0	0	69	0	0	14	0	0	0	0	0	0	0.39	inf
-3	-3	-4	-4	-3	-3	-4	-4	-1	-1	1	-3	0	7	-4	-3	-3	1	4	-1	0	0	0	0	0	0	0	0	0	0	9	0	0	72	0	0	0	0	18	0	0.90	inf
0	2	-1	-2	-2	1	-1	-2	-2	0	1	0	0	-2	-2	1	2	-3	-2	1	0	18	0	0	0	6	0	0	0	6	18	3	0	0	0	19	17	0	0	14	0.13	inf
-1	1	-1	-2	-2	2	-1	-3	-1	-2	-1	-1	-1	4	-3	1	1	0	3	-2	0	9	0	0	0	14	0	0	0	0	0	0	0	34	0	12	15	0	16	0	0.30	inf
4	-2	-1	-2	-1	-1	-1	3	-2	-2	-2	-1	-2	-3	-2	1	-1	-3	-3	-1	68	0	0	0	0	0	0	22	0	0	0	0	0	0	0	10	0	0	0	0	0.50	inf
2	-4	-3	-4	9	-3	-3	-2	-3	-2	-2	-3	-2	-3	-3	-1	-1	-3	-3	-1	26	0	0	0	74	0	0	0	0	0	0	0	0	0	0	0	0	0	0	0	1.27	inf
-2	-3	-3	-2	-4	-2	-2	-3	-3	-4	-4	-2	-3	-5	8	-2	-2	-5	-4	-3	0	0	0	0	0	0	0	0	0	0	0	0	0	0	100	0	0	0	0	0	2.34	inf
-1	4	-1	-1	-4	1	0	-2	-1	-3	-3	5	-2	-4	-2	-1	-1	-4	-2	-3	0	27	0	0	0	0	0	0	0	0	0	73	0	0	0	0	0	0	0	0	0.74	inf
-3	-4	-4	-4	3	-4	-4	-4	-2	-1	0	-4	-1	7	-4	-3	-3	0	3	-1	0	0	0	0	10	0	0	0	0	0	0	0	0	82	0	0	0	0	8	0	0.98	inf
-1	-3	-4	-4	-2	-3	-3	-4	-3	4	3	-3	2	0	-3	-3	-1	-3	-2	3	0	0	0	0	0	0	0	0	0	40	39	0	3	0	0	0	0	0	0	19	0.43	inf
0	-1	1	-1	3	1	-1	1	-1	-3	-3	-1	-2	-3	-2	4	1	-3	-2	-2	0	0	8	0	9	7	0	10	0	0	0	0	0	0	0	60	6	0	0	0	0.40	inf
0	-3	-3	-2	-3	-2	-2	-3	-3	-2	-3	-2	-3	-4	8	-1	-2	-4	-3	-1	6	0	0	0	0	0	0	0	0	0	0	0	0	0	86	0	0	0	0	8	1.84	inf
-1	-2	1	-2	2	-2	-2	-2	-2	1	0	-2	0	1	-2	0	2	-2	-1	2	1	0	14	0	7	0	0	0	0	3	1	0	0	10	0	0	25	0	0	36	0.16	inf
-1	-2	-2	-2	-2	-2	-2	-2	-2	-1	0	-1	-1	-3	6	0	1	-3	-3	0	1	0	0	0	0	0	0	0	0	0	10	0	0	0	58	6	13	0	0	9	0.98	inf
0	-2	-2	-2	-3	-2	-2	-2	-3	-2	-2	-2	-2	-3	7	-1	-1	-4	-3	0	10	0	0	0	0	0	0	0	0	0	1	0	0	0	72	0	0	0	0	13	1.38	inf
1	-1	2	2	-2	-1	0	-1	-1	-1	-2	-1	-1	-1	3	0	-1	-2	1	0	14	1	17	19	0	1	1	1	0	1	1	1	0	1	16	1	1	0	10	13	0.21	inf
0	-2	-2	-2	-2	-2	-2	-2	0	0	0	-2	-1	4	0	-1	-1	1	5	-1	9	1	1	1	0	1	1	1	0	11	1	1	0	26	4	5	1	0	35	1	0.35	inf
-1	-2	0	5	-4	0	3	0	1	-4	-4	-1	-3	-4	-2	1	-1	-4	-3	-3	0	0	0	55	0	0	23	7	6	0	0	0	0	0	0	10	0	0	0	0	0.65	inf
1	-1	3	3	-2	-1	0	2	-1	-3	-3	0	-2	-3	2	0	-1	-3	-3	-2	19	0	24	20	0	0	0	22	0	0	0	3	0	0	10	0	0	0	0	0	0.38	inf
0	-1	-1	-2	-1	1	-1	-2	-1	0	-1	-1	0	1	3	-1	-1	-1	-1	2	10	1	1	1	1	11	2	2	1	1	2	2	1	11	20	2	2	0	1	29	0.19	inf
-1	-1	1	-1	-2	1	0	-1	3	0	-1	0	1	0	1	0	0	-1	0	-1	2	2	11	2	1	11	5	2	16	8	3	2	8	7	6	10	2	0	1	2	0.09	inf
1	-2	-2	0	-2	-1	1	0	-2	-2	-2	-1	-2	-3	6	-1	-1	-3	-3	0	13	0	0	4	0	0	11	7	0	0	1	0	0	0	51	0	0	0	0	10	0.83	inf
0	-1	4	3	-3	0	2	0	-1	-3	-3	-1	-2	-3	-2	0	1	-3	-2	-2	6	0	34	24	0	0	15	7	0	0	0	0	0	0	0	0	10	0	0	0	0.41	inf
0	-1	-1	-2	-2	1	-1	-2	0	0	0	-1	0	1	2	-1	-1	0	4	1	11	1	1	1	0	13	1	2	0	1	11	1	0	1	9	2	1	0	28	14	0.16	inf
1	-1	3	-1	-2	-1	-1	-1	2	-1	0	-1	-1	-2	2	0	0	-3	-1	0	17	1	26	1	0	1	1	1	9	1	11	1	0	0	9	7	1	0	0	15	0.14	inf
0	1	-1	-2	-2	0	0	-2	-1	1	0	3	0	-2	-1	-1	-1	-3	-2	1	9	5	1	1	0	1	1	1	0	13	11	45	0	0	1	1	1	0	0	10	0.16	inf
0	-2	0	6	-4	0	3	-2	-1	-4	-4	-1	-3	-4	-2	-1	-1	-4	-3	-3	9	0	0	62	0	0	29	0	0	0	0	0	0	0	0	0	0	0	0	0	0.79	inf
1	-2	-2	-2	-3	-1	1	-2	-2	-3	-3	-1	-3	-4	7	-1	-1	-4	-3	-3	15	0	0	0	0	0	9	0	0	0	0	0	0	0	76	0	0	0	0	0	1.56	inf
-1	-2	-2	-3	-2	-2	-2	-3	2	1	2	-2	2	2	-3	0	1	-2	0	1	0	0	0	0	0	0	0	0	10	9	29	0	7	13	0	9	14	0	0	9	0.15	inf
-1	1	0	2	-3	3	3	-2	-1	-2	0	1	-1	-2	-2	-1	-1	-3	-2	-2	0	10	4	9	0	17	35	0	0	0	18	7	0	0	0	0	0	0	0	0	0.32	inf
-2	3	-1	-2	-3	2	-1	-3	7	-2	0	0	-1	-2	-3	-1	-2	-3	0	-3	0	30	0	0	0	9	0	0	47	0	14	0	0	0	0	0	0	0	0	0	0.59	inf
-2	0	0	-1	-4	6	1	-3	6	-4	-3	0	-1	-3	-2	-1	-2	-3	-1	-3	0	0	0	0	0	64	0	0	36	0	0	0	0	0	0	0	0	0	0	0	0.89	inf
-2	-3	-3	-4	2	-2	-3	-4	-3	1	4	-3	1	0	-3	-2	1	-2	-2	0	0	0	0	0	6	0	0	0	0	3	75	0	0	0	0	0	16	0	0	0	0.43	inf
0	2	2	0	-3	2	2	-1	-1	-3	-2	2	0	-3	-2	2	0	-3	-2	-2	6	9	13	0	0	10	18	0	0	0	0	20	4	0	0	22	0	0	0	0	0.30	inf
0	-3	-3	-3	-1	-2	-3	-3	-3	3	2	-2	1	-1	-3	-1	-1	-3	-2	3	6	0	0	0	0	0	0	0	0	15	28	0	0	0	0	6	0	0	0	45	0.30	inf
-3	-4	-4	-4	-3	-4	-4	-4	-2	-1	0	-4	-1	8	-5	-3	-3	0	3	-2	0	0	0	0	0	0	0	0	0	0	0	0	0	100	0	0	0	0	0	0	1.25	inf
-1	-1	-3	-3	-2	-1	-2	-3	-2	1	3	0	6	-1	-3	-1	-1	-2	-2	0	3	0	0	0	0	0	0	0	0	0	36	9	46	0	0	6	0	0	0	0	0.37	inf
-1	-1	1	4	-3	2	3	-2	-1	-2	-3	0	-2	-3	-2	1	-1	-4	-3	-1	0	0	4	38	0	9	28	0	0	0	0	0	0	0	0	14	0	0	0	7	0.49	inf
-1	-1	0	3	-4	1	5	0	-1	-4	-4	0	-3	-4	-2	-1	-1	-4	-3	-3	0	0	0	20	0	0	73	6	0	0	0	0	0	0	0	0	0	0	0	0	0.79	inf
1	-3	-3	-4	-1	-3	-3	-3	-4	3	0	-3	0	-1	-3	-2	-1	-3	-2	5	9	0	0	0	0	0	0	0	0	12	0	0	0	0	0	0	0	0	0	78	0.48	inf
0	3	-1	-1	-3	3	2	-2	-1	-3	-3	4	-2	-3	-2	0	0	-3	-2	-2	4	14	0	0	0	17	12	0	0	0	0	46	0	0	0	0	7	0	0	0	0.46	inf
0	0	2	-1	-2	5	1	-2	0	-3	-3	0	-1	-3	-2	1	2	-3	-2	-2	8	0	16	0	0	47	0	0	0	0	0	0	0	0	0	12	17	0	0	0	0.43	inf
-1	0	2	-1	-3	5	1	-2	-1	-1	0	0	-1	-3	-2	0	1	-3	-2	0	0	0	15	0	0	55	0	0	0	0	9	0	0	0	0	0	13	0	0	8	0.40	inf
0	-1	-2	-2	-2	2	-1	-2	-2	1	1	0	3	-1	-2	1	-1	-2	-2	0	9	0	0	0	0	15	0	0	0	16	18	7	21	0	0	14	0	0	0	0	0.13	inf
0	-1	-1	0	-2	1	0	0	-1	-1	1	-1	2	0	-2	0	-1	4	1	-1	6	0	0	7	0	9	7	8	0	0	19	0	14	3	0	12	0	9	6	0	0.12	inf
-1	-2	1	-2	-2	-2	-2	-3	-2	1	3	-2	1	-1	-3	0	0	-3	-2	1	0	0	14	0	0	0	0	0	0	4	55	0	0	0	0	12	7	0	0	8	0.22	inf
1	-2	1	-1	-2	-1	-1	1	-2	-3	-3	-1	-2	-4	6	1	1	-4	-3	-2	12	0	8	0	0	0	0	9	0	0	0	0	0	0	52	9	10	0	0	0	0.92	inf
-1	-1	2	-1	-2	1	-1	0	-2	0	-1	-1	-1	-3	-2	0	4	-3	-2	1	0	0	12	0	0	9	0	8	0	6	0	0	0	0	0	0	53	0	0	11	0.29	inf
-1	-3	-3	-3	-1	-3	-3	-4	-3	4	2	-3	2	-1	-3	-2	0	-3	-2	3	0	0	0	0	0	0	0	0	0	45	19	0	8	0	0	0	7	0	0	20	0.36	inf
-2	6	-1	-2	-4	1	0	-3	-1	-4	-3	3	-2	-4	-2	-1	-2	-3	-2	-3	0	76	0	0	0	0	0	0	0	0	0	24	0	0	0	0	0	0	0	0	0.89	inf
0	-1	2	-1	-2	-1	-1	2	-1	-3	-3	-1	-2	-3	-2	5	1	-3	-2	-3	0	0	8	0	0	0	0	12	0	0	0	0	0	0	0	80	0	0	0	0	0.57	inf
-3	-3	-3	-4	-3	-2	-3	-4	1	-1	0	-3	-1	4	-4	-3	-2	1	7	-2	0	0	0	0	0	0	0	0	0	0	8	0	0	14	0	0	0	0	78	0	1.05	inf
-2	-3	-4	-4	-2	-3	-4	-4	-3	2	5	-3	2	0	-4	-3	-2	-2	-2	1	0	0	0	0	0	0	0	0	0	10	90	0	0	0	0	0	0	0	0	0	0.63	inf
-1	3	1	-1	-3	1	0	-2	-1	-3	-3	5	-2	-4	-2	0	1	-4	-2	-3	0	17	7	0	0	0	0	0	0	0	0	66	0	0	0	0	10	0	0	0	0.56	inf
-2	-3	-4	-4	-2	-3	-4	-4	-3	1	5	-3	2	0	-4	-3	-2	-2	-2	0	0	0	0	0	0	0	0	0	0	0	100	0	0	0	0	0	0	0	0	0	0.71	inf
-3	-3	-3	-4	-3	-2	-3	-4	1	-2	-2	-3	-2	2	-4	-3	-2	2	8	-2	0	0	0	0	0	0	0	0	0	0	0	0	0	0	0	0	0	0	100	0	1.45	inf
0	-2	-1	-2	-1	-1	-1	-2	-2	-1	-2	-1	-1	-3	-2	2	5	-3	-2	-1	7	0	0	0	0	0	0	0	0	0	0	0	0	0	0	10	83	0	0	0	0.65	inf
-1	1	-1	-2	-2	-1	-1	-2	-2	-2	-2	-1	-1	-3	-2	2	5	-3	-2	-1	0	9	0	0	0	0	0	0	0	0	0	0	0	0	0	8	82	0	0	0	0.63	inf
-2	-2	-3	-4	-2	-2	-3	-4	-3	2	3	-2	6	0	-3	-3	-1	-2	-2	1	0	0	0	0	0	0	0	0	0	18	32	0	50	0	0	0	0	0	0	0	0.53	inf
-1	-2	0	4	-3	-1	0	0	-2	-3	-4	1	-3	-4	5	0	-1	-4	-3	-3	0	0	0	36	0	0	0	6	0	0	0	9	0	0	40	10	0	0	0	0	0.83	inf
0	-2	-3	-3	-1	-2	-3	-3	-3	2	3	-2	1	-1	-3	-1	1	-3	-2	2	8	0	0	0	0	0	0	0	0	18	45	0	0	0	0	0	18	0	0	11	0.27	inf
2	1	-1	0	-2	2	1	0	-1	-2	-2	2	0	-3	-2	0	-1	-3	-2	-2	29	6	0	6	0	13	9	7	0	0	3	24	3	0	0	0	0	0	0	0	0.21	inf
-1	2	-1	-1	-4	1	0	-2	-1	-3	-3	6	-2	-4	-2	-1	-1	-4	-3	-3	0	0	0	0	0	0	0	0	0	0	0	100	0	0	0	0	0	0	0	0	0.88	inf
-2	-3	-4	-4	-2	-3	-4	-4	-3	1	5	-3	2	0	-4	-3	-2	-2	-2	0	0	0	0	0	0	0	0	0	0	0	100	0	0	0	0	0	0	0	0	0	0.71	inf
5	-2	-2	-2	-1	-1	-1	0	-2	-2	-2	-1	-2	-3	-1	1	-1	-3	-2	-1	100	0	0	0	0	0	0	0	0	0	0	0	0	0	0	0	0	0	0	0	0.69	inf
1	-1	0	-1	-2	-1	-1	4	-2	-3	-3	1	-2	-3	-2	3	0	-3	-3	-2	13	0	0	0	0	0	0	39	0	0	0	9	0	0	0	39	0	0	0	0	0.47	inf
-3	-4	-4	-4	-3	-4	-4	-4	-2	-1	1	-4	0	7	-4	-3	-3	0	2	-1	0	0	0	0	0	0	0	0	0	0	10	0	0	90	0	0	0	0	0	0	1.05	inf
-1	-2	-3	-4	-2	-2	-3	-4	-3	2	4	-2	4	0	-3	-1	-1	-2	-2	1	0	0	0	0	0	0	0	0	0	7	65	0	19	0	0	8	0	0	0	0	0.43	inf
-2	-1	0	5	-4	2	3	-2	-1	-2	-3	0	-2	-4	-2	0	-1	-4	-3	-1	0	0	0	52	0	10	27	0	0	0	0	0	0	0	0	3	0	0	0	8	0.63	inf
-1	-1	-2	-3	-1	-2	-2	-3	0	2	1	-2	2	-1	1	0	0	-3	-1	2	0	3	0	0	0	0	0	0	3	15	15	0	7	0	7	8	7	0	0	33	0.17	inf
-1	-1	1	4	-3	0	2	0	-1	-2	-3	1	-2	-3	-2	1	1	-4	-3	-2	0	0	7	33	0	0	12	8	0	3	0	12	0	0	0	9	15	0	0	0	0.33	inf
1	-2	-1	1	-3	0	3	-2	-2	-2	-3	-1	-2	-3	5	-1	-1	-4	-3	0	14	0	0	6	0	0	33	0	0	0	0	0	0	0	37	0	0	0	0	9	0.68	inf
0	-1	0	0	-3	3	4	-2	-1	-3	-3	0	-2	-4	2	0	-1	-3	-2	-3	11	0	4	0	0	16	57	0	0	0	0	0	0	0	9	4	0	0	0	0	0.57	inf
-1	0	0	4	-4	2	3	-2	-1	-3	-3	1	-2	-4	-2	0	0	-4	-3	-3	0	0	0	37	0	12	31	0	0	0	0	9	0	0	0	6	4	0	0	0	0.56	inf
-2	-3	-3	-4	-2	-3	-3	0	-3	1	4	-3	1	4	-4	-3	-2	-1	0	0	0	0	0	0	0	0	0	8	0	0	66	0	0	26	0	0	0	0	0	0	0.44	inf
-2	5	-2	-2	-3	0	0	-3	-1	-1	1	1	0	-2	-3	-2	-1	-3	-2	0	0	60	0	0	0	0	8	0	0	0	20	0	0	0	0	0	0	0	0	12	0.43	inf
0	-2	0	-1	1	-1	1	2	-2	1	-1	-1	-1	-2	-2	2	1	-3	-2	0	0	0	4	0	3	0	14	18	0	16	0	0	0	0	0	28	7	0	0	10	0.14	inf
-2	2	-1	-2	-3	3	1	-3	1	-2	-1	2	2	-2	-2	-1	-1	7	-1	-2	0	11	0	0	0	20	8	0	3	0	0	22	15	0	0	0	0	21	0	0	0.49	inf
-2	-3	-4	-4	-2	-3	-3	-4	-3	1	5	-3	2	0	-3	-3	-2	-2	-2	1	0	0	0	0	0	0	0	0	0	0	86	0	6	0	0	0	0	0	0	8	0.59	inf
-2	-2	-3	-3	-2	-2	-3	-4	2	1	4	-2	2	0	-3	-2	0	-2	-1	1	0	0	0	0	0	0	0	0	9	0	66	0	8	0	0	0	10	0	0	7	0.36	inf
0	-2	-2	-2	6	0	-2	-3	-2	0	-1	-2	-1	-2	-2	1	1	-3	-2	2	0	0	0	0	28	8	0	0	0	0	0	0	0	0	0	16	13	0	0	35	0.35	inf
-2	-2	2	-2	-3	0	-2	-3	0	-1	0	-2	1	5	-3	-1	-2	0	4	-1	0	0	18	0	0	8	0	0	0	0	7	0	6	38	0	3	0	0	21	0	0.38	inf
-1	2	-1	-1	-4	1	0	-2	-1	-3	-1	6	-2	-3	-2	-1	-1	-4	-2	-3	0	0	0	0	0	0	0	0	0	0	8	92	0	0	0	0	0	0	0	0	0.70	inf
-2	-1	1	-2	-3	3	-1	-3	7	-2	-1	-1	4	-2	-3	-1	-2	-3	0	-2	0	0	6	0	0	18	0	0	47	0	3	0	27	0	0	0	0	0	0	0	0.58	inf
-1	3	-1	-2	-3	0	0	-2	-1	0	-2	4	-1	-3	-2	0	-1	-3	-2	0	0	21	0	0	0	0	0	0	0	12	0	53	0	0	0	6	0	0	0	8	0.36	inf
-1	-2	1	-2	-2	0	-2	-2	-2	0	2	-1	4	-1	-2	0	1	-2	-2	1	0	0	10	0	0	4	0	0	0	0	18	0	32	0	0	9	14	0	0	12	0.19	inf
-1	4	2	-1	-3	0	0	-2	-1	-3	-2	3	-2	1	-2	0	-1	-3	-1	-3	0	36	12	0	0	0	0	0	0	0	0	33	0	10	0	9	0	0	0	0	0.40	inf
-1	0	4	0	-3	4	2	-2	0	-4	-3	0	-2	-4	-2	1	-1	-3	-2	-3	0	0	37	0	0	37	12	0	0	0	0	0	0	0	0	14	0	0	0	0	0.55	inf
0	-3	-3	-4	-1	-2	-3	-3	-3	2	3	-3	1	0	-3	-2	0	-2	-2	2	8	0	0	0	0	0	0	0	0	16	54	0	0	0	0	0	3	0	0	19	0.34	inf
-1	3	-1	-2	-2	-1	-1	0	-2	1	0	1	0	-2	-2	0	-1	-3	-2	2	0	28	0	0	0	0	0	7	0	0	10	6	0	0	0	9	0	0	0	37	0.14	inf
-2	-2	-2	-3	-3	-2	-2	1	2	-3	-3	-1	-2	0	-3	0	-2	10	1	-3	0	0	0	0	0	0	0	10	10	0	1	7	0	0	0	9	0	60	0	0	1.42	inf
0	-1	0	-1	-1	0	0	-2	-2	-1	-2	1	-1	-3	-1	2	4	-3	-2	0	4	0	0	0	0	0	7	0	0	0	1	10	0	0	0	19	53	0	0	3	0.35	inf
0	0	0	1	-2	0	2	1	-1	-3	-3	2	-2	-2	2	1	-1	-2	1	-2	7	0	0	9	0	0	19	10	0	0	1	19	0	0	10	15	0	0	8	0	0.23	inf
0	-2	1	-1	-3	-2	-2	6	0	-4	-4	-2	-3	-3	-2	-1	-2	-3	-3	-3	1	1	6	1	0	0	1	82	3	1	1	1	0	0	1	1	1	0	0	1	0.92	inf
0	-1	-1	-1	-1	0	0	1	-1	0	-1	0	-1	-2	3	0	1	-2	-1	0	6	2	2	2	1	1	9	12	1	11	3	8	1	1	16	6	15	0	1	2	0.15	inf
0	-1	0	1	-2	0	2	2	-1	-2	-1	-1	-1	-2	-1	2	1	-3	-2	-2	1	1	0	5	0	0	17	20	0	1	8	1	0	0	1	36	9	0	0	1	0.23	inf
1	-2	-2	-2	2	-2	-2	2	-2	0	2	-2	0	-1	2	-1	0	-2	-2	0	16	1	0	1	6	0	1	19	0	1	34	1	0	0	10	1	7	0	0	1	0.16	inf
-1	-2	-3	-3	-1	-2	-2	-3	-2	1	4	-2	2	0	-2	-2	-1	-2	-1	1	1	1	1	1	0	1	1	1	0	1	72	1	7	1	1	1	1	0	1	8	0.36	inf
0	-1	0	5	-4	0	4	-2	2	-4	-4	0	-3	-4	-2	0	-1	-4	-3	-3	10	0	0	48	0	0	37	0	6	0	0	0	0	0	0	0	0	0	0	0	0.67	inf
0	-3	-1	0	2	-2	-2	6	-3	-4	-4	-2	-3	-4	-3	-1	0	-3	-3	-3	0	0	0	6	6	0	0	77	0	0	0	0	0	0	0	0	10	0	0	0	0.86	inf
-1	0	0	2	-3	2	4	-2	-1	-3	-3	2	-2	-4	-2	0	1	-3	-2	-2	4	0	0	6	0	6	57	0	0	0	0	17	0	0	0	0	10	0	0	0	0.54	inf
-2	2	-2	-3	-2	0	-2	-3	-1	1	0	-1	0	3	-1	-2	-1	5	2	0	1	18	0	0	0	5	0	0	0	10	7	0	0	23	4	0	4	10	7	9	0.22	inf
-1	0	1	1	-3	4	1	-2	-1	-1	-2	2	-1	-3	-2	-1	-1	-3	-2	1	0	0	10	6	0	37	6	0	0	0	0	16	0	0	0	0	0	0	0	25	0.28	inf
-1	-1	4	0	-2	-1	-1	-1	2	-2	-2	-1	-2	1	1	3	0	-3	-1	-1	0	0	32	0	0	0	0	0	7	0	0	0	0	10	6	37	0	0	0	8	0.29	inf
1	-1	-1	-2	2	2	-1	1	-2	-1	-2	-1	-1	-3	-2	1	3	-3	-2	0	12	0	0	0	7	16	0	14	0	0	0	0	0	0	0	11	30	0	0	10	0.22	inf
0	-1	2	1	-2	-1	-1	-1	-1	-2	-1	-1	-1	-3	-2	3	2	-3	-2	-2	0	0	15	10	0	0	0	0	0	0	10	0	0	0	0	53	13	0	0	0	0.33	inf
-1	-1	2	5	-4	0	4	-2	-1	-4	-4	0	-3	-4	-2	1	-1	-4	-3	-3	0	0	8	48	0	0	34	0	0	0	0	0	0	0	0	10	0	0	0	0	0.70	inf
-1	-3	-4	-4	-2	-3	-3	-4	-3	3	4	-3	1	0	-3	-3	-1	-2	-2	2	0	0	0	0	0	0	0	0	0	16	60	0	0	0	0	0	0	0	0	23	0.46	inf
-3	-2	1	7	-4	-1	1	-2	-2	-4	-5	-1	-4	-4	-2	-1	-2	-5	-4	-4	0	0	0	100	0	0	0	0	0	0	0	0	0	0	0	0	0	0	0	0	1.31	inf
-3	-3	-4	-4	-3	-3	-4	-4	-1	0	0	-3	-1	7	-4	-3	-3	1	5	-1	0	0	0	0	0	0	0	0	0	7	0	0	0	74	0	0	0	0	19	0	0.93	inf
2	-2	-2	-3	-2	-2	-2	-2	0	-1	-2	-2	-1	1	-3	-1	0	1	6	0	26	0	0	0	0	0	0	0	0	0	0	0	0	0	0	0	8	0	60	6	0.59	inf
-1	-3	-4	-4	-2	-3	-3	-4	-4	4	2	-3	2	-1	-3	-3	-1	-3	-2	3	0	0	0	0	0	0	0	0	0	55	16	0	6	0	0	0	0	0	0	22	0.45	inf
-2	-1	1	6	-4	2	2	-2	-1	-4	-4	-1	-3	-4	-2	-1	-2	-4	-3	-4	0	0	0	74	0	13	13	0	0	0	0	0	0	0	0	0	0	0	0	0	0.93	inf
-1	2	1	1	-3	1	0	3	-1	-3	-3	2	-2	-3	-2	0	0	-3	-3	-3	0	11	7	7	0	10	0	34	0	0	0	25	0	0	0	0	6	0	0	0	0.37	inf
-2	-2	1	7	-4	-1	1	-2	-2	-4	-4	-1	-3	-4	-2	-1	0	-5	-4	-3	0	0	3	88	0	0	0	0	0	0	0	0	0	0	0	0	8	0	0	0	1.07	inf
-2	-2	-3	-3	-2	-1	0	-4	-2	1	3	-2	7	-1	-3	-2	-1	-2	-2	0	0	0	0	0	0	0	10	0	0	0	26	0	64	0	0	0	0	0	0	0	0.55	inf
-2	-4	-4	-4	-2	-3	-4	-4	-4	5	1	-3	1	-1	-3	-3	-1	-3	-2	3	0	0	0	0	0	0	0	0	0	86	0	0	0	0	0	0	0	0	0	14	0.64	inf
-2	-1	1	-2	3	-1	-1	-3	8	-1	-3	-2	-2	-2	-3	-2	-2	-3	1	-3	0	0	6	0	10	0	0	0	78	6	0	0	0	0	0	0	0	0	0	0	1.02	inf
-2	-4	-4	-4	-2	-3	-4	-4	-4	5	1	-3	1	-1	-3	-3	-1	-3	-2	3	0	0	0	0	0	0	0	0	0	81	0	0	0	0	0	0	0	0	0	19	0.62	inf
4	-1	-1	-1	-1	-1	1	0	-2	-2	-2	-1	-1	-2	-1	2	0	-3	-2	-1	63	1	0	1	0	0	9	1	0	1	1	1	0	0	1	20	1	0	0	1	0.37	inf
-2	-1	0	5	-4	0	4	-2	-1	-3	-4	0	-3	-4	-2	0	1	-4	-3	-3	0	0	0	50	0	0	40	0	0	0	0	0	0	0	0	0	10	0	0	0	0.75	inf
2	-2	1	-1	-1	-1	-1	-1	-2	-1	-1	-1	2	-2	-2	1	4	-3	-2	-1	19	0	10	0	0	0	0	0	0	0	0	0	10	0	0	6	55	0	0	0	0.36	inf
-1	3	-1	-1	-3	1	0	-2	-1	-3	-3	5	-2	-3	-2	0	2	-3	-2	-2	0	16	0	0	0	0	0	0	0	0	0	66	0	0	0	0	18	0	0	0	0.56	inf
0	-3	-3	-3	-1	-2	-3	0	-3	2	1	-2	1	-1	-3	0	0	-3	-2	4	7	0	0	0	0	0	0	7	0	0	10	0	3	0	0	8	0	0	0	65	0.27	inf
2	-1	-1	0	-2	-1	-1	3	2	-3	-3	0	-2	-2	-2	1	-1	-2	1	-2	22	0	0	5	0	0	0	32	8	0	0	10	0	0	0	14	0	0	10	0	0.29	inf
0	6	-1	-2	-3	0	-1	-2	4	-3	-3	2	-2	-3	-2	-1	-2	-3	-1	-3	10	66	0	0	0	0	0	0	14	0	0	10	0	0	0	0	0	0	0	0	0.67	inf
-1	5	-1	-2	-4	1	0	-2	2	-3	-3	3	-2	-3	-2	0	-1	-3	-2	-3	0	54	0	0	0	0	0	0	6	0	0	29	0	0	0	10	0	0	0	0	0.62	inf
-2	-2	-3	-3	-3	-2	0	-4	0	0	1	-2	0	3	-3	-2	-2	1	6	0	0	0	0	0	0	0	10	0	0	6	19	0	0	7	0	0	0	0	51	6	0.49	inf
1	-3	-1	-2	-2	-2	-2	5	-3	-1	-2	-2	-2	-3	-2	0	1	-3	-3	1	15	0	0	0	0	0	0	56	0	0	0	0	0	0	0	0	10	0	0	19	0.50	inf
-2	-2	1	6	-4	0	3	0	-2	-4	-4	-1	-4	-4	-2	-1	-2	-5	-4	-4	0	0	0	74	0	0	17	8	0	0	0	0	0	0	0	0	0	0	0	0	0.92	inf
-2	-3	-2	0	-3	-2	-2	-3	2	-2	-1	-3	-1	5	-3	0	-2	8	3	-2	0	0	0	10	0	0	0	0	6	0	0	0	0	36	0	10	0	32	6	0	0.84	inf
-3	-3	-4	-4	-3	-4	-4	-4	-1	-1	0	-4	-1	7	-4	-3	-3	1	5	-2	0	0	0	0	0	0	0	0	0	0	0	0	0	81	0	0	0	0	19	0	1.07	inf
-2	-3	-4	-4	-2	-3	-3	-4	-4	4	3	-3	2	0	-3	-3	-1	-3	-2	2	0	0	0	0	0	0	0	0	0	50	38	0	5	0	0	0	0	0	0	7	0.46	inf
-2	6	1	-2	-4	0	-1	-3	-1	-3	-3	2	-2	-3	-3	-1	1	-3	-2	-3	0	74	10	0	0	0	0	0	0	0	0	6	0	0	0	0	10	0	0	0	0.74	inf
0	0	4	0	-3	3	0	-1	2	-3	-3	2	-2	-3	-2	1	0	-3	-2	-3	10	0	40	0	0	20	0	0	6	0	0	14	0	0	0	10	0	0	0	0	0.41	inf
0	-3	-2	-3	-1	-2	-3	-1	-3	3	2	-2	1	-1	-3	0	0	-3	-2	2	8	0	0	0	0	0	0	6	0	47	19	0	0	0	0	10	7	0	0	3	0.20	inf
0	-1	-1	-2	-2	1	-1	-2	2	0	1	-1	2	-1	-2	0	0	-2	1	0	10	0	0	0	0	13	1	1	9	0	24	0	11	0	0	10	6	0	5	7	0.09	inf
-1	4	-1	-1	-3	1	0	-2	-1	-3	-3	5	-2	-3	-2	-1	-1	-3	-2	-3	1	25	0	0	0	0	1	1	0	0	1	67	0	0	0	1	0	0	0	1	0.62	inf
-2	-2	-3	-3	-2	-2	-3	-3	-2	0	2	-2	3	5	-3	-2	-2	0	2	0	1	1	0	1	0	0	1	1	0	1	18	1	21	52	1	1	1	0	0	1	0.44	inf
-1	0	1	1	-3	3	4	-2	2	-2	-2	0	-2	-3	-2	-1	-1	-3	-2	0	0	0	10	6	0	17	46	0	9	0	0	0	0	0	0	0	0	0	0	12	0.40	inf
-1	-1	0	4	-3	1	4	-2	3	-3	-3	0	-2	-3	-2	0	1	-4	-2	-3	0	0	0	33	0	0	41	0	12	0	0	0	0	0	0	0	14	0	0	0	0.52	inf
1	-2	-2	-3	-1	-2	-2	-2	-3	1	2	-2	2	-1	-2	0	0	-2	-1	2	12	0	0	0	0	0	0	0	0	0	37	0	7	0	0	14	0	0	0	29	0.19	inf
0	0	5	1	-3	3	0	-1	0	-3	-3	0	-2	-3	-2	0	0	-4	-2	-3	8	0	67	0	0	25	0	0	0	0	0	0	0	0	0	0	0	0	0	0	0.60	inf
-2	6	-1	1	-4	1	0	-3	-1	-4	-3	2	-2	-3	-2	-1	-2	-3	-2	-3	0	89	0	11	0	0	0	0	0	0	0	0	0	0	0	0	0	0	0	0	0.81	inf
1	2	1	-1	-2	0	0	-1	-1	-1	-2	2	-1	-3	-2	0	2	-3	-2	0	17	14	9	0	0	0	0	0	0	0	0	27	0	0	0	0	20	0	0	13	0.18	inf
-2	-3	-4	-4	-2	-2	-3	-4	-3	1	4	-3	2	0	-3	-3	-1	-2	-1	1	0	0	0	0	0	0	0	0	0	0	100	0	0	0	0	0	0	0	0	0	0.55	inf
-1	1	0	-1	-3	2	1	-2	2	-3	-3	4	-1	-3	-1	0	1	-3	-1	-2	0	0	0	0	0	10	0	0	9	0	0	63	0	0	0	0	18	0	0	0	0.39	inf
0	2	2	0	-2	1	1	-1	-1	-3	-3	3	-2	-3	-1	1	0	-3	-2	-2	10	13	17	0	0	0	12	0	0	0	0	30	0	0	0	18	0	0	0	0	0.30	inf
-2	-3	-3	-4	-2	-2	-3	-4	-3	3	3	-3	3	0	-3	-2	-1	-2	-1	2	0	0	0	0	0	0	0	0	0	34	44	0	21	0	0	0	0	0	0	0	0.38	inf
-1	0	2	-1	-3	0	-1	4	-1	-4	-3	2	-2	-3	3	0	-1	-3	-3	-3	0	0	18	0	0	0	0	43	0	0	0	23	0	0	16	0	0	0	0	0	0.50	inf
0	0	0	-1	-2	4	1	-2	0	-1	-1	0	0	-3	-1	2	0	-3	-2	1	0	0	0	0	0	53	0	0	0	0	0	0	0	0	0	27	0	0	0	20	0.29	inf
1	3	-1	-2	-2	0	-1	-2	-1	1	-1	2	-1	-2	-2	0	-1	-3	-2	0	27	32	0	0	0	0	0	0	0	20	0	21	0	0	0	0	0	0	0	0	0.20	inf
-1	-2	-2	-2	-3	-2	-1	-2	-2	-3	-3	-1	-3	-4	8	-1	-1	-4	-3	-3	0	0	0	0	0	0	0	0	0	0	0	0	0	0	100	0	0	0	0	0	2.09	inf
